/*--------------------------------*- C++ -*----------------------------------*\
| =========                 |                                                 |
| \\      /  F ield         | OpenFOAM: The Open Source CFD Toolbox           |
|  \\    /   O peration     | Version:  2406                                  |
|   \\  /    A nd           | Website:  www.openfoam.com                      |
|    \\/     M anipulation  |                                                 |
\*---------------------------------------------------------------------------*/
FoamFile
{
    version     2.0;
    format      ascii;
    arch        "LSB;label=32;scalar=64";
    class       vectorField;
    location    "constant/polyMesh";
    object      points;
}
// * * * * * * * * * * * * * * * * * * * * * * * * * * * * * * * * * * * * * //


3782
(
(0 0 0)
(0.06833333333 0 0)
(0.1366666667 0 0)
(0.205 0 0)
(0.2733333333 0 0)
(0.3416666667 0 0)
(0.41 0 0)
(0.4783333333 0 0)
(0.5466666667 0 0)
(0.615 0 0)
(0.6833333333 0 0)
(0.7516666667 0 0)
(0.82 0 0)
(0.8883333333 0 0)
(0.9566666667 0 0)
(1.025 0 0)
(1.093333333 0 0)
(1.161666667 0 0)
(1.23 0 0)
(1.298333333 0 0)
(1.366666667 0 0)
(1.435 0 0)
(1.503333333 0 0)
(1.571666667 0 0)
(1.64 0 0)
(1.708333333 0 0)
(1.776666667 0 0)
(1.845 0 0)
(1.913333333 0 0)
(1.981666667 0 0)
(2.05 0 0)
(2.118333333 0 0)
(2.186666667 0 0)
(2.255 0 0)
(2.323333333 0 0)
(2.391666667 0 0)
(2.46 0 0)
(2.528333333 0 0)
(2.596666667 0 0)
(2.665 0 0)
(2.733333333 0 0)
(2.801666667 0 0)
(2.87 0 0)
(2.938333333 0 0)
(3.006666667 0 0)
(3.075 0 0)
(3.143333333 0 0)
(3.211666667 0 0)
(3.28 0 0)
(3.348333333 0 0)
(3.416666667 0 0)
(3.485 0 0)
(3.553333333 0 0)
(3.621666667 0 0)
(3.69 0 0)
(3.758333333 0 0)
(3.826666667 0 0)
(3.895 0 0)
(3.963333333 0 0)
(4.031666667 0 0)
(4.1 0 0)
(0 0.03333333333 0)
(0.06833333333 0.03333333333 0)
(0.1366666667 0.03333333333 0)
(0.205 0.03333333333 0)
(0.2733333333 0.03333333333 0)
(0.3416666667 0.03333333333 0)
(0.41 0.03333333333 0)
(0.4783333333 0.03333333333 0)
(0.5466666667 0.03333333333 0)
(0.615 0.03333333333 0)
(0.6833333333 0.03333333333 0)
(0.7516666667 0.03333333333 0)
(0.82 0.03333333333 0)
(0.8883333333 0.03333333333 0)
(0.9566666667 0.03333333333 0)
(1.025 0.03333333333 0)
(1.093333333 0.03333333333 0)
(1.161666667 0.03333333333 0)
(1.23 0.03333333333 0)
(1.298333333 0.03333333333 0)
(1.366666667 0.03333333333 0)
(1.435 0.03333333333 0)
(1.503333333 0.03333333333 0)
(1.571666667 0.03333333333 0)
(1.64 0.03333333333 0)
(1.708333333 0.03333333333 0)
(1.776666667 0.03333333333 0)
(1.845 0.03333333333 0)
(1.913333333 0.03333333333 0)
(1.981666667 0.03333333333 0)
(2.05 0.03333333333 0)
(2.118333333 0.03333333333 0)
(2.186666667 0.03333333333 0)
(2.255 0.03333333333 0)
(2.323333333 0.03333333333 0)
(2.391666667 0.03333333333 0)
(2.46 0.03333333333 0)
(2.528333333 0.03333333333 0)
(2.596666667 0.03333333333 0)
(2.665 0.03333333333 0)
(2.733333333 0.03333333333 0)
(2.801666667 0.03333333333 0)
(2.87 0.03333333333 0)
(2.938333333 0.03333333333 0)
(3.006666667 0.03333333333 0)
(3.075 0.03333333333 0)
(3.143333333 0.03333333333 0)
(3.211666667 0.03333333333 0)
(3.28 0.03333333333 0)
(3.348333333 0.03333333333 0)
(3.416666667 0.03333333333 0)
(3.485 0.03333333333 0)
(3.553333333 0.03333333333 0)
(3.621666667 0.03333333333 0)
(3.69 0.03333333333 0)
(3.758333333 0.03333333333 0)
(3.826666667 0.03333333333 0)
(3.895 0.03333333333 0)
(3.963333333 0.03333333333 0)
(4.031666667 0.03333333333 0)
(4.1 0.03333333333 0)
(0 0.06666666667 0)
(0.06833333333 0.06666666667 0)
(0.1366666667 0.06666666667 0)
(0.205 0.06666666667 0)
(0.2733333333 0.06666666667 0)
(0.3416666667 0.06666666667 0)
(0.41 0.06666666667 0)
(0.4783333333 0.06666666667 0)
(0.5466666667 0.06666666667 0)
(0.615 0.06666666667 0)
(0.6833333333 0.06666666667 0)
(0.7516666667 0.06666666667 0)
(0.82 0.06666666667 0)
(0.8883333333 0.06666666667 0)
(0.9566666667 0.06666666667 0)
(1.025 0.06666666667 0)
(1.093333333 0.06666666667 0)
(1.161666667 0.06666666667 0)
(1.23 0.06666666667 0)
(1.298333333 0.06666666667 0)
(1.366666667 0.06666666667 0)
(1.435 0.06666666667 0)
(1.503333333 0.06666666667 0)
(1.571666667 0.06666666667 0)
(1.64 0.06666666667 0)
(1.708333333 0.06666666667 0)
(1.776666667 0.06666666667 0)
(1.845 0.06666666667 0)
(1.913333333 0.06666666667 0)
(1.981666667 0.06666666667 0)
(2.05 0.06666666667 0)
(2.118333333 0.06666666667 0)
(2.186666667 0.06666666667 0)
(2.255 0.06666666667 0)
(2.323333333 0.06666666667 0)
(2.391666667 0.06666666667 0)
(2.46 0.06666666667 0)
(2.528333333 0.06666666667 0)
(2.596666667 0.06666666667 0)
(2.665 0.06666666667 0)
(2.733333333 0.06666666667 0)
(2.801666667 0.06666666667 0)
(2.87 0.06666666667 0)
(2.938333333 0.06666666667 0)
(3.006666667 0.06666666667 0)
(3.075 0.06666666667 0)
(3.143333333 0.06666666667 0)
(3.211666667 0.06666666667 0)
(3.28 0.06666666667 0)
(3.348333333 0.06666666667 0)
(3.416666667 0.06666666667 0)
(3.485 0.06666666667 0)
(3.553333333 0.06666666667 0)
(3.621666667 0.06666666667 0)
(3.69 0.06666666667 0)
(3.758333333 0.06666666667 0)
(3.826666667 0.06666666667 0)
(3.895 0.06666666667 0)
(3.963333333 0.06666666667 0)
(4.031666667 0.06666666667 0)
(4.1 0.06666666667 0)
(0 0.1 0)
(0.06833333333 0.1 0)
(0.1366666667 0.1 0)
(0.205 0.1 0)
(0.2733333333 0.1 0)
(0.3416666667 0.1 0)
(0.41 0.1 0)
(0.4783333333 0.1 0)
(0.5466666667 0.1 0)
(0.615 0.1 0)
(0.6833333333 0.1 0)
(0.7516666667 0.1 0)
(0.82 0.1 0)
(0.8883333333 0.1 0)
(0.9566666667 0.1 0)
(1.025 0.1 0)
(1.093333333 0.1 0)
(1.161666667 0.1 0)
(1.23 0.1 0)
(1.298333333 0.1 0)
(1.366666667 0.1 0)
(1.435 0.1 0)
(1.503333333 0.1 0)
(1.571666667 0.1 0)
(1.64 0.1 0)
(1.708333333 0.1 0)
(1.776666667 0.1 0)
(1.845 0.1 0)
(1.913333333 0.1 0)
(1.981666667 0.1 0)
(2.05 0.1 0)
(2.118333333 0.1 0)
(2.186666667 0.1 0)
(2.255 0.1 0)
(2.323333333 0.1 0)
(2.391666667 0.1 0)
(2.46 0.1 0)
(2.528333333 0.1 0)
(2.596666667 0.1 0)
(2.665 0.1 0)
(2.733333333 0.1 0)
(2.801666667 0.1 0)
(2.87 0.1 0)
(2.938333333 0.1 0)
(3.006666667 0.1 0)
(3.075 0.1 0)
(3.143333333 0.1 0)
(3.211666667 0.1 0)
(3.28 0.1 0)
(3.348333333 0.1 0)
(3.416666667 0.1 0)
(3.485 0.1 0)
(3.553333333 0.1 0)
(3.621666667 0.1 0)
(3.69 0.1 0)
(3.758333333 0.1 0)
(3.826666667 0.1 0)
(3.895 0.1 0)
(3.963333333 0.1 0)
(4.031666667 0.1 0)
(4.1 0.1 0)
(0 0.1333333333 0)
(0.06833333333 0.1333333333 0)
(0.1366666667 0.1333333333 0)
(0.205 0.1333333333 0)
(0.2733333333 0.1333333333 0)
(0.3416666667 0.1333333333 0)
(0.41 0.1333333333 0)
(0.4783333333 0.1333333333 0)
(0.5466666667 0.1333333333 0)
(0.615 0.1333333333 0)
(0.6833333333 0.1333333333 0)
(0.7516666667 0.1333333333 0)
(0.82 0.1333333333 0)
(0.8883333333 0.1333333333 0)
(0.9566666667 0.1333333333 0)
(1.025 0.1333333333 0)
(1.093333333 0.1333333333 0)
(1.161666667 0.1333333333 0)
(1.23 0.1333333333 0)
(1.298333333 0.1333333333 0)
(1.366666667 0.1333333333 0)
(1.435 0.1333333333 0)
(1.503333333 0.1333333333 0)
(1.571666667 0.1333333333 0)
(1.64 0.1333333333 0)
(1.708333333 0.1333333333 0)
(1.776666667 0.1333333333 0)
(1.845 0.1333333333 0)
(1.913333333 0.1333333333 0)
(1.981666667 0.1333333333 0)
(2.05 0.1333333333 0)
(2.118333333 0.1333333333 0)
(2.186666667 0.1333333333 0)
(2.255 0.1333333333 0)
(2.323333333 0.1333333333 0)
(2.391666667 0.1333333333 0)
(2.46 0.1333333333 0)
(2.528333333 0.1333333333 0)
(2.596666667 0.1333333333 0)
(2.665 0.1333333333 0)
(2.733333333 0.1333333333 0)
(2.801666667 0.1333333333 0)
(2.87 0.1333333333 0)
(2.938333333 0.1333333333 0)
(3.006666667 0.1333333333 0)
(3.075 0.1333333333 0)
(3.143333333 0.1333333333 0)
(3.211666667 0.1333333333 0)
(3.28 0.1333333333 0)
(3.348333333 0.1333333333 0)
(3.416666667 0.1333333333 0)
(3.485 0.1333333333 0)
(3.553333333 0.1333333333 0)
(3.621666667 0.1333333333 0)
(3.69 0.1333333333 0)
(3.758333333 0.1333333333 0)
(3.826666667 0.1333333333 0)
(3.895 0.1333333333 0)
(3.963333333 0.1333333333 0)
(4.031666667 0.1333333333 0)
(4.1 0.1333333333 0)
(0 0.1666666667 0)
(0.06833333333 0.1666666667 0)
(0.1366666667 0.1666666667 0)
(0.205 0.1666666667 0)
(0.2733333333 0.1666666667 0)
(0.3416666667 0.1666666667 0)
(0.41 0.1666666667 0)
(0.4783333333 0.1666666667 0)
(0.5466666667 0.1666666667 0)
(0.615 0.1666666667 0)
(0.6833333333 0.1666666667 0)
(0.7516666667 0.1666666667 0)
(0.82 0.1666666667 0)
(0.8883333333 0.1666666667 0)
(0.9566666667 0.1666666667 0)
(1.025 0.1666666667 0)
(1.093333333 0.1666666667 0)
(1.161666667 0.1666666667 0)
(1.23 0.1666666667 0)
(1.298333333 0.1666666667 0)
(1.366666667 0.1666666667 0)
(1.435 0.1666666667 0)
(1.503333333 0.1666666667 0)
(1.571666667 0.1666666667 0)
(1.64 0.1666666667 0)
(1.708333333 0.1666666667 0)
(1.776666667 0.1666666667 0)
(1.845 0.1666666667 0)
(1.913333333 0.1666666667 0)
(1.981666667 0.1666666667 0)
(2.05 0.1666666667 0)
(2.118333333 0.1666666667 0)
(2.186666667 0.1666666667 0)
(2.255 0.1666666667 0)
(2.323333333 0.1666666667 0)
(2.391666667 0.1666666667 0)
(2.46 0.1666666667 0)
(2.528333333 0.1666666667 0)
(2.596666667 0.1666666667 0)
(2.665 0.1666666667 0)
(2.733333333 0.1666666667 0)
(2.801666667 0.1666666667 0)
(2.87 0.1666666667 0)
(2.938333333 0.1666666667 0)
(3.006666667 0.1666666667 0)
(3.075 0.1666666667 0)
(3.143333333 0.1666666667 0)
(3.211666667 0.1666666667 0)
(3.28 0.1666666667 0)
(3.348333333 0.1666666667 0)
(3.416666667 0.1666666667 0)
(3.485 0.1666666667 0)
(3.553333333 0.1666666667 0)
(3.621666667 0.1666666667 0)
(3.69 0.1666666667 0)
(3.758333333 0.1666666667 0)
(3.826666667 0.1666666667 0)
(3.895 0.1666666667 0)
(3.963333333 0.1666666667 0)
(4.031666667 0.1666666667 0)
(4.1 0.1666666667 0)
(0 0.2 0)
(0.06833333333 0.2 0)
(0.1366666667 0.2 0)
(0.205 0.2 0)
(0.2733333333 0.2 0)
(0.3416666667 0.2 0)
(0.41 0.2 0)
(0.4783333333 0.2 0)
(0.5466666667 0.2 0)
(0.615 0.2 0)
(0.6833333333 0.2 0)
(0.7516666667 0.2 0)
(0.82 0.2 0)
(0.8883333333 0.2 0)
(0.9566666667 0.2 0)
(1.025 0.2 0)
(1.093333333 0.2 0)
(1.161666667 0.2 0)
(1.23 0.2 0)
(1.298333333 0.2 0)
(1.366666667 0.2 0)
(1.435 0.2 0)
(1.503333333 0.2 0)
(1.571666667 0.2 0)
(1.64 0.2 0)
(1.708333333 0.2 0)
(1.776666667 0.2 0)
(1.845 0.2 0)
(1.913333333 0.2 0)
(1.981666667 0.2 0)
(2.05 0.2 0)
(2.118333333 0.2 0)
(2.186666667 0.2 0)
(2.255 0.2 0)
(2.323333333 0.2 0)
(2.391666667 0.2 0)
(2.46 0.2 0)
(2.528333333 0.2 0)
(2.596666667 0.2 0)
(2.665 0.2 0)
(2.733333333 0.2 0)
(2.801666667 0.2 0)
(2.87 0.2 0)
(2.938333333 0.2 0)
(3.006666667 0.2 0)
(3.075 0.2 0)
(3.143333333 0.2 0)
(3.211666667 0.2 0)
(3.28 0.2 0)
(3.348333333 0.2 0)
(3.416666667 0.2 0)
(3.485 0.2 0)
(3.553333333 0.2 0)
(3.621666667 0.2 0)
(3.69 0.2 0)
(3.758333333 0.2 0)
(3.826666667 0.2 0)
(3.895 0.2 0)
(3.963333333 0.2 0)
(4.031666667 0.2 0)
(4.1 0.2 0)
(0 0.2333333333 0)
(0.06833333333 0.2333333333 0)
(0.1366666667 0.2333333333 0)
(0.205 0.2333333333 0)
(0.2733333333 0.2333333333 0)
(0.3416666667 0.2333333333 0)
(0.41 0.2333333333 0)
(0.4783333333 0.2333333333 0)
(0.5466666667 0.2333333333 0)
(0.615 0.2333333333 0)
(0.6833333333 0.2333333333 0)
(0.7516666667 0.2333333333 0)
(0.82 0.2333333333 0)
(0.8883333333 0.2333333333 0)
(0.9566666667 0.2333333333 0)
(1.025 0.2333333333 0)
(1.093333333 0.2333333333 0)
(1.161666667 0.2333333333 0)
(1.23 0.2333333333 0)
(1.298333333 0.2333333333 0)
(1.366666667 0.2333333333 0)
(1.435 0.2333333333 0)
(1.503333333 0.2333333333 0)
(1.571666667 0.2333333333 0)
(1.64 0.2333333333 0)
(1.708333333 0.2333333333 0)
(1.776666667 0.2333333333 0)
(1.845 0.2333333333 0)
(1.913333333 0.2333333333 0)
(1.981666667 0.2333333333 0)
(2.05 0.2333333333 0)
(2.118333333 0.2333333333 0)
(2.186666667 0.2333333333 0)
(2.255 0.2333333333 0)
(2.323333333 0.2333333333 0)
(2.391666667 0.2333333333 0)
(2.46 0.2333333333 0)
(2.528333333 0.2333333333 0)
(2.596666667 0.2333333333 0)
(2.665 0.2333333333 0)
(2.733333333 0.2333333333 0)
(2.801666667 0.2333333333 0)
(2.87 0.2333333333 0)
(2.938333333 0.2333333333 0)
(3.006666667 0.2333333333 0)
(3.075 0.2333333333 0)
(3.143333333 0.2333333333 0)
(3.211666667 0.2333333333 0)
(3.28 0.2333333333 0)
(3.348333333 0.2333333333 0)
(3.416666667 0.2333333333 0)
(3.485 0.2333333333 0)
(3.553333333 0.2333333333 0)
(3.621666667 0.2333333333 0)
(3.69 0.2333333333 0)
(3.758333333 0.2333333333 0)
(3.826666667 0.2333333333 0)
(3.895 0.2333333333 0)
(3.963333333 0.2333333333 0)
(4.031666667 0.2333333333 0)
(4.1 0.2333333333 0)
(0 0.2666666667 0)
(0.06833333333 0.2666666667 0)
(0.1366666667 0.2666666667 0)
(0.205 0.2666666667 0)
(0.2733333333 0.2666666667 0)
(0.3416666667 0.2666666667 0)
(0.41 0.2666666667 0)
(0.4783333333 0.2666666667 0)
(0.5466666667 0.2666666667 0)
(0.615 0.2666666667 0)
(0.6833333333 0.2666666667 0)
(0.7516666667 0.2666666667 0)
(0.82 0.2666666667 0)
(0.8883333333 0.2666666667 0)
(0.9566666667 0.2666666667 0)
(1.025 0.2666666667 0)
(1.093333333 0.2666666667 0)
(1.161666667 0.2666666667 0)
(1.23 0.2666666667 0)
(1.298333333 0.2666666667 0)
(1.366666667 0.2666666667 0)
(1.435 0.2666666667 0)
(1.503333333 0.2666666667 0)
(1.571666667 0.2666666667 0)
(1.64 0.2666666667 0)
(1.708333333 0.2666666667 0)
(1.776666667 0.2666666667 0)
(1.845 0.2666666667 0)
(1.913333333 0.2666666667 0)
(1.981666667 0.2666666667 0)
(2.05 0.2666666667 0)
(2.118333333 0.2666666667 0)
(2.186666667 0.2666666667 0)
(2.255 0.2666666667 0)
(2.323333333 0.2666666667 0)
(2.391666667 0.2666666667 0)
(2.46 0.2666666667 0)
(2.528333333 0.2666666667 0)
(2.596666667 0.2666666667 0)
(2.665 0.2666666667 0)
(2.733333333 0.2666666667 0)
(2.801666667 0.2666666667 0)
(2.87 0.2666666667 0)
(2.938333333 0.2666666667 0)
(3.006666667 0.2666666667 0)
(3.075 0.2666666667 0)
(3.143333333 0.2666666667 0)
(3.211666667 0.2666666667 0)
(3.28 0.2666666667 0)
(3.348333333 0.2666666667 0)
(3.416666667 0.2666666667 0)
(3.485 0.2666666667 0)
(3.553333333 0.2666666667 0)
(3.621666667 0.2666666667 0)
(3.69 0.2666666667 0)
(3.758333333 0.2666666667 0)
(3.826666667 0.2666666667 0)
(3.895 0.2666666667 0)
(3.963333333 0.2666666667 0)
(4.031666667 0.2666666667 0)
(4.1 0.2666666667 0)
(0 0.3 0)
(0.06833333333 0.3 0)
(0.1366666667 0.3 0)
(0.205 0.3 0)
(0.2733333333 0.3 0)
(0.3416666667 0.3 0)
(0.41 0.3 0)
(0.4783333333 0.3 0)
(0.5466666667 0.3 0)
(0.615 0.3 0)
(0.6833333333 0.3 0)
(0.7516666667 0.3 0)
(0.82 0.3 0)
(0.8883333333 0.3 0)
(0.9566666667 0.3 0)
(1.025 0.3 0)
(1.093333333 0.3 0)
(1.161666667 0.3 0)
(1.23 0.3 0)
(1.298333333 0.3 0)
(1.366666667 0.3 0)
(1.435 0.3 0)
(1.503333333 0.3 0)
(1.571666667 0.3 0)
(1.64 0.3 0)
(1.708333333 0.3 0)
(1.776666667 0.3 0)
(1.845 0.3 0)
(1.913333333 0.3 0)
(1.981666667 0.3 0)
(2.05 0.3 0)
(2.118333333 0.3 0)
(2.186666667 0.3 0)
(2.255 0.3 0)
(2.323333333 0.3 0)
(2.391666667 0.3 0)
(2.46 0.3 0)
(2.528333333 0.3 0)
(2.596666667 0.3 0)
(2.665 0.3 0)
(2.733333333 0.3 0)
(2.801666667 0.3 0)
(2.87 0.3 0)
(2.938333333 0.3 0)
(3.006666667 0.3 0)
(3.075 0.3 0)
(3.143333333 0.3 0)
(3.211666667 0.3 0)
(3.28 0.3 0)
(3.348333333 0.3 0)
(3.416666667 0.3 0)
(3.485 0.3 0)
(3.553333333 0.3 0)
(3.621666667 0.3 0)
(3.69 0.3 0)
(3.758333333 0.3 0)
(3.826666667 0.3 0)
(3.895 0.3 0)
(3.963333333 0.3 0)
(4.031666667 0.3 0)
(4.1 0.3 0)
(0 0.3333333333 0)
(0.06833333333 0.3333333333 0)
(0.1366666667 0.3333333333 0)
(0.205 0.3333333333 0)
(0.2733333333 0.3333333333 0)
(0.3416666667 0.3333333333 0)
(0.41 0.3333333333 0)
(0.4783333333 0.3333333333 0)
(0.5466666667 0.3333333333 0)
(0.615 0.3333333333 0)
(0.6833333333 0.3333333333 0)
(0.7516666667 0.3333333333 0)
(0.82 0.3333333333 0)
(0.8883333333 0.3333333333 0)
(0.9566666667 0.3333333333 0)
(1.025 0.3333333333 0)
(1.093333333 0.3333333333 0)
(1.161666667 0.3333333333 0)
(1.23 0.3333333333 0)
(1.298333333 0.3333333333 0)
(1.366666667 0.3333333333 0)
(1.435 0.3333333333 0)
(1.503333333 0.3333333333 0)
(1.571666667 0.3333333333 0)
(1.64 0.3333333333 0)
(1.708333333 0.3333333333 0)
(1.776666667 0.3333333333 0)
(1.845 0.3333333333 0)
(1.913333333 0.3333333333 0)
(1.981666667 0.3333333333 0)
(2.05 0.3333333333 0)
(2.118333333 0.3333333333 0)
(2.186666667 0.3333333333 0)
(2.255 0.3333333333 0)
(2.323333333 0.3333333333 0)
(2.391666667 0.3333333333 0)
(2.46 0.3333333333 0)
(2.528333333 0.3333333333 0)
(2.596666667 0.3333333333 0)
(2.665 0.3333333333 0)
(2.733333333 0.3333333333 0)
(2.801666667 0.3333333333 0)
(2.87 0.3333333333 0)
(2.938333333 0.3333333333 0)
(3.006666667 0.3333333333 0)
(3.075 0.3333333333 0)
(3.143333333 0.3333333333 0)
(3.211666667 0.3333333333 0)
(3.28 0.3333333333 0)
(3.348333333 0.3333333333 0)
(3.416666667 0.3333333333 0)
(3.485 0.3333333333 0)
(3.553333333 0.3333333333 0)
(3.621666667 0.3333333333 0)
(3.69 0.3333333333 0)
(3.758333333 0.3333333333 0)
(3.826666667 0.3333333333 0)
(3.895 0.3333333333 0)
(3.963333333 0.3333333333 0)
(4.031666667 0.3333333333 0)
(4.1 0.3333333333 0)
(0 0.3666666667 0)
(0.06833333333 0.3666666667 0)
(0.1366666667 0.3666666667 0)
(0.205 0.3666666667 0)
(0.2733333333 0.3666666667 0)
(0.3416666667 0.3666666667 0)
(0.41 0.3666666667 0)
(0.4783333333 0.3666666667 0)
(0.5466666667 0.3666666667 0)
(0.615 0.3666666667 0)
(0.6833333333 0.3666666667 0)
(0.7516666667 0.3666666667 0)
(0.82 0.3666666667 0)
(0.8883333333 0.3666666667 0)
(0.9566666667 0.3666666667 0)
(1.025 0.3666666667 0)
(1.093333333 0.3666666667 0)
(1.161666667 0.3666666667 0)
(1.23 0.3666666667 0)
(1.298333333 0.3666666667 0)
(1.366666667 0.3666666667 0)
(1.435 0.3666666667 0)
(1.503333333 0.3666666667 0)
(1.571666667 0.3666666667 0)
(1.64 0.3666666667 0)
(1.708333333 0.3666666667 0)
(1.776666667 0.3666666667 0)
(1.845 0.3666666667 0)
(1.913333333 0.3666666667 0)
(1.981666667 0.3666666667 0)
(2.05 0.3666666667 0)
(2.118333333 0.3666666667 0)
(2.186666667 0.3666666667 0)
(2.255 0.3666666667 0)
(2.323333333 0.3666666667 0)
(2.391666667 0.3666666667 0)
(2.46 0.3666666667 0)
(2.528333333 0.3666666667 0)
(2.596666667 0.3666666667 0)
(2.665 0.3666666667 0)
(2.733333333 0.3666666667 0)
(2.801666667 0.3666666667 0)
(2.87 0.3666666667 0)
(2.938333333 0.3666666667 0)
(3.006666667 0.3666666667 0)
(3.075 0.3666666667 0)
(3.143333333 0.3666666667 0)
(3.211666667 0.3666666667 0)
(3.28 0.3666666667 0)
(3.348333333 0.3666666667 0)
(3.416666667 0.3666666667 0)
(3.485 0.3666666667 0)
(3.553333333 0.3666666667 0)
(3.621666667 0.3666666667 0)
(3.69 0.3666666667 0)
(3.758333333 0.3666666667 0)
(3.826666667 0.3666666667 0)
(3.895 0.3666666667 0)
(3.963333333 0.3666666667 0)
(4.031666667 0.3666666667 0)
(4.1 0.3666666667 0)
(0 0.4 0)
(0.06833333333 0.4 0)
(0.1366666667 0.4 0)
(0.205 0.4 0)
(0.2733333333 0.4 0)
(0.3416666667 0.4 0)
(0.41 0.4 0)
(0.4783333333 0.4 0)
(0.5466666667 0.4 0)
(0.615 0.4 0)
(0.6833333333 0.4 0)
(0.7516666667 0.4 0)
(0.82 0.4 0)
(0.8883333333 0.4 0)
(0.9566666667 0.4 0)
(1.025 0.4 0)
(1.093333333 0.4 0)
(1.161666667 0.4 0)
(1.23 0.4 0)
(1.298333333 0.4 0)
(1.366666667 0.4 0)
(1.435 0.4 0)
(1.503333333 0.4 0)
(1.571666667 0.4 0)
(1.64 0.4 0)
(1.708333333 0.4 0)
(1.776666667 0.4 0)
(1.845 0.4 0)
(1.913333333 0.4 0)
(1.981666667 0.4 0)
(2.05 0.4 0)
(2.118333333 0.4 0)
(2.186666667 0.4 0)
(2.255 0.4 0)
(2.323333333 0.4 0)
(2.391666667 0.4 0)
(2.46 0.4 0)
(2.528333333 0.4 0)
(2.596666667 0.4 0)
(2.665 0.4 0)
(2.733333333 0.4 0)
(2.801666667 0.4 0)
(2.87 0.4 0)
(2.938333333 0.4 0)
(3.006666667 0.4 0)
(3.075 0.4 0)
(3.143333333 0.4 0)
(3.211666667 0.4 0)
(3.28 0.4 0)
(3.348333333 0.4 0)
(3.416666667 0.4 0)
(3.485 0.4 0)
(3.553333333 0.4 0)
(3.621666667 0.4 0)
(3.69 0.4 0)
(3.758333333 0.4 0)
(3.826666667 0.4 0)
(3.895 0.4 0)
(3.963333333 0.4 0)
(4.031666667 0.4 0)
(4.1 0.4 0)
(0 0.4333333333 0)
(0.06833333333 0.4333333333 0)
(0.1366666667 0.4333333333 0)
(0.205 0.4333333333 0)
(0.2733333333 0.4333333333 0)
(0.3416666667 0.4333333333 0)
(0.41 0.4333333333 0)
(0.4783333333 0.4333333333 0)
(0.5466666667 0.4333333333 0)
(0.615 0.4333333333 0)
(0.6833333333 0.4333333333 0)
(0.7516666667 0.4333333333 0)
(0.82 0.4333333333 0)
(0.8883333333 0.4333333333 0)
(0.9566666667 0.4333333333 0)
(1.025 0.4333333333 0)
(1.093333333 0.4333333333 0)
(1.161666667 0.4333333333 0)
(1.23 0.4333333333 0)
(1.298333333 0.4333333333 0)
(1.366666667 0.4333333333 0)
(1.435 0.4333333333 0)
(1.503333333 0.4333333333 0)
(1.571666667 0.4333333333 0)
(1.64 0.4333333333 0)
(1.708333333 0.4333333333 0)
(1.776666667 0.4333333333 0)
(1.845 0.4333333333 0)
(1.913333333 0.4333333333 0)
(1.981666667 0.4333333333 0)
(2.05 0.4333333333 0)
(2.118333333 0.4333333333 0)
(2.186666667 0.4333333333 0)
(2.255 0.4333333333 0)
(2.323333333 0.4333333333 0)
(2.391666667 0.4333333333 0)
(2.46 0.4333333333 0)
(2.528333333 0.4333333333 0)
(2.596666667 0.4333333333 0)
(2.665 0.4333333333 0)
(2.733333333 0.4333333333 0)
(2.801666667 0.4333333333 0)
(2.87 0.4333333333 0)
(2.938333333 0.4333333333 0)
(3.006666667 0.4333333333 0)
(3.075 0.4333333333 0)
(3.143333333 0.4333333333 0)
(3.211666667 0.4333333333 0)
(3.28 0.4333333333 0)
(3.348333333 0.4333333333 0)
(3.416666667 0.4333333333 0)
(3.485 0.4333333333 0)
(3.553333333 0.4333333333 0)
(3.621666667 0.4333333333 0)
(3.69 0.4333333333 0)
(3.758333333 0.4333333333 0)
(3.826666667 0.4333333333 0)
(3.895 0.4333333333 0)
(3.963333333 0.4333333333 0)
(4.031666667 0.4333333333 0)
(4.1 0.4333333333 0)
(0 0.4666666667 0)
(0.06833333333 0.4666666667 0)
(0.1366666667 0.4666666667 0)
(0.205 0.4666666667 0)
(0.2733333333 0.4666666667 0)
(0.3416666667 0.4666666667 0)
(0.41 0.4666666667 0)
(0.4783333333 0.4666666667 0)
(0.5466666667 0.4666666667 0)
(0.615 0.4666666667 0)
(0.6833333333 0.4666666667 0)
(0.7516666667 0.4666666667 0)
(0.82 0.4666666667 0)
(0.8883333333 0.4666666667 0)
(0.9566666667 0.4666666667 0)
(1.025 0.4666666667 0)
(1.093333333 0.4666666667 0)
(1.161666667 0.4666666667 0)
(1.23 0.4666666667 0)
(1.298333333 0.4666666667 0)
(1.366666667 0.4666666667 0)
(1.435 0.4666666667 0)
(1.503333333 0.4666666667 0)
(1.571666667 0.4666666667 0)
(1.64 0.4666666667 0)
(1.708333333 0.4666666667 0)
(1.776666667 0.4666666667 0)
(1.845 0.4666666667 0)
(1.913333333 0.4666666667 0)
(1.981666667 0.4666666667 0)
(2.05 0.4666666667 0)
(2.118333333 0.4666666667 0)
(2.186666667 0.4666666667 0)
(2.255 0.4666666667 0)
(2.323333333 0.4666666667 0)
(2.391666667 0.4666666667 0)
(2.46 0.4666666667 0)
(2.528333333 0.4666666667 0)
(2.596666667 0.4666666667 0)
(2.665 0.4666666667 0)
(2.733333333 0.4666666667 0)
(2.801666667 0.4666666667 0)
(2.87 0.4666666667 0)
(2.938333333 0.4666666667 0)
(3.006666667 0.4666666667 0)
(3.075 0.4666666667 0)
(3.143333333 0.4666666667 0)
(3.211666667 0.4666666667 0)
(3.28 0.4666666667 0)
(3.348333333 0.4666666667 0)
(3.416666667 0.4666666667 0)
(3.485 0.4666666667 0)
(3.553333333 0.4666666667 0)
(3.621666667 0.4666666667 0)
(3.69 0.4666666667 0)
(3.758333333 0.4666666667 0)
(3.826666667 0.4666666667 0)
(3.895 0.4666666667 0)
(3.963333333 0.4666666667 0)
(4.031666667 0.4666666667 0)
(4.1 0.4666666667 0)
(0 0.5 0)
(0.06833333333 0.5 0)
(0.1366666667 0.5 0)
(0.205 0.5 0)
(0.2733333333 0.5 0)
(0.3416666667 0.5 0)
(0.41 0.5 0)
(0.4783333333 0.5 0)
(0.5466666667 0.5 0)
(0.615 0.5 0)
(0.6833333333 0.5 0)
(0.7516666667 0.5 0)
(0.82 0.5 0)
(0.8883333333 0.5 0)
(0.9566666667 0.5 0)
(1.025 0.5 0)
(1.093333333 0.5 0)
(1.161666667 0.5 0)
(1.23 0.5 0)
(1.298333333 0.5 0)
(1.366666667 0.5 0)
(1.435 0.5 0)
(1.503333333 0.5 0)
(1.571666667 0.5 0)
(1.64 0.5 0)
(1.708333333 0.5 0)
(1.776666667 0.5 0)
(1.845 0.5 0)
(1.913333333 0.5 0)
(1.981666667 0.5 0)
(2.05 0.5 0)
(2.118333333 0.5 0)
(2.186666667 0.5 0)
(2.255 0.5 0)
(2.323333333 0.5 0)
(2.391666667 0.5 0)
(2.46 0.5 0)
(2.528333333 0.5 0)
(2.596666667 0.5 0)
(2.665 0.5 0)
(2.733333333 0.5 0)
(2.801666667 0.5 0)
(2.87 0.5 0)
(2.938333333 0.5 0)
(3.006666667 0.5 0)
(3.075 0.5 0)
(3.143333333 0.5 0)
(3.211666667 0.5 0)
(3.28 0.5 0)
(3.348333333 0.5 0)
(3.416666667 0.5 0)
(3.485 0.5 0)
(3.553333333 0.5 0)
(3.621666667 0.5 0)
(3.69 0.5 0)
(3.758333333 0.5 0)
(3.826666667 0.5 0)
(3.895 0.5 0)
(3.963333333 0.5 0)
(4.031666667 0.5 0)
(4.1 0.5 0)
(0 0.5333333333 0)
(0.06833333333 0.5333333333 0)
(0.1366666667 0.5333333333 0)
(0.205 0.5333333333 0)
(0.2733333333 0.5333333333 0)
(0.3416666667 0.5333333333 0)
(0.41 0.5333333333 0)
(0.4783333333 0.5333333333 0)
(0.5466666667 0.5333333333 0)
(0.615 0.5333333333 0)
(0.6833333333 0.5333333333 0)
(0.7516666667 0.5333333333 0)
(0.82 0.5333333333 0)
(0.8883333333 0.5333333333 0)
(0.9566666667 0.5333333333 0)
(1.025 0.5333333333 0)
(1.093333333 0.5333333333 0)
(1.161666667 0.5333333333 0)
(1.23 0.5333333333 0)
(1.298333333 0.5333333333 0)
(1.366666667 0.5333333333 0)
(1.435 0.5333333333 0)
(1.503333333 0.5333333333 0)
(1.571666667 0.5333333333 0)
(1.64 0.5333333333 0)
(1.708333333 0.5333333333 0)
(1.776666667 0.5333333333 0)
(1.845 0.5333333333 0)
(1.913333333 0.5333333333 0)
(1.981666667 0.5333333333 0)
(2.05 0.5333333333 0)
(2.118333333 0.5333333333 0)
(2.186666667 0.5333333333 0)
(2.255 0.5333333333 0)
(2.323333333 0.5333333333 0)
(2.391666667 0.5333333333 0)
(2.46 0.5333333333 0)
(2.528333333 0.5333333333 0)
(2.596666667 0.5333333333 0)
(2.665 0.5333333333 0)
(2.733333333 0.5333333333 0)
(2.801666667 0.5333333333 0)
(2.87 0.5333333333 0)
(2.938333333 0.5333333333 0)
(3.006666667 0.5333333333 0)
(3.075 0.5333333333 0)
(3.143333333 0.5333333333 0)
(3.211666667 0.5333333333 0)
(3.28 0.5333333333 0)
(3.348333333 0.5333333333 0)
(3.416666667 0.5333333333 0)
(3.485 0.5333333333 0)
(3.553333333 0.5333333333 0)
(3.621666667 0.5333333333 0)
(3.69 0.5333333333 0)
(3.758333333 0.5333333333 0)
(3.826666667 0.5333333333 0)
(3.895 0.5333333333 0)
(3.963333333 0.5333333333 0)
(4.031666667 0.5333333333 0)
(4.1 0.5333333333 0)
(0 0.5666666667 0)
(0.06833333333 0.5666666667 0)
(0.1366666667 0.5666666667 0)
(0.205 0.5666666667 0)
(0.2733333333 0.5666666667 0)
(0.3416666667 0.5666666667 0)
(0.41 0.5666666667 0)
(0.4783333333 0.5666666667 0)
(0.5466666667 0.5666666667 0)
(0.615 0.5666666667 0)
(0.6833333333 0.5666666667 0)
(0.7516666667 0.5666666667 0)
(0.82 0.5666666667 0)
(0.8883333333 0.5666666667 0)
(0.9566666667 0.5666666667 0)
(1.025 0.5666666667 0)
(1.093333333 0.5666666667 0)
(1.161666667 0.5666666667 0)
(1.23 0.5666666667 0)
(1.298333333 0.5666666667 0)
(1.366666667 0.5666666667 0)
(1.435 0.5666666667 0)
(1.503333333 0.5666666667 0)
(1.571666667 0.5666666667 0)
(1.64 0.5666666667 0)
(1.708333333 0.5666666667 0)
(1.776666667 0.5666666667 0)
(1.845 0.5666666667 0)
(1.913333333 0.5666666667 0)
(1.981666667 0.5666666667 0)
(2.05 0.5666666667 0)
(2.118333333 0.5666666667 0)
(2.186666667 0.5666666667 0)
(2.255 0.5666666667 0)
(2.323333333 0.5666666667 0)
(2.391666667 0.5666666667 0)
(2.46 0.5666666667 0)
(2.528333333 0.5666666667 0)
(2.596666667 0.5666666667 0)
(2.665 0.5666666667 0)
(2.733333333 0.5666666667 0)
(2.801666667 0.5666666667 0)
(2.87 0.5666666667 0)
(2.938333333 0.5666666667 0)
(3.006666667 0.5666666667 0)
(3.075 0.5666666667 0)
(3.143333333 0.5666666667 0)
(3.211666667 0.5666666667 0)
(3.28 0.5666666667 0)
(3.348333333 0.5666666667 0)
(3.416666667 0.5666666667 0)
(3.485 0.5666666667 0)
(3.553333333 0.5666666667 0)
(3.621666667 0.5666666667 0)
(3.69 0.5666666667 0)
(3.758333333 0.5666666667 0)
(3.826666667 0.5666666667 0)
(3.895 0.5666666667 0)
(3.963333333 0.5666666667 0)
(4.031666667 0.5666666667 0)
(4.1 0.5666666667 0)
(0 0.6 0)
(0.06833333333 0.6 0)
(0.1366666667 0.6 0)
(0.205 0.6 0)
(0.2733333333 0.6 0)
(0.3416666667 0.6 0)
(0.41 0.6 0)
(0.4783333333 0.6 0)
(0.5466666667 0.6 0)
(0.615 0.6 0)
(0.6833333333 0.6 0)
(0.7516666667 0.6 0)
(0.82 0.6 0)
(0.8883333333 0.6 0)
(0.9566666667 0.6 0)
(1.025 0.6 0)
(1.093333333 0.6 0)
(1.161666667 0.6 0)
(1.23 0.6 0)
(1.298333333 0.6 0)
(1.366666667 0.6 0)
(1.435 0.6 0)
(1.503333333 0.6 0)
(1.571666667 0.6 0)
(1.64 0.6 0)
(1.708333333 0.6 0)
(1.776666667 0.6 0)
(1.845 0.6 0)
(1.913333333 0.6 0)
(1.981666667 0.6 0)
(2.05 0.6 0)
(2.118333333 0.6 0)
(2.186666667 0.6 0)
(2.255 0.6 0)
(2.323333333 0.6 0)
(2.391666667 0.6 0)
(2.46 0.6 0)
(2.528333333 0.6 0)
(2.596666667 0.6 0)
(2.665 0.6 0)
(2.733333333 0.6 0)
(2.801666667 0.6 0)
(2.87 0.6 0)
(2.938333333 0.6 0)
(3.006666667 0.6 0)
(3.075 0.6 0)
(3.143333333 0.6 0)
(3.211666667 0.6 0)
(3.28 0.6 0)
(3.348333333 0.6 0)
(3.416666667 0.6 0)
(3.485 0.6 0)
(3.553333333 0.6 0)
(3.621666667 0.6 0)
(3.69 0.6 0)
(3.758333333 0.6 0)
(3.826666667 0.6 0)
(3.895 0.6 0)
(3.963333333 0.6 0)
(4.031666667 0.6 0)
(4.1 0.6 0)
(0 0.6333333333 0)
(0.06833333333 0.6333333333 0)
(0.1366666667 0.6333333333 0)
(0.205 0.6333333333 0)
(0.2733333333 0.6333333333 0)
(0.3416666667 0.6333333333 0)
(0.41 0.6333333333 0)
(0.4783333333 0.6333333333 0)
(0.5466666667 0.6333333333 0)
(0.615 0.6333333333 0)
(0.6833333333 0.6333333333 0)
(0.7516666667 0.6333333333 0)
(0.82 0.6333333333 0)
(0.8883333333 0.6333333333 0)
(0.9566666667 0.6333333333 0)
(1.025 0.6333333333 0)
(1.093333333 0.6333333333 0)
(1.161666667 0.6333333333 0)
(1.23 0.6333333333 0)
(1.298333333 0.6333333333 0)
(1.366666667 0.6333333333 0)
(1.435 0.6333333333 0)
(1.503333333 0.6333333333 0)
(1.571666667 0.6333333333 0)
(1.64 0.6333333333 0)
(1.708333333 0.6333333333 0)
(1.776666667 0.6333333333 0)
(1.845 0.6333333333 0)
(1.913333333 0.6333333333 0)
(1.981666667 0.6333333333 0)
(2.05 0.6333333333 0)
(2.118333333 0.6333333333 0)
(2.186666667 0.6333333333 0)
(2.255 0.6333333333 0)
(2.323333333 0.6333333333 0)
(2.391666667 0.6333333333 0)
(2.46 0.6333333333 0)
(2.528333333 0.6333333333 0)
(2.596666667 0.6333333333 0)
(2.665 0.6333333333 0)
(2.733333333 0.6333333333 0)
(2.801666667 0.6333333333 0)
(2.87 0.6333333333 0)
(2.938333333 0.6333333333 0)
(3.006666667 0.6333333333 0)
(3.075 0.6333333333 0)
(3.143333333 0.6333333333 0)
(3.211666667 0.6333333333 0)
(3.28 0.6333333333 0)
(3.348333333 0.6333333333 0)
(3.416666667 0.6333333333 0)
(3.485 0.6333333333 0)
(3.553333333 0.6333333333 0)
(3.621666667 0.6333333333 0)
(3.69 0.6333333333 0)
(3.758333333 0.6333333333 0)
(3.826666667 0.6333333333 0)
(3.895 0.6333333333 0)
(3.963333333 0.6333333333 0)
(4.031666667 0.6333333333 0)
(4.1 0.6333333333 0)
(0 0.6666666667 0)
(0.06833333333 0.6666666667 0)
(0.1366666667 0.6666666667 0)
(0.205 0.6666666667 0)
(0.2733333333 0.6666666667 0)
(0.3416666667 0.6666666667 0)
(0.41 0.6666666667 0)
(0.4783333333 0.6666666667 0)
(0.5466666667 0.6666666667 0)
(0.615 0.6666666667 0)
(0.6833333333 0.6666666667 0)
(0.7516666667 0.6666666667 0)
(0.82 0.6666666667 0)
(0.8883333333 0.6666666667 0)
(0.9566666667 0.6666666667 0)
(1.025 0.6666666667 0)
(1.093333333 0.6666666667 0)
(1.161666667 0.6666666667 0)
(1.23 0.6666666667 0)
(1.298333333 0.6666666667 0)
(1.366666667 0.6666666667 0)
(1.435 0.6666666667 0)
(1.503333333 0.6666666667 0)
(1.571666667 0.6666666667 0)
(1.64 0.6666666667 0)
(1.708333333 0.6666666667 0)
(1.776666667 0.6666666667 0)
(1.845 0.6666666667 0)
(1.913333333 0.6666666667 0)
(1.981666667 0.6666666667 0)
(2.05 0.6666666667 0)
(2.118333333 0.6666666667 0)
(2.186666667 0.6666666667 0)
(2.255 0.6666666667 0)
(2.323333333 0.6666666667 0)
(2.391666667 0.6666666667 0)
(2.46 0.6666666667 0)
(2.528333333 0.6666666667 0)
(2.596666667 0.6666666667 0)
(2.665 0.6666666667 0)
(2.733333333 0.6666666667 0)
(2.801666667 0.6666666667 0)
(2.87 0.6666666667 0)
(2.938333333 0.6666666667 0)
(3.006666667 0.6666666667 0)
(3.075 0.6666666667 0)
(3.143333333 0.6666666667 0)
(3.211666667 0.6666666667 0)
(3.28 0.6666666667 0)
(3.348333333 0.6666666667 0)
(3.416666667 0.6666666667 0)
(3.485 0.6666666667 0)
(3.553333333 0.6666666667 0)
(3.621666667 0.6666666667 0)
(3.69 0.6666666667 0)
(3.758333333 0.6666666667 0)
(3.826666667 0.6666666667 0)
(3.895 0.6666666667 0)
(3.963333333 0.6666666667 0)
(4.031666667 0.6666666667 0)
(4.1 0.6666666667 0)
(0 0.7 0)
(0.06833333333 0.7 0)
(0.1366666667 0.7 0)
(0.205 0.7 0)
(0.2733333333 0.7 0)
(0.3416666667 0.7 0)
(0.41 0.7 0)
(0.4783333333 0.7 0)
(0.5466666667 0.7 0)
(0.615 0.7 0)
(0.6833333333 0.7 0)
(0.7516666667 0.7 0)
(0.82 0.7 0)
(0.8883333333 0.7 0)
(0.9566666667 0.7 0)
(1.025 0.7 0)
(1.093333333 0.7 0)
(1.161666667 0.7 0)
(1.23 0.7 0)
(1.298333333 0.7 0)
(1.366666667 0.7 0)
(1.435 0.7 0)
(1.503333333 0.7 0)
(1.571666667 0.7 0)
(1.64 0.7 0)
(1.708333333 0.7 0)
(1.776666667 0.7 0)
(1.845 0.7 0)
(1.913333333 0.7 0)
(1.981666667 0.7 0)
(2.05 0.7 0)
(2.118333333 0.7 0)
(2.186666667 0.7 0)
(2.255 0.7 0)
(2.323333333 0.7 0)
(2.391666667 0.7 0)
(2.46 0.7 0)
(2.528333333 0.7 0)
(2.596666667 0.7 0)
(2.665 0.7 0)
(2.733333333 0.7 0)
(2.801666667 0.7 0)
(2.87 0.7 0)
(2.938333333 0.7 0)
(3.006666667 0.7 0)
(3.075 0.7 0)
(3.143333333 0.7 0)
(3.211666667 0.7 0)
(3.28 0.7 0)
(3.348333333 0.7 0)
(3.416666667 0.7 0)
(3.485 0.7 0)
(3.553333333 0.7 0)
(3.621666667 0.7 0)
(3.69 0.7 0)
(3.758333333 0.7 0)
(3.826666667 0.7 0)
(3.895 0.7 0)
(3.963333333 0.7 0)
(4.031666667 0.7 0)
(4.1 0.7 0)
(0 0.7333333333 0)
(0.06833333333 0.7333333333 0)
(0.1366666667 0.7333333333 0)
(0.205 0.7333333333 0)
(0.2733333333 0.7333333333 0)
(0.3416666667 0.7333333333 0)
(0.41 0.7333333333 0)
(0.4783333333 0.7333333333 0)
(0.5466666667 0.7333333333 0)
(0.615 0.7333333333 0)
(0.6833333333 0.7333333333 0)
(0.7516666667 0.7333333333 0)
(0.82 0.7333333333 0)
(0.8883333333 0.7333333333 0)
(0.9566666667 0.7333333333 0)
(1.025 0.7333333333 0)
(1.093333333 0.7333333333 0)
(1.161666667 0.7333333333 0)
(1.23 0.7333333333 0)
(1.298333333 0.7333333333 0)
(1.366666667 0.7333333333 0)
(1.435 0.7333333333 0)
(1.503333333 0.7333333333 0)
(1.571666667 0.7333333333 0)
(1.64 0.7333333333 0)
(1.708333333 0.7333333333 0)
(1.776666667 0.7333333333 0)
(1.845 0.7333333333 0)
(1.913333333 0.7333333333 0)
(1.981666667 0.7333333333 0)
(2.05 0.7333333333 0)
(2.118333333 0.7333333333 0)
(2.186666667 0.7333333333 0)
(2.255 0.7333333333 0)
(2.323333333 0.7333333333 0)
(2.391666667 0.7333333333 0)
(2.46 0.7333333333 0)
(2.528333333 0.7333333333 0)
(2.596666667 0.7333333333 0)
(2.665 0.7333333333 0)
(2.733333333 0.7333333333 0)
(2.801666667 0.7333333333 0)
(2.87 0.7333333333 0)
(2.938333333 0.7333333333 0)
(3.006666667 0.7333333333 0)
(3.075 0.7333333333 0)
(3.143333333 0.7333333333 0)
(3.211666667 0.7333333333 0)
(3.28 0.7333333333 0)
(3.348333333 0.7333333333 0)
(3.416666667 0.7333333333 0)
(3.485 0.7333333333 0)
(3.553333333 0.7333333333 0)
(3.621666667 0.7333333333 0)
(3.69 0.7333333333 0)
(3.758333333 0.7333333333 0)
(3.826666667 0.7333333333 0)
(3.895 0.7333333333 0)
(3.963333333 0.7333333333 0)
(4.031666667 0.7333333333 0)
(4.1 0.7333333333 0)
(0 0.7666666667 0)
(0.06833333333 0.7666666667 0)
(0.1366666667 0.7666666667 0)
(0.205 0.7666666667 0)
(0.2733333333 0.7666666667 0)
(0.3416666667 0.7666666667 0)
(0.41 0.7666666667 0)
(0.4783333333 0.7666666667 0)
(0.5466666667 0.7666666667 0)
(0.615 0.7666666667 0)
(0.6833333333 0.7666666667 0)
(0.7516666667 0.7666666667 0)
(0.82 0.7666666667 0)
(0.8883333333 0.7666666667 0)
(0.9566666667 0.7666666667 0)
(1.025 0.7666666667 0)
(1.093333333 0.7666666667 0)
(1.161666667 0.7666666667 0)
(1.23 0.7666666667 0)
(1.298333333 0.7666666667 0)
(1.366666667 0.7666666667 0)
(1.435 0.7666666667 0)
(1.503333333 0.7666666667 0)
(1.571666667 0.7666666667 0)
(1.64 0.7666666667 0)
(1.708333333 0.7666666667 0)
(1.776666667 0.7666666667 0)
(1.845 0.7666666667 0)
(1.913333333 0.7666666667 0)
(1.981666667 0.7666666667 0)
(2.05 0.7666666667 0)
(2.118333333 0.7666666667 0)
(2.186666667 0.7666666667 0)
(2.255 0.7666666667 0)
(2.323333333 0.7666666667 0)
(2.391666667 0.7666666667 0)
(2.46 0.7666666667 0)
(2.528333333 0.7666666667 0)
(2.596666667 0.7666666667 0)
(2.665 0.7666666667 0)
(2.733333333 0.7666666667 0)
(2.801666667 0.7666666667 0)
(2.87 0.7666666667 0)
(2.938333333 0.7666666667 0)
(3.006666667 0.7666666667 0)
(3.075 0.7666666667 0)
(3.143333333 0.7666666667 0)
(3.211666667 0.7666666667 0)
(3.28 0.7666666667 0)
(3.348333333 0.7666666667 0)
(3.416666667 0.7666666667 0)
(3.485 0.7666666667 0)
(3.553333333 0.7666666667 0)
(3.621666667 0.7666666667 0)
(3.69 0.7666666667 0)
(3.758333333 0.7666666667 0)
(3.826666667 0.7666666667 0)
(3.895 0.7666666667 0)
(3.963333333 0.7666666667 0)
(4.031666667 0.7666666667 0)
(4.1 0.7666666667 0)
(0 0.8 0)
(0.06833333333 0.8 0)
(0.1366666667 0.8 0)
(0.205 0.8 0)
(0.2733333333 0.8 0)
(0.3416666667 0.8 0)
(0.41 0.8 0)
(0.4783333333 0.8 0)
(0.5466666667 0.8 0)
(0.615 0.8 0)
(0.6833333333 0.8 0)
(0.7516666667 0.8 0)
(0.82 0.8 0)
(0.8883333333 0.8 0)
(0.9566666667 0.8 0)
(1.025 0.8 0)
(1.093333333 0.8 0)
(1.161666667 0.8 0)
(1.23 0.8 0)
(1.298333333 0.8 0)
(1.366666667 0.8 0)
(1.435 0.8 0)
(1.503333333 0.8 0)
(1.571666667 0.8 0)
(1.64 0.8 0)
(1.708333333 0.8 0)
(1.776666667 0.8 0)
(1.845 0.8 0)
(1.913333333 0.8 0)
(1.981666667 0.8 0)
(2.05 0.8 0)
(2.118333333 0.8 0)
(2.186666667 0.8 0)
(2.255 0.8 0)
(2.323333333 0.8 0)
(2.391666667 0.8 0)
(2.46 0.8 0)
(2.528333333 0.8 0)
(2.596666667 0.8 0)
(2.665 0.8 0)
(2.733333333 0.8 0)
(2.801666667 0.8 0)
(2.87 0.8 0)
(2.938333333 0.8 0)
(3.006666667 0.8 0)
(3.075 0.8 0)
(3.143333333 0.8 0)
(3.211666667 0.8 0)
(3.28 0.8 0)
(3.348333333 0.8 0)
(3.416666667 0.8 0)
(3.485 0.8 0)
(3.553333333 0.8 0)
(3.621666667 0.8 0)
(3.69 0.8 0)
(3.758333333 0.8 0)
(3.826666667 0.8 0)
(3.895 0.8 0)
(3.963333333 0.8 0)
(4.031666667 0.8 0)
(4.1 0.8 0)
(0 0.8333333333 0)
(0.06833333333 0.8333333333 0)
(0.1366666667 0.8333333333 0)
(0.205 0.8333333333 0)
(0.2733333333 0.8333333333 0)
(0.3416666667 0.8333333333 0)
(0.41 0.8333333333 0)
(0.4783333333 0.8333333333 0)
(0.5466666667 0.8333333333 0)
(0.615 0.8333333333 0)
(0.6833333333 0.8333333333 0)
(0.7516666667 0.8333333333 0)
(0.82 0.8333333333 0)
(0.8883333333 0.8333333333 0)
(0.9566666667 0.8333333333 0)
(1.025 0.8333333333 0)
(1.093333333 0.8333333333 0)
(1.161666667 0.8333333333 0)
(1.23 0.8333333333 0)
(1.298333333 0.8333333333 0)
(1.366666667 0.8333333333 0)
(1.435 0.8333333333 0)
(1.503333333 0.8333333333 0)
(1.571666667 0.8333333333 0)
(1.64 0.8333333333 0)
(1.708333333 0.8333333333 0)
(1.776666667 0.8333333333 0)
(1.845 0.8333333333 0)
(1.913333333 0.8333333333 0)
(1.981666667 0.8333333333 0)
(2.05 0.8333333333 0)
(2.118333333 0.8333333333 0)
(2.186666667 0.8333333333 0)
(2.255 0.8333333333 0)
(2.323333333 0.8333333333 0)
(2.391666667 0.8333333333 0)
(2.46 0.8333333333 0)
(2.528333333 0.8333333333 0)
(2.596666667 0.8333333333 0)
(2.665 0.8333333333 0)
(2.733333333 0.8333333333 0)
(2.801666667 0.8333333333 0)
(2.87 0.8333333333 0)
(2.938333333 0.8333333333 0)
(3.006666667 0.8333333333 0)
(3.075 0.8333333333 0)
(3.143333333 0.8333333333 0)
(3.211666667 0.8333333333 0)
(3.28 0.8333333333 0)
(3.348333333 0.8333333333 0)
(3.416666667 0.8333333333 0)
(3.485 0.8333333333 0)
(3.553333333 0.8333333333 0)
(3.621666667 0.8333333333 0)
(3.69 0.8333333333 0)
(3.758333333 0.8333333333 0)
(3.826666667 0.8333333333 0)
(3.895 0.8333333333 0)
(3.963333333 0.8333333333 0)
(4.031666667 0.8333333333 0)
(4.1 0.8333333333 0)
(0 0.8666666667 0)
(0.06833333333 0.8666666667 0)
(0.1366666667 0.8666666667 0)
(0.205 0.8666666667 0)
(0.2733333333 0.8666666667 0)
(0.3416666667 0.8666666667 0)
(0.41 0.8666666667 0)
(0.4783333333 0.8666666667 0)
(0.5466666667 0.8666666667 0)
(0.615 0.8666666667 0)
(0.6833333333 0.8666666667 0)
(0.7516666667 0.8666666667 0)
(0.82 0.8666666667 0)
(0.8883333333 0.8666666667 0)
(0.9566666667 0.8666666667 0)
(1.025 0.8666666667 0)
(1.093333333 0.8666666667 0)
(1.161666667 0.8666666667 0)
(1.23 0.8666666667 0)
(1.298333333 0.8666666667 0)
(1.366666667 0.8666666667 0)
(1.435 0.8666666667 0)
(1.503333333 0.8666666667 0)
(1.571666667 0.8666666667 0)
(1.64 0.8666666667 0)
(1.708333333 0.8666666667 0)
(1.776666667 0.8666666667 0)
(1.845 0.8666666667 0)
(1.913333333 0.8666666667 0)
(1.981666667 0.8666666667 0)
(2.05 0.8666666667 0)
(2.118333333 0.8666666667 0)
(2.186666667 0.8666666667 0)
(2.255 0.8666666667 0)
(2.323333333 0.8666666667 0)
(2.391666667 0.8666666667 0)
(2.46 0.8666666667 0)
(2.528333333 0.8666666667 0)
(2.596666667 0.8666666667 0)
(2.665 0.8666666667 0)
(2.733333333 0.8666666667 0)
(2.801666667 0.8666666667 0)
(2.87 0.8666666667 0)
(2.938333333 0.8666666667 0)
(3.006666667 0.8666666667 0)
(3.075 0.8666666667 0)
(3.143333333 0.8666666667 0)
(3.211666667 0.8666666667 0)
(3.28 0.8666666667 0)
(3.348333333 0.8666666667 0)
(3.416666667 0.8666666667 0)
(3.485 0.8666666667 0)
(3.553333333 0.8666666667 0)
(3.621666667 0.8666666667 0)
(3.69 0.8666666667 0)
(3.758333333 0.8666666667 0)
(3.826666667 0.8666666667 0)
(3.895 0.8666666667 0)
(3.963333333 0.8666666667 0)
(4.031666667 0.8666666667 0)
(4.1 0.8666666667 0)
(0 0.9 0)
(0.06833333333 0.9 0)
(0.1366666667 0.9 0)
(0.205 0.9 0)
(0.2733333333 0.9 0)
(0.3416666667 0.9 0)
(0.41 0.9 0)
(0.4783333333 0.9 0)
(0.5466666667 0.9 0)
(0.615 0.9 0)
(0.6833333333 0.9 0)
(0.7516666667 0.9 0)
(0.82 0.9 0)
(0.8883333333 0.9 0)
(0.9566666667 0.9 0)
(1.025 0.9 0)
(1.093333333 0.9 0)
(1.161666667 0.9 0)
(1.23 0.9 0)
(1.298333333 0.9 0)
(1.366666667 0.9 0)
(1.435 0.9 0)
(1.503333333 0.9 0)
(1.571666667 0.9 0)
(1.64 0.9 0)
(1.708333333 0.9 0)
(1.776666667 0.9 0)
(1.845 0.9 0)
(1.913333333 0.9 0)
(1.981666667 0.9 0)
(2.05 0.9 0)
(2.118333333 0.9 0)
(2.186666667 0.9 0)
(2.255 0.9 0)
(2.323333333 0.9 0)
(2.391666667 0.9 0)
(2.46 0.9 0)
(2.528333333 0.9 0)
(2.596666667 0.9 0)
(2.665 0.9 0)
(2.733333333 0.9 0)
(2.801666667 0.9 0)
(2.87 0.9 0)
(2.938333333 0.9 0)
(3.006666667 0.9 0)
(3.075 0.9 0)
(3.143333333 0.9 0)
(3.211666667 0.9 0)
(3.28 0.9 0)
(3.348333333 0.9 0)
(3.416666667 0.9 0)
(3.485 0.9 0)
(3.553333333 0.9 0)
(3.621666667 0.9 0)
(3.69 0.9 0)
(3.758333333 0.9 0)
(3.826666667 0.9 0)
(3.895 0.9 0)
(3.963333333 0.9 0)
(4.031666667 0.9 0)
(4.1 0.9 0)
(0 0.9333333333 0)
(0.06833333333 0.9333333333 0)
(0.1366666667 0.9333333333 0)
(0.205 0.9333333333 0)
(0.2733333333 0.9333333333 0)
(0.3416666667 0.9333333333 0)
(0.41 0.9333333333 0)
(0.4783333333 0.9333333333 0)
(0.5466666667 0.9333333333 0)
(0.615 0.9333333333 0)
(0.6833333333 0.9333333333 0)
(0.7516666667 0.9333333333 0)
(0.82 0.9333333333 0)
(0.8883333333 0.9333333333 0)
(0.9566666667 0.9333333333 0)
(1.025 0.9333333333 0)
(1.093333333 0.9333333333 0)
(1.161666667 0.9333333333 0)
(1.23 0.9333333333 0)
(1.298333333 0.9333333333 0)
(1.366666667 0.9333333333 0)
(1.435 0.9333333333 0)
(1.503333333 0.9333333333 0)
(1.571666667 0.9333333333 0)
(1.64 0.9333333333 0)
(1.708333333 0.9333333333 0)
(1.776666667 0.9333333333 0)
(1.845 0.9333333333 0)
(1.913333333 0.9333333333 0)
(1.981666667 0.9333333333 0)
(2.05 0.9333333333 0)
(2.118333333 0.9333333333 0)
(2.186666667 0.9333333333 0)
(2.255 0.9333333333 0)
(2.323333333 0.9333333333 0)
(2.391666667 0.9333333333 0)
(2.46 0.9333333333 0)
(2.528333333 0.9333333333 0)
(2.596666667 0.9333333333 0)
(2.665 0.9333333333 0)
(2.733333333 0.9333333333 0)
(2.801666667 0.9333333333 0)
(2.87 0.9333333333 0)
(2.938333333 0.9333333333 0)
(3.006666667 0.9333333333 0)
(3.075 0.9333333333 0)
(3.143333333 0.9333333333 0)
(3.211666667 0.9333333333 0)
(3.28 0.9333333333 0)
(3.348333333 0.9333333333 0)
(3.416666667 0.9333333333 0)
(3.485 0.9333333333 0)
(3.553333333 0.9333333333 0)
(3.621666667 0.9333333333 0)
(3.69 0.9333333333 0)
(3.758333333 0.9333333333 0)
(3.826666667 0.9333333333 0)
(3.895 0.9333333333 0)
(3.963333333 0.9333333333 0)
(4.031666667 0.9333333333 0)
(4.1 0.9333333333 0)
(0 0.9666666667 0)
(0.06833333333 0.9666666667 0)
(0.1366666667 0.9666666667 0)
(0.205 0.9666666667 0)
(0.2733333333 0.9666666667 0)
(0.3416666667 0.9666666667 0)
(0.41 0.9666666667 0)
(0.4783333333 0.9666666667 0)
(0.5466666667 0.9666666667 0)
(0.615 0.9666666667 0)
(0.6833333333 0.9666666667 0)
(0.7516666667 0.9666666667 0)
(0.82 0.9666666667 0)
(0.8883333333 0.9666666667 0)
(0.9566666667 0.9666666667 0)
(1.025 0.9666666667 0)
(1.093333333 0.9666666667 0)
(1.161666667 0.9666666667 0)
(1.23 0.9666666667 0)
(1.298333333 0.9666666667 0)
(1.366666667 0.9666666667 0)
(1.435 0.9666666667 0)
(1.503333333 0.9666666667 0)
(1.571666667 0.9666666667 0)
(1.64 0.9666666667 0)
(1.708333333 0.9666666667 0)
(1.776666667 0.9666666667 0)
(1.845 0.9666666667 0)
(1.913333333 0.9666666667 0)
(1.981666667 0.9666666667 0)
(2.05 0.9666666667 0)
(2.118333333 0.9666666667 0)
(2.186666667 0.9666666667 0)
(2.255 0.9666666667 0)
(2.323333333 0.9666666667 0)
(2.391666667 0.9666666667 0)
(2.46 0.9666666667 0)
(2.528333333 0.9666666667 0)
(2.596666667 0.9666666667 0)
(2.665 0.9666666667 0)
(2.733333333 0.9666666667 0)
(2.801666667 0.9666666667 0)
(2.87 0.9666666667 0)
(2.938333333 0.9666666667 0)
(3.006666667 0.9666666667 0)
(3.075 0.9666666667 0)
(3.143333333 0.9666666667 0)
(3.211666667 0.9666666667 0)
(3.28 0.9666666667 0)
(3.348333333 0.9666666667 0)
(3.416666667 0.9666666667 0)
(3.485 0.9666666667 0)
(3.553333333 0.9666666667 0)
(3.621666667 0.9666666667 0)
(3.69 0.9666666667 0)
(3.758333333 0.9666666667 0)
(3.826666667 0.9666666667 0)
(3.895 0.9666666667 0)
(3.963333333 0.9666666667 0)
(4.031666667 0.9666666667 0)
(4.1 0.9666666667 0)
(0 1 0)
(0.06833333333 1 0)
(0.1366666667 1 0)
(0.205 1 0)
(0.2733333333 1 0)
(0.3416666667 1 0)
(0.41 1 0)
(0.4783333333 1 0)
(0.5466666667 1 0)
(0.615 1 0)
(0.6833333333 1 0)
(0.7516666667 1 0)
(0.82 1 0)
(0.8883333333 1 0)
(0.9566666667 1 0)
(1.025 1 0)
(1.093333333 1 0)
(1.161666667 1 0)
(1.23 1 0)
(1.298333333 1 0)
(1.366666667 1 0)
(1.435 1 0)
(1.503333333 1 0)
(1.571666667 1 0)
(1.64 1 0)
(1.708333333 1 0)
(1.776666667 1 0)
(1.845 1 0)
(1.913333333 1 0)
(1.981666667 1 0)
(2.05 1 0)
(2.118333333 1 0)
(2.186666667 1 0)
(2.255 1 0)
(2.323333333 1 0)
(2.391666667 1 0)
(2.46 1 0)
(2.528333333 1 0)
(2.596666667 1 0)
(2.665 1 0)
(2.733333333 1 0)
(2.801666667 1 0)
(2.87 1 0)
(2.938333333 1 0)
(3.006666667 1 0)
(3.075 1 0)
(3.143333333 1 0)
(3.211666667 1 0)
(3.28 1 0)
(3.348333333 1 0)
(3.416666667 1 0)
(3.485 1 0)
(3.553333333 1 0)
(3.621666667 1 0)
(3.69 1 0)
(3.758333333 1 0)
(3.826666667 1 0)
(3.895 1 0)
(3.963333333 1 0)
(4.031666667 1 0)
(4.1 1 0)
(0 0 0.1)
(0.06833333333 0 0.1)
(0.1366666667 0 0.1)
(0.205 0 0.1)
(0.2733333333 0 0.1)
(0.3416666667 0 0.1)
(0.41 0 0.1)
(0.4783333333 0 0.1)
(0.5466666667 0 0.1)
(0.615 0 0.1)
(0.6833333333 0 0.1)
(0.7516666667 0 0.1)
(0.82 0 0.1)
(0.8883333333 0 0.1)
(0.9566666667 0 0.1)
(1.025 0 0.1)
(1.093333333 0 0.1)
(1.161666667 0 0.1)
(1.23 0 0.1)
(1.298333333 0 0.1)
(1.366666667 0 0.1)
(1.435 0 0.1)
(1.503333333 0 0.1)
(1.571666667 0 0.1)
(1.64 0 0.1)
(1.708333333 0 0.1)
(1.776666667 0 0.1)
(1.845 0 0.1)
(1.913333333 0 0.1)
(1.981666667 0 0.1)
(2.05 0 0.1)
(2.118333333 0 0.1)
(2.186666667 0 0.1)
(2.255 0 0.1)
(2.323333333 0 0.1)
(2.391666667 0 0.1)
(2.46 0 0.1)
(2.528333333 0 0.1)
(2.596666667 0 0.1)
(2.665 0 0.1)
(2.733333333 0 0.1)
(2.801666667 0 0.1)
(2.87 0 0.1)
(2.938333333 0 0.1)
(3.006666667 0 0.1)
(3.075 0 0.1)
(3.143333333 0 0.1)
(3.211666667 0 0.1)
(3.28 0 0.1)
(3.348333333 0 0.1)
(3.416666667 0 0.1)
(3.485 0 0.1)
(3.553333333 0 0.1)
(3.621666667 0 0.1)
(3.69 0 0.1)
(3.758333333 0 0.1)
(3.826666667 0 0.1)
(3.895 0 0.1)
(3.963333333 0 0.1)
(4.031666667 0 0.1)
(4.1 0 0.1)
(0 0.03333333333 0.1)
(0.06833333333 0.03333333333 0.1)
(0.1366666667 0.03333333333 0.1)
(0.205 0.03333333333 0.1)
(0.2733333333 0.03333333333 0.1)
(0.3416666667 0.03333333333 0.1)
(0.41 0.03333333333 0.1)
(0.4783333333 0.03333333333 0.1)
(0.5466666667 0.03333333333 0.1)
(0.615 0.03333333333 0.1)
(0.6833333333 0.03333333333 0.1)
(0.7516666667 0.03333333333 0.1)
(0.82 0.03333333333 0.1)
(0.8883333333 0.03333333333 0.1)
(0.9566666667 0.03333333333 0.1)
(1.025 0.03333333333 0.1)
(1.093333333 0.03333333333 0.1)
(1.161666667 0.03333333333 0.1)
(1.23 0.03333333333 0.1)
(1.298333333 0.03333333333 0.1)
(1.366666667 0.03333333333 0.1)
(1.435 0.03333333333 0.1)
(1.503333333 0.03333333333 0.1)
(1.571666667 0.03333333333 0.1)
(1.64 0.03333333333 0.1)
(1.708333333 0.03333333333 0.1)
(1.776666667 0.03333333333 0.1)
(1.845 0.03333333333 0.1)
(1.913333333 0.03333333333 0.1)
(1.981666667 0.03333333333 0.1)
(2.05 0.03333333333 0.1)
(2.118333333 0.03333333333 0.1)
(2.186666667 0.03333333333 0.1)
(2.255 0.03333333333 0.1)
(2.323333333 0.03333333333 0.1)
(2.391666667 0.03333333333 0.1)
(2.46 0.03333333333 0.1)
(2.528333333 0.03333333333 0.1)
(2.596666667 0.03333333333 0.1)
(2.665 0.03333333333 0.1)
(2.733333333 0.03333333333 0.1)
(2.801666667 0.03333333333 0.1)
(2.87 0.03333333333 0.1)
(2.938333333 0.03333333333 0.1)
(3.006666667 0.03333333333 0.1)
(3.075 0.03333333333 0.1)
(3.143333333 0.03333333333 0.1)
(3.211666667 0.03333333333 0.1)
(3.28 0.03333333333 0.1)
(3.348333333 0.03333333333 0.1)
(3.416666667 0.03333333333 0.1)
(3.485 0.03333333333 0.1)
(3.553333333 0.03333333333 0.1)
(3.621666667 0.03333333333 0.1)
(3.69 0.03333333333 0.1)
(3.758333333 0.03333333333 0.1)
(3.826666667 0.03333333333 0.1)
(3.895 0.03333333333 0.1)
(3.963333333 0.03333333333 0.1)
(4.031666667 0.03333333333 0.1)
(4.1 0.03333333333 0.1)
(0 0.06666666667 0.1)
(0.06833333333 0.06666666667 0.1)
(0.1366666667 0.06666666667 0.1)
(0.205 0.06666666667 0.1)
(0.2733333333 0.06666666667 0.1)
(0.3416666667 0.06666666667 0.1)
(0.41 0.06666666667 0.1)
(0.4783333333 0.06666666667 0.1)
(0.5466666667 0.06666666667 0.1)
(0.615 0.06666666667 0.1)
(0.6833333333 0.06666666667 0.1)
(0.7516666667 0.06666666667 0.1)
(0.82 0.06666666667 0.1)
(0.8883333333 0.06666666667 0.1)
(0.9566666667 0.06666666667 0.1)
(1.025 0.06666666667 0.1)
(1.093333333 0.06666666667 0.1)
(1.161666667 0.06666666667 0.1)
(1.23 0.06666666667 0.1)
(1.298333333 0.06666666667 0.1)
(1.366666667 0.06666666667 0.1)
(1.435 0.06666666667 0.1)
(1.503333333 0.06666666667 0.1)
(1.571666667 0.06666666667 0.1)
(1.64 0.06666666667 0.1)
(1.708333333 0.06666666667 0.1)
(1.776666667 0.06666666667 0.1)
(1.845 0.06666666667 0.1)
(1.913333333 0.06666666667 0.1)
(1.981666667 0.06666666667 0.1)
(2.05 0.06666666667 0.1)
(2.118333333 0.06666666667 0.1)
(2.186666667 0.06666666667 0.1)
(2.255 0.06666666667 0.1)
(2.323333333 0.06666666667 0.1)
(2.391666667 0.06666666667 0.1)
(2.46 0.06666666667 0.1)
(2.528333333 0.06666666667 0.1)
(2.596666667 0.06666666667 0.1)
(2.665 0.06666666667 0.1)
(2.733333333 0.06666666667 0.1)
(2.801666667 0.06666666667 0.1)
(2.87 0.06666666667 0.1)
(2.938333333 0.06666666667 0.1)
(3.006666667 0.06666666667 0.1)
(3.075 0.06666666667 0.1)
(3.143333333 0.06666666667 0.1)
(3.211666667 0.06666666667 0.1)
(3.28 0.06666666667 0.1)
(3.348333333 0.06666666667 0.1)
(3.416666667 0.06666666667 0.1)
(3.485 0.06666666667 0.1)
(3.553333333 0.06666666667 0.1)
(3.621666667 0.06666666667 0.1)
(3.69 0.06666666667 0.1)
(3.758333333 0.06666666667 0.1)
(3.826666667 0.06666666667 0.1)
(3.895 0.06666666667 0.1)
(3.963333333 0.06666666667 0.1)
(4.031666667 0.06666666667 0.1)
(4.1 0.06666666667 0.1)
(0 0.1 0.1)
(0.06833333333 0.1 0.1)
(0.1366666667 0.1 0.1)
(0.205 0.1 0.1)
(0.2733333333 0.1 0.1)
(0.3416666667 0.1 0.1)
(0.41 0.1 0.1)
(0.4783333333 0.1 0.1)
(0.5466666667 0.1 0.1)
(0.615 0.1 0.1)
(0.6833333333 0.1 0.1)
(0.7516666667 0.1 0.1)
(0.82 0.1 0.1)
(0.8883333333 0.1 0.1)
(0.9566666667 0.1 0.1)
(1.025 0.1 0.1)
(1.093333333 0.1 0.1)
(1.161666667 0.1 0.1)
(1.23 0.1 0.1)
(1.298333333 0.1 0.1)
(1.366666667 0.1 0.1)
(1.435 0.1 0.1)
(1.503333333 0.1 0.1)
(1.571666667 0.1 0.1)
(1.64 0.1 0.1)
(1.708333333 0.1 0.1)
(1.776666667 0.1 0.1)
(1.845 0.1 0.1)
(1.913333333 0.1 0.1)
(1.981666667 0.1 0.1)
(2.05 0.1 0.1)
(2.118333333 0.1 0.1)
(2.186666667 0.1 0.1)
(2.255 0.1 0.1)
(2.323333333 0.1 0.1)
(2.391666667 0.1 0.1)
(2.46 0.1 0.1)
(2.528333333 0.1 0.1)
(2.596666667 0.1 0.1)
(2.665 0.1 0.1)
(2.733333333 0.1 0.1)
(2.801666667 0.1 0.1)
(2.87 0.1 0.1)
(2.938333333 0.1 0.1)
(3.006666667 0.1 0.1)
(3.075 0.1 0.1)
(3.143333333 0.1 0.1)
(3.211666667 0.1 0.1)
(3.28 0.1 0.1)
(3.348333333 0.1 0.1)
(3.416666667 0.1 0.1)
(3.485 0.1 0.1)
(3.553333333 0.1 0.1)
(3.621666667 0.1 0.1)
(3.69 0.1 0.1)
(3.758333333 0.1 0.1)
(3.826666667 0.1 0.1)
(3.895 0.1 0.1)
(3.963333333 0.1 0.1)
(4.031666667 0.1 0.1)
(4.1 0.1 0.1)
(0 0.1333333333 0.1)
(0.06833333333 0.1333333333 0.1)
(0.1366666667 0.1333333333 0.1)
(0.205 0.1333333333 0.1)
(0.2733333333 0.1333333333 0.1)
(0.3416666667 0.1333333333 0.1)
(0.41 0.1333333333 0.1)
(0.4783333333 0.1333333333 0.1)
(0.5466666667 0.1333333333 0.1)
(0.615 0.1333333333 0.1)
(0.6833333333 0.1333333333 0.1)
(0.7516666667 0.1333333333 0.1)
(0.82 0.1333333333 0.1)
(0.8883333333 0.1333333333 0.1)
(0.9566666667 0.1333333333 0.1)
(1.025 0.1333333333 0.1)
(1.093333333 0.1333333333 0.1)
(1.161666667 0.1333333333 0.1)
(1.23 0.1333333333 0.1)
(1.298333333 0.1333333333 0.1)
(1.366666667 0.1333333333 0.1)
(1.435 0.1333333333 0.1)
(1.503333333 0.1333333333 0.1)
(1.571666667 0.1333333333 0.1)
(1.64 0.1333333333 0.1)
(1.708333333 0.1333333333 0.1)
(1.776666667 0.1333333333 0.1)
(1.845 0.1333333333 0.1)
(1.913333333 0.1333333333 0.1)
(1.981666667 0.1333333333 0.1)
(2.05 0.1333333333 0.1)
(2.118333333 0.1333333333 0.1)
(2.186666667 0.1333333333 0.1)
(2.255 0.1333333333 0.1)
(2.323333333 0.1333333333 0.1)
(2.391666667 0.1333333333 0.1)
(2.46 0.1333333333 0.1)
(2.528333333 0.1333333333 0.1)
(2.596666667 0.1333333333 0.1)
(2.665 0.1333333333 0.1)
(2.733333333 0.1333333333 0.1)
(2.801666667 0.1333333333 0.1)
(2.87 0.1333333333 0.1)
(2.938333333 0.1333333333 0.1)
(3.006666667 0.1333333333 0.1)
(3.075 0.1333333333 0.1)
(3.143333333 0.1333333333 0.1)
(3.211666667 0.1333333333 0.1)
(3.28 0.1333333333 0.1)
(3.348333333 0.1333333333 0.1)
(3.416666667 0.1333333333 0.1)
(3.485 0.1333333333 0.1)
(3.553333333 0.1333333333 0.1)
(3.621666667 0.1333333333 0.1)
(3.69 0.1333333333 0.1)
(3.758333333 0.1333333333 0.1)
(3.826666667 0.1333333333 0.1)
(3.895 0.1333333333 0.1)
(3.963333333 0.1333333333 0.1)
(4.031666667 0.1333333333 0.1)
(4.1 0.1333333333 0.1)
(0 0.1666666667 0.1)
(0.06833333333 0.1666666667 0.1)
(0.1366666667 0.1666666667 0.1)
(0.205 0.1666666667 0.1)
(0.2733333333 0.1666666667 0.1)
(0.3416666667 0.1666666667 0.1)
(0.41 0.1666666667 0.1)
(0.4783333333 0.1666666667 0.1)
(0.5466666667 0.1666666667 0.1)
(0.615 0.1666666667 0.1)
(0.6833333333 0.1666666667 0.1)
(0.7516666667 0.1666666667 0.1)
(0.82 0.1666666667 0.1)
(0.8883333333 0.1666666667 0.1)
(0.9566666667 0.1666666667 0.1)
(1.025 0.1666666667 0.1)
(1.093333333 0.1666666667 0.1)
(1.161666667 0.1666666667 0.1)
(1.23 0.1666666667 0.1)
(1.298333333 0.1666666667 0.1)
(1.366666667 0.1666666667 0.1)
(1.435 0.1666666667 0.1)
(1.503333333 0.1666666667 0.1)
(1.571666667 0.1666666667 0.1)
(1.64 0.1666666667 0.1)
(1.708333333 0.1666666667 0.1)
(1.776666667 0.1666666667 0.1)
(1.845 0.1666666667 0.1)
(1.913333333 0.1666666667 0.1)
(1.981666667 0.1666666667 0.1)
(2.05 0.1666666667 0.1)
(2.118333333 0.1666666667 0.1)
(2.186666667 0.1666666667 0.1)
(2.255 0.1666666667 0.1)
(2.323333333 0.1666666667 0.1)
(2.391666667 0.1666666667 0.1)
(2.46 0.1666666667 0.1)
(2.528333333 0.1666666667 0.1)
(2.596666667 0.1666666667 0.1)
(2.665 0.1666666667 0.1)
(2.733333333 0.1666666667 0.1)
(2.801666667 0.1666666667 0.1)
(2.87 0.1666666667 0.1)
(2.938333333 0.1666666667 0.1)
(3.006666667 0.1666666667 0.1)
(3.075 0.1666666667 0.1)
(3.143333333 0.1666666667 0.1)
(3.211666667 0.1666666667 0.1)
(3.28 0.1666666667 0.1)
(3.348333333 0.1666666667 0.1)
(3.416666667 0.1666666667 0.1)
(3.485 0.1666666667 0.1)
(3.553333333 0.1666666667 0.1)
(3.621666667 0.1666666667 0.1)
(3.69 0.1666666667 0.1)
(3.758333333 0.1666666667 0.1)
(3.826666667 0.1666666667 0.1)
(3.895 0.1666666667 0.1)
(3.963333333 0.1666666667 0.1)
(4.031666667 0.1666666667 0.1)
(4.1 0.1666666667 0.1)
(0 0.2 0.1)
(0.06833333333 0.2 0.1)
(0.1366666667 0.2 0.1)
(0.205 0.2 0.1)
(0.2733333333 0.2 0.1)
(0.3416666667 0.2 0.1)
(0.41 0.2 0.1)
(0.4783333333 0.2 0.1)
(0.5466666667 0.2 0.1)
(0.615 0.2 0.1)
(0.6833333333 0.2 0.1)
(0.7516666667 0.2 0.1)
(0.82 0.2 0.1)
(0.8883333333 0.2 0.1)
(0.9566666667 0.2 0.1)
(1.025 0.2 0.1)
(1.093333333 0.2 0.1)
(1.161666667 0.2 0.1)
(1.23 0.2 0.1)
(1.298333333 0.2 0.1)
(1.366666667 0.2 0.1)
(1.435 0.2 0.1)
(1.503333333 0.2 0.1)
(1.571666667 0.2 0.1)
(1.64 0.2 0.1)
(1.708333333 0.2 0.1)
(1.776666667 0.2 0.1)
(1.845 0.2 0.1)
(1.913333333 0.2 0.1)
(1.981666667 0.2 0.1)
(2.05 0.2 0.1)
(2.118333333 0.2 0.1)
(2.186666667 0.2 0.1)
(2.255 0.2 0.1)
(2.323333333 0.2 0.1)
(2.391666667 0.2 0.1)
(2.46 0.2 0.1)
(2.528333333 0.2 0.1)
(2.596666667 0.2 0.1)
(2.665 0.2 0.1)
(2.733333333 0.2 0.1)
(2.801666667 0.2 0.1)
(2.87 0.2 0.1)
(2.938333333 0.2 0.1)
(3.006666667 0.2 0.1)
(3.075 0.2 0.1)
(3.143333333 0.2 0.1)
(3.211666667 0.2 0.1)
(3.28 0.2 0.1)
(3.348333333 0.2 0.1)
(3.416666667 0.2 0.1)
(3.485 0.2 0.1)
(3.553333333 0.2 0.1)
(3.621666667 0.2 0.1)
(3.69 0.2 0.1)
(3.758333333 0.2 0.1)
(3.826666667 0.2 0.1)
(3.895 0.2 0.1)
(3.963333333 0.2 0.1)
(4.031666667 0.2 0.1)
(4.1 0.2 0.1)
(0 0.2333333333 0.1)
(0.06833333333 0.2333333333 0.1)
(0.1366666667 0.2333333333 0.1)
(0.205 0.2333333333 0.1)
(0.2733333333 0.2333333333 0.1)
(0.3416666667 0.2333333333 0.1)
(0.41 0.2333333333 0.1)
(0.4783333333 0.2333333333 0.1)
(0.5466666667 0.2333333333 0.1)
(0.615 0.2333333333 0.1)
(0.6833333333 0.2333333333 0.1)
(0.7516666667 0.2333333333 0.1)
(0.82 0.2333333333 0.1)
(0.8883333333 0.2333333333 0.1)
(0.9566666667 0.2333333333 0.1)
(1.025 0.2333333333 0.1)
(1.093333333 0.2333333333 0.1)
(1.161666667 0.2333333333 0.1)
(1.23 0.2333333333 0.1)
(1.298333333 0.2333333333 0.1)
(1.366666667 0.2333333333 0.1)
(1.435 0.2333333333 0.1)
(1.503333333 0.2333333333 0.1)
(1.571666667 0.2333333333 0.1)
(1.64 0.2333333333 0.1)
(1.708333333 0.2333333333 0.1)
(1.776666667 0.2333333333 0.1)
(1.845 0.2333333333 0.1)
(1.913333333 0.2333333333 0.1)
(1.981666667 0.2333333333 0.1)
(2.05 0.2333333333 0.1)
(2.118333333 0.2333333333 0.1)
(2.186666667 0.2333333333 0.1)
(2.255 0.2333333333 0.1)
(2.323333333 0.2333333333 0.1)
(2.391666667 0.2333333333 0.1)
(2.46 0.2333333333 0.1)
(2.528333333 0.2333333333 0.1)
(2.596666667 0.2333333333 0.1)
(2.665 0.2333333333 0.1)
(2.733333333 0.2333333333 0.1)
(2.801666667 0.2333333333 0.1)
(2.87 0.2333333333 0.1)
(2.938333333 0.2333333333 0.1)
(3.006666667 0.2333333333 0.1)
(3.075 0.2333333333 0.1)
(3.143333333 0.2333333333 0.1)
(3.211666667 0.2333333333 0.1)
(3.28 0.2333333333 0.1)
(3.348333333 0.2333333333 0.1)
(3.416666667 0.2333333333 0.1)
(3.485 0.2333333333 0.1)
(3.553333333 0.2333333333 0.1)
(3.621666667 0.2333333333 0.1)
(3.69 0.2333333333 0.1)
(3.758333333 0.2333333333 0.1)
(3.826666667 0.2333333333 0.1)
(3.895 0.2333333333 0.1)
(3.963333333 0.2333333333 0.1)
(4.031666667 0.2333333333 0.1)
(4.1 0.2333333333 0.1)
(0 0.2666666667 0.1)
(0.06833333333 0.2666666667 0.1)
(0.1366666667 0.2666666667 0.1)
(0.205 0.2666666667 0.1)
(0.2733333333 0.2666666667 0.1)
(0.3416666667 0.2666666667 0.1)
(0.41 0.2666666667 0.1)
(0.4783333333 0.2666666667 0.1)
(0.5466666667 0.2666666667 0.1)
(0.615 0.2666666667 0.1)
(0.6833333333 0.2666666667 0.1)
(0.7516666667 0.2666666667 0.1)
(0.82 0.2666666667 0.1)
(0.8883333333 0.2666666667 0.1)
(0.9566666667 0.2666666667 0.1)
(1.025 0.2666666667 0.1)
(1.093333333 0.2666666667 0.1)
(1.161666667 0.2666666667 0.1)
(1.23 0.2666666667 0.1)
(1.298333333 0.2666666667 0.1)
(1.366666667 0.2666666667 0.1)
(1.435 0.2666666667 0.1)
(1.503333333 0.2666666667 0.1)
(1.571666667 0.2666666667 0.1)
(1.64 0.2666666667 0.1)
(1.708333333 0.2666666667 0.1)
(1.776666667 0.2666666667 0.1)
(1.845 0.2666666667 0.1)
(1.913333333 0.2666666667 0.1)
(1.981666667 0.2666666667 0.1)
(2.05 0.2666666667 0.1)
(2.118333333 0.2666666667 0.1)
(2.186666667 0.2666666667 0.1)
(2.255 0.2666666667 0.1)
(2.323333333 0.2666666667 0.1)
(2.391666667 0.2666666667 0.1)
(2.46 0.2666666667 0.1)
(2.528333333 0.2666666667 0.1)
(2.596666667 0.2666666667 0.1)
(2.665 0.2666666667 0.1)
(2.733333333 0.2666666667 0.1)
(2.801666667 0.2666666667 0.1)
(2.87 0.2666666667 0.1)
(2.938333333 0.2666666667 0.1)
(3.006666667 0.2666666667 0.1)
(3.075 0.2666666667 0.1)
(3.143333333 0.2666666667 0.1)
(3.211666667 0.2666666667 0.1)
(3.28 0.2666666667 0.1)
(3.348333333 0.2666666667 0.1)
(3.416666667 0.2666666667 0.1)
(3.485 0.2666666667 0.1)
(3.553333333 0.2666666667 0.1)
(3.621666667 0.2666666667 0.1)
(3.69 0.2666666667 0.1)
(3.758333333 0.2666666667 0.1)
(3.826666667 0.2666666667 0.1)
(3.895 0.2666666667 0.1)
(3.963333333 0.2666666667 0.1)
(4.031666667 0.2666666667 0.1)
(4.1 0.2666666667 0.1)
(0 0.3 0.1)
(0.06833333333 0.3 0.1)
(0.1366666667 0.3 0.1)
(0.205 0.3 0.1)
(0.2733333333 0.3 0.1)
(0.3416666667 0.3 0.1)
(0.41 0.3 0.1)
(0.4783333333 0.3 0.1)
(0.5466666667 0.3 0.1)
(0.615 0.3 0.1)
(0.6833333333 0.3 0.1)
(0.7516666667 0.3 0.1)
(0.82 0.3 0.1)
(0.8883333333 0.3 0.1)
(0.9566666667 0.3 0.1)
(1.025 0.3 0.1)
(1.093333333 0.3 0.1)
(1.161666667 0.3 0.1)
(1.23 0.3 0.1)
(1.298333333 0.3 0.1)
(1.366666667 0.3 0.1)
(1.435 0.3 0.1)
(1.503333333 0.3 0.1)
(1.571666667 0.3 0.1)
(1.64 0.3 0.1)
(1.708333333 0.3 0.1)
(1.776666667 0.3 0.1)
(1.845 0.3 0.1)
(1.913333333 0.3 0.1)
(1.981666667 0.3 0.1)
(2.05 0.3 0.1)
(2.118333333 0.3 0.1)
(2.186666667 0.3 0.1)
(2.255 0.3 0.1)
(2.323333333 0.3 0.1)
(2.391666667 0.3 0.1)
(2.46 0.3 0.1)
(2.528333333 0.3 0.1)
(2.596666667 0.3 0.1)
(2.665 0.3 0.1)
(2.733333333 0.3 0.1)
(2.801666667 0.3 0.1)
(2.87 0.3 0.1)
(2.938333333 0.3 0.1)
(3.006666667 0.3 0.1)
(3.075 0.3 0.1)
(3.143333333 0.3 0.1)
(3.211666667 0.3 0.1)
(3.28 0.3 0.1)
(3.348333333 0.3 0.1)
(3.416666667 0.3 0.1)
(3.485 0.3 0.1)
(3.553333333 0.3 0.1)
(3.621666667 0.3 0.1)
(3.69 0.3 0.1)
(3.758333333 0.3 0.1)
(3.826666667 0.3 0.1)
(3.895 0.3 0.1)
(3.963333333 0.3 0.1)
(4.031666667 0.3 0.1)
(4.1 0.3 0.1)
(0 0.3333333333 0.1)
(0.06833333333 0.3333333333 0.1)
(0.1366666667 0.3333333333 0.1)
(0.205 0.3333333333 0.1)
(0.2733333333 0.3333333333 0.1)
(0.3416666667 0.3333333333 0.1)
(0.41 0.3333333333 0.1)
(0.4783333333 0.3333333333 0.1)
(0.5466666667 0.3333333333 0.1)
(0.615 0.3333333333 0.1)
(0.6833333333 0.3333333333 0.1)
(0.7516666667 0.3333333333 0.1)
(0.82 0.3333333333 0.1)
(0.8883333333 0.3333333333 0.1)
(0.9566666667 0.3333333333 0.1)
(1.025 0.3333333333 0.1)
(1.093333333 0.3333333333 0.1)
(1.161666667 0.3333333333 0.1)
(1.23 0.3333333333 0.1)
(1.298333333 0.3333333333 0.1)
(1.366666667 0.3333333333 0.1)
(1.435 0.3333333333 0.1)
(1.503333333 0.3333333333 0.1)
(1.571666667 0.3333333333 0.1)
(1.64 0.3333333333 0.1)
(1.708333333 0.3333333333 0.1)
(1.776666667 0.3333333333 0.1)
(1.845 0.3333333333 0.1)
(1.913333333 0.3333333333 0.1)
(1.981666667 0.3333333333 0.1)
(2.05 0.3333333333 0.1)
(2.118333333 0.3333333333 0.1)
(2.186666667 0.3333333333 0.1)
(2.255 0.3333333333 0.1)
(2.323333333 0.3333333333 0.1)
(2.391666667 0.3333333333 0.1)
(2.46 0.3333333333 0.1)
(2.528333333 0.3333333333 0.1)
(2.596666667 0.3333333333 0.1)
(2.665 0.3333333333 0.1)
(2.733333333 0.3333333333 0.1)
(2.801666667 0.3333333333 0.1)
(2.87 0.3333333333 0.1)
(2.938333333 0.3333333333 0.1)
(3.006666667 0.3333333333 0.1)
(3.075 0.3333333333 0.1)
(3.143333333 0.3333333333 0.1)
(3.211666667 0.3333333333 0.1)
(3.28 0.3333333333 0.1)
(3.348333333 0.3333333333 0.1)
(3.416666667 0.3333333333 0.1)
(3.485 0.3333333333 0.1)
(3.553333333 0.3333333333 0.1)
(3.621666667 0.3333333333 0.1)
(3.69 0.3333333333 0.1)
(3.758333333 0.3333333333 0.1)
(3.826666667 0.3333333333 0.1)
(3.895 0.3333333333 0.1)
(3.963333333 0.3333333333 0.1)
(4.031666667 0.3333333333 0.1)
(4.1 0.3333333333 0.1)
(0 0.3666666667 0.1)
(0.06833333333 0.3666666667 0.1)
(0.1366666667 0.3666666667 0.1)
(0.205 0.3666666667 0.1)
(0.2733333333 0.3666666667 0.1)
(0.3416666667 0.3666666667 0.1)
(0.41 0.3666666667 0.1)
(0.4783333333 0.3666666667 0.1)
(0.5466666667 0.3666666667 0.1)
(0.615 0.3666666667 0.1)
(0.6833333333 0.3666666667 0.1)
(0.7516666667 0.3666666667 0.1)
(0.82 0.3666666667 0.1)
(0.8883333333 0.3666666667 0.1)
(0.9566666667 0.3666666667 0.1)
(1.025 0.3666666667 0.1)
(1.093333333 0.3666666667 0.1)
(1.161666667 0.3666666667 0.1)
(1.23 0.3666666667 0.1)
(1.298333333 0.3666666667 0.1)
(1.366666667 0.3666666667 0.1)
(1.435 0.3666666667 0.1)
(1.503333333 0.3666666667 0.1)
(1.571666667 0.3666666667 0.1)
(1.64 0.3666666667 0.1)
(1.708333333 0.3666666667 0.1)
(1.776666667 0.3666666667 0.1)
(1.845 0.3666666667 0.1)
(1.913333333 0.3666666667 0.1)
(1.981666667 0.3666666667 0.1)
(2.05 0.3666666667 0.1)
(2.118333333 0.3666666667 0.1)
(2.186666667 0.3666666667 0.1)
(2.255 0.3666666667 0.1)
(2.323333333 0.3666666667 0.1)
(2.391666667 0.3666666667 0.1)
(2.46 0.3666666667 0.1)
(2.528333333 0.3666666667 0.1)
(2.596666667 0.3666666667 0.1)
(2.665 0.3666666667 0.1)
(2.733333333 0.3666666667 0.1)
(2.801666667 0.3666666667 0.1)
(2.87 0.3666666667 0.1)
(2.938333333 0.3666666667 0.1)
(3.006666667 0.3666666667 0.1)
(3.075 0.3666666667 0.1)
(3.143333333 0.3666666667 0.1)
(3.211666667 0.3666666667 0.1)
(3.28 0.3666666667 0.1)
(3.348333333 0.3666666667 0.1)
(3.416666667 0.3666666667 0.1)
(3.485 0.3666666667 0.1)
(3.553333333 0.3666666667 0.1)
(3.621666667 0.3666666667 0.1)
(3.69 0.3666666667 0.1)
(3.758333333 0.3666666667 0.1)
(3.826666667 0.3666666667 0.1)
(3.895 0.3666666667 0.1)
(3.963333333 0.3666666667 0.1)
(4.031666667 0.3666666667 0.1)
(4.1 0.3666666667 0.1)
(0 0.4 0.1)
(0.06833333333 0.4 0.1)
(0.1366666667 0.4 0.1)
(0.205 0.4 0.1)
(0.2733333333 0.4 0.1)
(0.3416666667 0.4 0.1)
(0.41 0.4 0.1)
(0.4783333333 0.4 0.1)
(0.5466666667 0.4 0.1)
(0.615 0.4 0.1)
(0.6833333333 0.4 0.1)
(0.7516666667 0.4 0.1)
(0.82 0.4 0.1)
(0.8883333333 0.4 0.1)
(0.9566666667 0.4 0.1)
(1.025 0.4 0.1)
(1.093333333 0.4 0.1)
(1.161666667 0.4 0.1)
(1.23 0.4 0.1)
(1.298333333 0.4 0.1)
(1.366666667 0.4 0.1)
(1.435 0.4 0.1)
(1.503333333 0.4 0.1)
(1.571666667 0.4 0.1)
(1.64 0.4 0.1)
(1.708333333 0.4 0.1)
(1.776666667 0.4 0.1)
(1.845 0.4 0.1)
(1.913333333 0.4 0.1)
(1.981666667 0.4 0.1)
(2.05 0.4 0.1)
(2.118333333 0.4 0.1)
(2.186666667 0.4 0.1)
(2.255 0.4 0.1)
(2.323333333 0.4 0.1)
(2.391666667 0.4 0.1)
(2.46 0.4 0.1)
(2.528333333 0.4 0.1)
(2.596666667 0.4 0.1)
(2.665 0.4 0.1)
(2.733333333 0.4 0.1)
(2.801666667 0.4 0.1)
(2.87 0.4 0.1)
(2.938333333 0.4 0.1)
(3.006666667 0.4 0.1)
(3.075 0.4 0.1)
(3.143333333 0.4 0.1)
(3.211666667 0.4 0.1)
(3.28 0.4 0.1)
(3.348333333 0.4 0.1)
(3.416666667 0.4 0.1)
(3.485 0.4 0.1)
(3.553333333 0.4 0.1)
(3.621666667 0.4 0.1)
(3.69 0.4 0.1)
(3.758333333 0.4 0.1)
(3.826666667 0.4 0.1)
(3.895 0.4 0.1)
(3.963333333 0.4 0.1)
(4.031666667 0.4 0.1)
(4.1 0.4 0.1)
(0 0.4333333333 0.1)
(0.06833333333 0.4333333333 0.1)
(0.1366666667 0.4333333333 0.1)
(0.205 0.4333333333 0.1)
(0.2733333333 0.4333333333 0.1)
(0.3416666667 0.4333333333 0.1)
(0.41 0.4333333333 0.1)
(0.4783333333 0.4333333333 0.1)
(0.5466666667 0.4333333333 0.1)
(0.615 0.4333333333 0.1)
(0.6833333333 0.4333333333 0.1)
(0.7516666667 0.4333333333 0.1)
(0.82 0.4333333333 0.1)
(0.8883333333 0.4333333333 0.1)
(0.9566666667 0.4333333333 0.1)
(1.025 0.4333333333 0.1)
(1.093333333 0.4333333333 0.1)
(1.161666667 0.4333333333 0.1)
(1.23 0.4333333333 0.1)
(1.298333333 0.4333333333 0.1)
(1.366666667 0.4333333333 0.1)
(1.435 0.4333333333 0.1)
(1.503333333 0.4333333333 0.1)
(1.571666667 0.4333333333 0.1)
(1.64 0.4333333333 0.1)
(1.708333333 0.4333333333 0.1)
(1.776666667 0.4333333333 0.1)
(1.845 0.4333333333 0.1)
(1.913333333 0.4333333333 0.1)
(1.981666667 0.4333333333 0.1)
(2.05 0.4333333333 0.1)
(2.118333333 0.4333333333 0.1)
(2.186666667 0.4333333333 0.1)
(2.255 0.4333333333 0.1)
(2.323333333 0.4333333333 0.1)
(2.391666667 0.4333333333 0.1)
(2.46 0.4333333333 0.1)
(2.528333333 0.4333333333 0.1)
(2.596666667 0.4333333333 0.1)
(2.665 0.4333333333 0.1)
(2.733333333 0.4333333333 0.1)
(2.801666667 0.4333333333 0.1)
(2.87 0.4333333333 0.1)
(2.938333333 0.4333333333 0.1)
(3.006666667 0.4333333333 0.1)
(3.075 0.4333333333 0.1)
(3.143333333 0.4333333333 0.1)
(3.211666667 0.4333333333 0.1)
(3.28 0.4333333333 0.1)
(3.348333333 0.4333333333 0.1)
(3.416666667 0.4333333333 0.1)
(3.485 0.4333333333 0.1)
(3.553333333 0.4333333333 0.1)
(3.621666667 0.4333333333 0.1)
(3.69 0.4333333333 0.1)
(3.758333333 0.4333333333 0.1)
(3.826666667 0.4333333333 0.1)
(3.895 0.4333333333 0.1)
(3.963333333 0.4333333333 0.1)
(4.031666667 0.4333333333 0.1)
(4.1 0.4333333333 0.1)
(0 0.4666666667 0.1)
(0.06833333333 0.4666666667 0.1)
(0.1366666667 0.4666666667 0.1)
(0.205 0.4666666667 0.1)
(0.2733333333 0.4666666667 0.1)
(0.3416666667 0.4666666667 0.1)
(0.41 0.4666666667 0.1)
(0.4783333333 0.4666666667 0.1)
(0.5466666667 0.4666666667 0.1)
(0.615 0.4666666667 0.1)
(0.6833333333 0.4666666667 0.1)
(0.7516666667 0.4666666667 0.1)
(0.82 0.4666666667 0.1)
(0.8883333333 0.4666666667 0.1)
(0.9566666667 0.4666666667 0.1)
(1.025 0.4666666667 0.1)
(1.093333333 0.4666666667 0.1)
(1.161666667 0.4666666667 0.1)
(1.23 0.4666666667 0.1)
(1.298333333 0.4666666667 0.1)
(1.366666667 0.4666666667 0.1)
(1.435 0.4666666667 0.1)
(1.503333333 0.4666666667 0.1)
(1.571666667 0.4666666667 0.1)
(1.64 0.4666666667 0.1)
(1.708333333 0.4666666667 0.1)
(1.776666667 0.4666666667 0.1)
(1.845 0.4666666667 0.1)
(1.913333333 0.4666666667 0.1)
(1.981666667 0.4666666667 0.1)
(2.05 0.4666666667 0.1)
(2.118333333 0.4666666667 0.1)
(2.186666667 0.4666666667 0.1)
(2.255 0.4666666667 0.1)
(2.323333333 0.4666666667 0.1)
(2.391666667 0.4666666667 0.1)
(2.46 0.4666666667 0.1)
(2.528333333 0.4666666667 0.1)
(2.596666667 0.4666666667 0.1)
(2.665 0.4666666667 0.1)
(2.733333333 0.4666666667 0.1)
(2.801666667 0.4666666667 0.1)
(2.87 0.4666666667 0.1)
(2.938333333 0.4666666667 0.1)
(3.006666667 0.4666666667 0.1)
(3.075 0.4666666667 0.1)
(3.143333333 0.4666666667 0.1)
(3.211666667 0.4666666667 0.1)
(3.28 0.4666666667 0.1)
(3.348333333 0.4666666667 0.1)
(3.416666667 0.4666666667 0.1)
(3.485 0.4666666667 0.1)
(3.553333333 0.4666666667 0.1)
(3.621666667 0.4666666667 0.1)
(3.69 0.4666666667 0.1)
(3.758333333 0.4666666667 0.1)
(3.826666667 0.4666666667 0.1)
(3.895 0.4666666667 0.1)
(3.963333333 0.4666666667 0.1)
(4.031666667 0.4666666667 0.1)
(4.1 0.4666666667 0.1)
(0 0.5 0.1)
(0.06833333333 0.5 0.1)
(0.1366666667 0.5 0.1)
(0.205 0.5 0.1)
(0.2733333333 0.5 0.1)
(0.3416666667 0.5 0.1)
(0.41 0.5 0.1)
(0.4783333333 0.5 0.1)
(0.5466666667 0.5 0.1)
(0.615 0.5 0.1)
(0.6833333333 0.5 0.1)
(0.7516666667 0.5 0.1)
(0.82 0.5 0.1)
(0.8883333333 0.5 0.1)
(0.9566666667 0.5 0.1)
(1.025 0.5 0.1)
(1.093333333 0.5 0.1)
(1.161666667 0.5 0.1)
(1.23 0.5 0.1)
(1.298333333 0.5 0.1)
(1.366666667 0.5 0.1)
(1.435 0.5 0.1)
(1.503333333 0.5 0.1)
(1.571666667 0.5 0.1)
(1.64 0.5 0.1)
(1.708333333 0.5 0.1)
(1.776666667 0.5 0.1)
(1.845 0.5 0.1)
(1.913333333 0.5 0.1)
(1.981666667 0.5 0.1)
(2.05 0.5 0.1)
(2.118333333 0.5 0.1)
(2.186666667 0.5 0.1)
(2.255 0.5 0.1)
(2.323333333 0.5 0.1)
(2.391666667 0.5 0.1)
(2.46 0.5 0.1)
(2.528333333 0.5 0.1)
(2.596666667 0.5 0.1)
(2.665 0.5 0.1)
(2.733333333 0.5 0.1)
(2.801666667 0.5 0.1)
(2.87 0.5 0.1)
(2.938333333 0.5 0.1)
(3.006666667 0.5 0.1)
(3.075 0.5 0.1)
(3.143333333 0.5 0.1)
(3.211666667 0.5 0.1)
(3.28 0.5 0.1)
(3.348333333 0.5 0.1)
(3.416666667 0.5 0.1)
(3.485 0.5 0.1)
(3.553333333 0.5 0.1)
(3.621666667 0.5 0.1)
(3.69 0.5 0.1)
(3.758333333 0.5 0.1)
(3.826666667 0.5 0.1)
(3.895 0.5 0.1)
(3.963333333 0.5 0.1)
(4.031666667 0.5 0.1)
(4.1 0.5 0.1)
(0 0.5333333333 0.1)
(0.06833333333 0.5333333333 0.1)
(0.1366666667 0.5333333333 0.1)
(0.205 0.5333333333 0.1)
(0.2733333333 0.5333333333 0.1)
(0.3416666667 0.5333333333 0.1)
(0.41 0.5333333333 0.1)
(0.4783333333 0.5333333333 0.1)
(0.5466666667 0.5333333333 0.1)
(0.615 0.5333333333 0.1)
(0.6833333333 0.5333333333 0.1)
(0.7516666667 0.5333333333 0.1)
(0.82 0.5333333333 0.1)
(0.8883333333 0.5333333333 0.1)
(0.9566666667 0.5333333333 0.1)
(1.025 0.5333333333 0.1)
(1.093333333 0.5333333333 0.1)
(1.161666667 0.5333333333 0.1)
(1.23 0.5333333333 0.1)
(1.298333333 0.5333333333 0.1)
(1.366666667 0.5333333333 0.1)
(1.435 0.5333333333 0.1)
(1.503333333 0.5333333333 0.1)
(1.571666667 0.5333333333 0.1)
(1.64 0.5333333333 0.1)
(1.708333333 0.5333333333 0.1)
(1.776666667 0.5333333333 0.1)
(1.845 0.5333333333 0.1)
(1.913333333 0.5333333333 0.1)
(1.981666667 0.5333333333 0.1)
(2.05 0.5333333333 0.1)
(2.118333333 0.5333333333 0.1)
(2.186666667 0.5333333333 0.1)
(2.255 0.5333333333 0.1)
(2.323333333 0.5333333333 0.1)
(2.391666667 0.5333333333 0.1)
(2.46 0.5333333333 0.1)
(2.528333333 0.5333333333 0.1)
(2.596666667 0.5333333333 0.1)
(2.665 0.5333333333 0.1)
(2.733333333 0.5333333333 0.1)
(2.801666667 0.5333333333 0.1)
(2.87 0.5333333333 0.1)
(2.938333333 0.5333333333 0.1)
(3.006666667 0.5333333333 0.1)
(3.075 0.5333333333 0.1)
(3.143333333 0.5333333333 0.1)
(3.211666667 0.5333333333 0.1)
(3.28 0.5333333333 0.1)
(3.348333333 0.5333333333 0.1)
(3.416666667 0.5333333333 0.1)
(3.485 0.5333333333 0.1)
(3.553333333 0.5333333333 0.1)
(3.621666667 0.5333333333 0.1)
(3.69 0.5333333333 0.1)
(3.758333333 0.5333333333 0.1)
(3.826666667 0.5333333333 0.1)
(3.895 0.5333333333 0.1)
(3.963333333 0.5333333333 0.1)
(4.031666667 0.5333333333 0.1)
(4.1 0.5333333333 0.1)
(0 0.5666666667 0.1)
(0.06833333333 0.5666666667 0.1)
(0.1366666667 0.5666666667 0.1)
(0.205 0.5666666667 0.1)
(0.2733333333 0.5666666667 0.1)
(0.3416666667 0.5666666667 0.1)
(0.41 0.5666666667 0.1)
(0.4783333333 0.5666666667 0.1)
(0.5466666667 0.5666666667 0.1)
(0.615 0.5666666667 0.1)
(0.6833333333 0.5666666667 0.1)
(0.7516666667 0.5666666667 0.1)
(0.82 0.5666666667 0.1)
(0.8883333333 0.5666666667 0.1)
(0.9566666667 0.5666666667 0.1)
(1.025 0.5666666667 0.1)
(1.093333333 0.5666666667 0.1)
(1.161666667 0.5666666667 0.1)
(1.23 0.5666666667 0.1)
(1.298333333 0.5666666667 0.1)
(1.366666667 0.5666666667 0.1)
(1.435 0.5666666667 0.1)
(1.503333333 0.5666666667 0.1)
(1.571666667 0.5666666667 0.1)
(1.64 0.5666666667 0.1)
(1.708333333 0.5666666667 0.1)
(1.776666667 0.5666666667 0.1)
(1.845 0.5666666667 0.1)
(1.913333333 0.5666666667 0.1)
(1.981666667 0.5666666667 0.1)
(2.05 0.5666666667 0.1)
(2.118333333 0.5666666667 0.1)
(2.186666667 0.5666666667 0.1)
(2.255 0.5666666667 0.1)
(2.323333333 0.5666666667 0.1)
(2.391666667 0.5666666667 0.1)
(2.46 0.5666666667 0.1)
(2.528333333 0.5666666667 0.1)
(2.596666667 0.5666666667 0.1)
(2.665 0.5666666667 0.1)
(2.733333333 0.5666666667 0.1)
(2.801666667 0.5666666667 0.1)
(2.87 0.5666666667 0.1)
(2.938333333 0.5666666667 0.1)
(3.006666667 0.5666666667 0.1)
(3.075 0.5666666667 0.1)
(3.143333333 0.5666666667 0.1)
(3.211666667 0.5666666667 0.1)
(3.28 0.5666666667 0.1)
(3.348333333 0.5666666667 0.1)
(3.416666667 0.5666666667 0.1)
(3.485 0.5666666667 0.1)
(3.553333333 0.5666666667 0.1)
(3.621666667 0.5666666667 0.1)
(3.69 0.5666666667 0.1)
(3.758333333 0.5666666667 0.1)
(3.826666667 0.5666666667 0.1)
(3.895 0.5666666667 0.1)
(3.963333333 0.5666666667 0.1)
(4.031666667 0.5666666667 0.1)
(4.1 0.5666666667 0.1)
(0 0.6 0.1)
(0.06833333333 0.6 0.1)
(0.1366666667 0.6 0.1)
(0.205 0.6 0.1)
(0.2733333333 0.6 0.1)
(0.3416666667 0.6 0.1)
(0.41 0.6 0.1)
(0.4783333333 0.6 0.1)
(0.5466666667 0.6 0.1)
(0.615 0.6 0.1)
(0.6833333333 0.6 0.1)
(0.7516666667 0.6 0.1)
(0.82 0.6 0.1)
(0.8883333333 0.6 0.1)
(0.9566666667 0.6 0.1)
(1.025 0.6 0.1)
(1.093333333 0.6 0.1)
(1.161666667 0.6 0.1)
(1.23 0.6 0.1)
(1.298333333 0.6 0.1)
(1.366666667 0.6 0.1)
(1.435 0.6 0.1)
(1.503333333 0.6 0.1)
(1.571666667 0.6 0.1)
(1.64 0.6 0.1)
(1.708333333 0.6 0.1)
(1.776666667 0.6 0.1)
(1.845 0.6 0.1)
(1.913333333 0.6 0.1)
(1.981666667 0.6 0.1)
(2.05 0.6 0.1)
(2.118333333 0.6 0.1)
(2.186666667 0.6 0.1)
(2.255 0.6 0.1)
(2.323333333 0.6 0.1)
(2.391666667 0.6 0.1)
(2.46 0.6 0.1)
(2.528333333 0.6 0.1)
(2.596666667 0.6 0.1)
(2.665 0.6 0.1)
(2.733333333 0.6 0.1)
(2.801666667 0.6 0.1)
(2.87 0.6 0.1)
(2.938333333 0.6 0.1)
(3.006666667 0.6 0.1)
(3.075 0.6 0.1)
(3.143333333 0.6 0.1)
(3.211666667 0.6 0.1)
(3.28 0.6 0.1)
(3.348333333 0.6 0.1)
(3.416666667 0.6 0.1)
(3.485 0.6 0.1)
(3.553333333 0.6 0.1)
(3.621666667 0.6 0.1)
(3.69 0.6 0.1)
(3.758333333 0.6 0.1)
(3.826666667 0.6 0.1)
(3.895 0.6 0.1)
(3.963333333 0.6 0.1)
(4.031666667 0.6 0.1)
(4.1 0.6 0.1)
(0 0.6333333333 0.1)
(0.06833333333 0.6333333333 0.1)
(0.1366666667 0.6333333333 0.1)
(0.205 0.6333333333 0.1)
(0.2733333333 0.6333333333 0.1)
(0.3416666667 0.6333333333 0.1)
(0.41 0.6333333333 0.1)
(0.4783333333 0.6333333333 0.1)
(0.5466666667 0.6333333333 0.1)
(0.615 0.6333333333 0.1)
(0.6833333333 0.6333333333 0.1)
(0.7516666667 0.6333333333 0.1)
(0.82 0.6333333333 0.1)
(0.8883333333 0.6333333333 0.1)
(0.9566666667 0.6333333333 0.1)
(1.025 0.6333333333 0.1)
(1.093333333 0.6333333333 0.1)
(1.161666667 0.6333333333 0.1)
(1.23 0.6333333333 0.1)
(1.298333333 0.6333333333 0.1)
(1.366666667 0.6333333333 0.1)
(1.435 0.6333333333 0.1)
(1.503333333 0.6333333333 0.1)
(1.571666667 0.6333333333 0.1)
(1.64 0.6333333333 0.1)
(1.708333333 0.6333333333 0.1)
(1.776666667 0.6333333333 0.1)
(1.845 0.6333333333 0.1)
(1.913333333 0.6333333333 0.1)
(1.981666667 0.6333333333 0.1)
(2.05 0.6333333333 0.1)
(2.118333333 0.6333333333 0.1)
(2.186666667 0.6333333333 0.1)
(2.255 0.6333333333 0.1)
(2.323333333 0.6333333333 0.1)
(2.391666667 0.6333333333 0.1)
(2.46 0.6333333333 0.1)
(2.528333333 0.6333333333 0.1)
(2.596666667 0.6333333333 0.1)
(2.665 0.6333333333 0.1)
(2.733333333 0.6333333333 0.1)
(2.801666667 0.6333333333 0.1)
(2.87 0.6333333333 0.1)
(2.938333333 0.6333333333 0.1)
(3.006666667 0.6333333333 0.1)
(3.075 0.6333333333 0.1)
(3.143333333 0.6333333333 0.1)
(3.211666667 0.6333333333 0.1)
(3.28 0.6333333333 0.1)
(3.348333333 0.6333333333 0.1)
(3.416666667 0.6333333333 0.1)
(3.485 0.6333333333 0.1)
(3.553333333 0.6333333333 0.1)
(3.621666667 0.6333333333 0.1)
(3.69 0.6333333333 0.1)
(3.758333333 0.6333333333 0.1)
(3.826666667 0.6333333333 0.1)
(3.895 0.6333333333 0.1)
(3.963333333 0.6333333333 0.1)
(4.031666667 0.6333333333 0.1)
(4.1 0.6333333333 0.1)
(0 0.6666666667 0.1)
(0.06833333333 0.6666666667 0.1)
(0.1366666667 0.6666666667 0.1)
(0.205 0.6666666667 0.1)
(0.2733333333 0.6666666667 0.1)
(0.3416666667 0.6666666667 0.1)
(0.41 0.6666666667 0.1)
(0.4783333333 0.6666666667 0.1)
(0.5466666667 0.6666666667 0.1)
(0.615 0.6666666667 0.1)
(0.6833333333 0.6666666667 0.1)
(0.7516666667 0.6666666667 0.1)
(0.82 0.6666666667 0.1)
(0.8883333333 0.6666666667 0.1)
(0.9566666667 0.6666666667 0.1)
(1.025 0.6666666667 0.1)
(1.093333333 0.6666666667 0.1)
(1.161666667 0.6666666667 0.1)
(1.23 0.6666666667 0.1)
(1.298333333 0.6666666667 0.1)
(1.366666667 0.6666666667 0.1)
(1.435 0.6666666667 0.1)
(1.503333333 0.6666666667 0.1)
(1.571666667 0.6666666667 0.1)
(1.64 0.6666666667 0.1)
(1.708333333 0.6666666667 0.1)
(1.776666667 0.6666666667 0.1)
(1.845 0.6666666667 0.1)
(1.913333333 0.6666666667 0.1)
(1.981666667 0.6666666667 0.1)
(2.05 0.6666666667 0.1)
(2.118333333 0.6666666667 0.1)
(2.186666667 0.6666666667 0.1)
(2.255 0.6666666667 0.1)
(2.323333333 0.6666666667 0.1)
(2.391666667 0.6666666667 0.1)
(2.46 0.6666666667 0.1)
(2.528333333 0.6666666667 0.1)
(2.596666667 0.6666666667 0.1)
(2.665 0.6666666667 0.1)
(2.733333333 0.6666666667 0.1)
(2.801666667 0.6666666667 0.1)
(2.87 0.6666666667 0.1)
(2.938333333 0.6666666667 0.1)
(3.006666667 0.6666666667 0.1)
(3.075 0.6666666667 0.1)
(3.143333333 0.6666666667 0.1)
(3.211666667 0.6666666667 0.1)
(3.28 0.6666666667 0.1)
(3.348333333 0.6666666667 0.1)
(3.416666667 0.6666666667 0.1)
(3.485 0.6666666667 0.1)
(3.553333333 0.6666666667 0.1)
(3.621666667 0.6666666667 0.1)
(3.69 0.6666666667 0.1)
(3.758333333 0.6666666667 0.1)
(3.826666667 0.6666666667 0.1)
(3.895 0.6666666667 0.1)
(3.963333333 0.6666666667 0.1)
(4.031666667 0.6666666667 0.1)
(4.1 0.6666666667 0.1)
(0 0.7 0.1)
(0.06833333333 0.7 0.1)
(0.1366666667 0.7 0.1)
(0.205 0.7 0.1)
(0.2733333333 0.7 0.1)
(0.3416666667 0.7 0.1)
(0.41 0.7 0.1)
(0.4783333333 0.7 0.1)
(0.5466666667 0.7 0.1)
(0.615 0.7 0.1)
(0.6833333333 0.7 0.1)
(0.7516666667 0.7 0.1)
(0.82 0.7 0.1)
(0.8883333333 0.7 0.1)
(0.9566666667 0.7 0.1)
(1.025 0.7 0.1)
(1.093333333 0.7 0.1)
(1.161666667 0.7 0.1)
(1.23 0.7 0.1)
(1.298333333 0.7 0.1)
(1.366666667 0.7 0.1)
(1.435 0.7 0.1)
(1.503333333 0.7 0.1)
(1.571666667 0.7 0.1)
(1.64 0.7 0.1)
(1.708333333 0.7 0.1)
(1.776666667 0.7 0.1)
(1.845 0.7 0.1)
(1.913333333 0.7 0.1)
(1.981666667 0.7 0.1)
(2.05 0.7 0.1)
(2.118333333 0.7 0.1)
(2.186666667 0.7 0.1)
(2.255 0.7 0.1)
(2.323333333 0.7 0.1)
(2.391666667 0.7 0.1)
(2.46 0.7 0.1)
(2.528333333 0.7 0.1)
(2.596666667 0.7 0.1)
(2.665 0.7 0.1)
(2.733333333 0.7 0.1)
(2.801666667 0.7 0.1)
(2.87 0.7 0.1)
(2.938333333 0.7 0.1)
(3.006666667 0.7 0.1)
(3.075 0.7 0.1)
(3.143333333 0.7 0.1)
(3.211666667 0.7 0.1)
(3.28 0.7 0.1)
(3.348333333 0.7 0.1)
(3.416666667 0.7 0.1)
(3.485 0.7 0.1)
(3.553333333 0.7 0.1)
(3.621666667 0.7 0.1)
(3.69 0.7 0.1)
(3.758333333 0.7 0.1)
(3.826666667 0.7 0.1)
(3.895 0.7 0.1)
(3.963333333 0.7 0.1)
(4.031666667 0.7 0.1)
(4.1 0.7 0.1)
(0 0.7333333333 0.1)
(0.06833333333 0.7333333333 0.1)
(0.1366666667 0.7333333333 0.1)
(0.205 0.7333333333 0.1)
(0.2733333333 0.7333333333 0.1)
(0.3416666667 0.7333333333 0.1)
(0.41 0.7333333333 0.1)
(0.4783333333 0.7333333333 0.1)
(0.5466666667 0.7333333333 0.1)
(0.615 0.7333333333 0.1)
(0.6833333333 0.7333333333 0.1)
(0.7516666667 0.7333333333 0.1)
(0.82 0.7333333333 0.1)
(0.8883333333 0.7333333333 0.1)
(0.9566666667 0.7333333333 0.1)
(1.025 0.7333333333 0.1)
(1.093333333 0.7333333333 0.1)
(1.161666667 0.7333333333 0.1)
(1.23 0.7333333333 0.1)
(1.298333333 0.7333333333 0.1)
(1.366666667 0.7333333333 0.1)
(1.435 0.7333333333 0.1)
(1.503333333 0.7333333333 0.1)
(1.571666667 0.7333333333 0.1)
(1.64 0.7333333333 0.1)
(1.708333333 0.7333333333 0.1)
(1.776666667 0.7333333333 0.1)
(1.845 0.7333333333 0.1)
(1.913333333 0.7333333333 0.1)
(1.981666667 0.7333333333 0.1)
(2.05 0.7333333333 0.1)
(2.118333333 0.7333333333 0.1)
(2.186666667 0.7333333333 0.1)
(2.255 0.7333333333 0.1)
(2.323333333 0.7333333333 0.1)
(2.391666667 0.7333333333 0.1)
(2.46 0.7333333333 0.1)
(2.528333333 0.7333333333 0.1)
(2.596666667 0.7333333333 0.1)
(2.665 0.7333333333 0.1)
(2.733333333 0.7333333333 0.1)
(2.801666667 0.7333333333 0.1)
(2.87 0.7333333333 0.1)
(2.938333333 0.7333333333 0.1)
(3.006666667 0.7333333333 0.1)
(3.075 0.7333333333 0.1)
(3.143333333 0.7333333333 0.1)
(3.211666667 0.7333333333 0.1)
(3.28 0.7333333333 0.1)
(3.348333333 0.7333333333 0.1)
(3.416666667 0.7333333333 0.1)
(3.485 0.7333333333 0.1)
(3.553333333 0.7333333333 0.1)
(3.621666667 0.7333333333 0.1)
(3.69 0.7333333333 0.1)
(3.758333333 0.7333333333 0.1)
(3.826666667 0.7333333333 0.1)
(3.895 0.7333333333 0.1)
(3.963333333 0.7333333333 0.1)
(4.031666667 0.7333333333 0.1)
(4.1 0.7333333333 0.1)
(0 0.7666666667 0.1)
(0.06833333333 0.7666666667 0.1)
(0.1366666667 0.7666666667 0.1)
(0.205 0.7666666667 0.1)
(0.2733333333 0.7666666667 0.1)
(0.3416666667 0.7666666667 0.1)
(0.41 0.7666666667 0.1)
(0.4783333333 0.7666666667 0.1)
(0.5466666667 0.7666666667 0.1)
(0.615 0.7666666667 0.1)
(0.6833333333 0.7666666667 0.1)
(0.7516666667 0.7666666667 0.1)
(0.82 0.7666666667 0.1)
(0.8883333333 0.7666666667 0.1)
(0.9566666667 0.7666666667 0.1)
(1.025 0.7666666667 0.1)
(1.093333333 0.7666666667 0.1)
(1.161666667 0.7666666667 0.1)
(1.23 0.7666666667 0.1)
(1.298333333 0.7666666667 0.1)
(1.366666667 0.7666666667 0.1)
(1.435 0.7666666667 0.1)
(1.503333333 0.7666666667 0.1)
(1.571666667 0.7666666667 0.1)
(1.64 0.7666666667 0.1)
(1.708333333 0.7666666667 0.1)
(1.776666667 0.7666666667 0.1)
(1.845 0.7666666667 0.1)
(1.913333333 0.7666666667 0.1)
(1.981666667 0.7666666667 0.1)
(2.05 0.7666666667 0.1)
(2.118333333 0.7666666667 0.1)
(2.186666667 0.7666666667 0.1)
(2.255 0.7666666667 0.1)
(2.323333333 0.7666666667 0.1)
(2.391666667 0.7666666667 0.1)
(2.46 0.7666666667 0.1)
(2.528333333 0.7666666667 0.1)
(2.596666667 0.7666666667 0.1)
(2.665 0.7666666667 0.1)
(2.733333333 0.7666666667 0.1)
(2.801666667 0.7666666667 0.1)
(2.87 0.7666666667 0.1)
(2.938333333 0.7666666667 0.1)
(3.006666667 0.7666666667 0.1)
(3.075 0.7666666667 0.1)
(3.143333333 0.7666666667 0.1)
(3.211666667 0.7666666667 0.1)
(3.28 0.7666666667 0.1)
(3.348333333 0.7666666667 0.1)
(3.416666667 0.7666666667 0.1)
(3.485 0.7666666667 0.1)
(3.553333333 0.7666666667 0.1)
(3.621666667 0.7666666667 0.1)
(3.69 0.7666666667 0.1)
(3.758333333 0.7666666667 0.1)
(3.826666667 0.7666666667 0.1)
(3.895 0.7666666667 0.1)
(3.963333333 0.7666666667 0.1)
(4.031666667 0.7666666667 0.1)
(4.1 0.7666666667 0.1)
(0 0.8 0.1)
(0.06833333333 0.8 0.1)
(0.1366666667 0.8 0.1)
(0.205 0.8 0.1)
(0.2733333333 0.8 0.1)
(0.3416666667 0.8 0.1)
(0.41 0.8 0.1)
(0.4783333333 0.8 0.1)
(0.5466666667 0.8 0.1)
(0.615 0.8 0.1)
(0.6833333333 0.8 0.1)
(0.7516666667 0.8 0.1)
(0.82 0.8 0.1)
(0.8883333333 0.8 0.1)
(0.9566666667 0.8 0.1)
(1.025 0.8 0.1)
(1.093333333 0.8 0.1)
(1.161666667 0.8 0.1)
(1.23 0.8 0.1)
(1.298333333 0.8 0.1)
(1.366666667 0.8 0.1)
(1.435 0.8 0.1)
(1.503333333 0.8 0.1)
(1.571666667 0.8 0.1)
(1.64 0.8 0.1)
(1.708333333 0.8 0.1)
(1.776666667 0.8 0.1)
(1.845 0.8 0.1)
(1.913333333 0.8 0.1)
(1.981666667 0.8 0.1)
(2.05 0.8 0.1)
(2.118333333 0.8 0.1)
(2.186666667 0.8 0.1)
(2.255 0.8 0.1)
(2.323333333 0.8 0.1)
(2.391666667 0.8 0.1)
(2.46 0.8 0.1)
(2.528333333 0.8 0.1)
(2.596666667 0.8 0.1)
(2.665 0.8 0.1)
(2.733333333 0.8 0.1)
(2.801666667 0.8 0.1)
(2.87 0.8 0.1)
(2.938333333 0.8 0.1)
(3.006666667 0.8 0.1)
(3.075 0.8 0.1)
(3.143333333 0.8 0.1)
(3.211666667 0.8 0.1)
(3.28 0.8 0.1)
(3.348333333 0.8 0.1)
(3.416666667 0.8 0.1)
(3.485 0.8 0.1)
(3.553333333 0.8 0.1)
(3.621666667 0.8 0.1)
(3.69 0.8 0.1)
(3.758333333 0.8 0.1)
(3.826666667 0.8 0.1)
(3.895 0.8 0.1)
(3.963333333 0.8 0.1)
(4.031666667 0.8 0.1)
(4.1 0.8 0.1)
(0 0.8333333333 0.1)
(0.06833333333 0.8333333333 0.1)
(0.1366666667 0.8333333333 0.1)
(0.205 0.8333333333 0.1)
(0.2733333333 0.8333333333 0.1)
(0.3416666667 0.8333333333 0.1)
(0.41 0.8333333333 0.1)
(0.4783333333 0.8333333333 0.1)
(0.5466666667 0.8333333333 0.1)
(0.615 0.8333333333 0.1)
(0.6833333333 0.8333333333 0.1)
(0.7516666667 0.8333333333 0.1)
(0.82 0.8333333333 0.1)
(0.8883333333 0.8333333333 0.1)
(0.9566666667 0.8333333333 0.1)
(1.025 0.8333333333 0.1)
(1.093333333 0.8333333333 0.1)
(1.161666667 0.8333333333 0.1)
(1.23 0.8333333333 0.1)
(1.298333333 0.8333333333 0.1)
(1.366666667 0.8333333333 0.1)
(1.435 0.8333333333 0.1)
(1.503333333 0.8333333333 0.1)
(1.571666667 0.8333333333 0.1)
(1.64 0.8333333333 0.1)
(1.708333333 0.8333333333 0.1)
(1.776666667 0.8333333333 0.1)
(1.845 0.8333333333 0.1)
(1.913333333 0.8333333333 0.1)
(1.981666667 0.8333333333 0.1)
(2.05 0.8333333333 0.1)
(2.118333333 0.8333333333 0.1)
(2.186666667 0.8333333333 0.1)
(2.255 0.8333333333 0.1)
(2.323333333 0.8333333333 0.1)
(2.391666667 0.8333333333 0.1)
(2.46 0.8333333333 0.1)
(2.528333333 0.8333333333 0.1)
(2.596666667 0.8333333333 0.1)
(2.665 0.8333333333 0.1)
(2.733333333 0.8333333333 0.1)
(2.801666667 0.8333333333 0.1)
(2.87 0.8333333333 0.1)
(2.938333333 0.8333333333 0.1)
(3.006666667 0.8333333333 0.1)
(3.075 0.8333333333 0.1)
(3.143333333 0.8333333333 0.1)
(3.211666667 0.8333333333 0.1)
(3.28 0.8333333333 0.1)
(3.348333333 0.8333333333 0.1)
(3.416666667 0.8333333333 0.1)
(3.485 0.8333333333 0.1)
(3.553333333 0.8333333333 0.1)
(3.621666667 0.8333333333 0.1)
(3.69 0.8333333333 0.1)
(3.758333333 0.8333333333 0.1)
(3.826666667 0.8333333333 0.1)
(3.895 0.8333333333 0.1)
(3.963333333 0.8333333333 0.1)
(4.031666667 0.8333333333 0.1)
(4.1 0.8333333333 0.1)
(0 0.8666666667 0.1)
(0.06833333333 0.8666666667 0.1)
(0.1366666667 0.8666666667 0.1)
(0.205 0.8666666667 0.1)
(0.2733333333 0.8666666667 0.1)
(0.3416666667 0.8666666667 0.1)
(0.41 0.8666666667 0.1)
(0.4783333333 0.8666666667 0.1)
(0.5466666667 0.8666666667 0.1)
(0.615 0.8666666667 0.1)
(0.6833333333 0.8666666667 0.1)
(0.7516666667 0.8666666667 0.1)
(0.82 0.8666666667 0.1)
(0.8883333333 0.8666666667 0.1)
(0.9566666667 0.8666666667 0.1)
(1.025 0.8666666667 0.1)
(1.093333333 0.8666666667 0.1)
(1.161666667 0.8666666667 0.1)
(1.23 0.8666666667 0.1)
(1.298333333 0.8666666667 0.1)
(1.366666667 0.8666666667 0.1)
(1.435 0.8666666667 0.1)
(1.503333333 0.8666666667 0.1)
(1.571666667 0.8666666667 0.1)
(1.64 0.8666666667 0.1)
(1.708333333 0.8666666667 0.1)
(1.776666667 0.8666666667 0.1)
(1.845 0.8666666667 0.1)
(1.913333333 0.8666666667 0.1)
(1.981666667 0.8666666667 0.1)
(2.05 0.8666666667 0.1)
(2.118333333 0.8666666667 0.1)
(2.186666667 0.8666666667 0.1)
(2.255 0.8666666667 0.1)
(2.323333333 0.8666666667 0.1)
(2.391666667 0.8666666667 0.1)
(2.46 0.8666666667 0.1)
(2.528333333 0.8666666667 0.1)
(2.596666667 0.8666666667 0.1)
(2.665 0.8666666667 0.1)
(2.733333333 0.8666666667 0.1)
(2.801666667 0.8666666667 0.1)
(2.87 0.8666666667 0.1)
(2.938333333 0.8666666667 0.1)
(3.006666667 0.8666666667 0.1)
(3.075 0.8666666667 0.1)
(3.143333333 0.8666666667 0.1)
(3.211666667 0.8666666667 0.1)
(3.28 0.8666666667 0.1)
(3.348333333 0.8666666667 0.1)
(3.416666667 0.8666666667 0.1)
(3.485 0.8666666667 0.1)
(3.553333333 0.8666666667 0.1)
(3.621666667 0.8666666667 0.1)
(3.69 0.8666666667 0.1)
(3.758333333 0.8666666667 0.1)
(3.826666667 0.8666666667 0.1)
(3.895 0.8666666667 0.1)
(3.963333333 0.8666666667 0.1)
(4.031666667 0.8666666667 0.1)
(4.1 0.8666666667 0.1)
(0 0.9 0.1)
(0.06833333333 0.9 0.1)
(0.1366666667 0.9 0.1)
(0.205 0.9 0.1)
(0.2733333333 0.9 0.1)
(0.3416666667 0.9 0.1)
(0.41 0.9 0.1)
(0.4783333333 0.9 0.1)
(0.5466666667 0.9 0.1)
(0.615 0.9 0.1)
(0.6833333333 0.9 0.1)
(0.7516666667 0.9 0.1)
(0.82 0.9 0.1)
(0.8883333333 0.9 0.1)
(0.9566666667 0.9 0.1)
(1.025 0.9 0.1)
(1.093333333 0.9 0.1)
(1.161666667 0.9 0.1)
(1.23 0.9 0.1)
(1.298333333 0.9 0.1)
(1.366666667 0.9 0.1)
(1.435 0.9 0.1)
(1.503333333 0.9 0.1)
(1.571666667 0.9 0.1)
(1.64 0.9 0.1)
(1.708333333 0.9 0.1)
(1.776666667 0.9 0.1)
(1.845 0.9 0.1)
(1.913333333 0.9 0.1)
(1.981666667 0.9 0.1)
(2.05 0.9 0.1)
(2.118333333 0.9 0.1)
(2.186666667 0.9 0.1)
(2.255 0.9 0.1)
(2.323333333 0.9 0.1)
(2.391666667 0.9 0.1)
(2.46 0.9 0.1)
(2.528333333 0.9 0.1)
(2.596666667 0.9 0.1)
(2.665 0.9 0.1)
(2.733333333 0.9 0.1)
(2.801666667 0.9 0.1)
(2.87 0.9 0.1)
(2.938333333 0.9 0.1)
(3.006666667 0.9 0.1)
(3.075 0.9 0.1)
(3.143333333 0.9 0.1)
(3.211666667 0.9 0.1)
(3.28 0.9 0.1)
(3.348333333 0.9 0.1)
(3.416666667 0.9 0.1)
(3.485 0.9 0.1)
(3.553333333 0.9 0.1)
(3.621666667 0.9 0.1)
(3.69 0.9 0.1)
(3.758333333 0.9 0.1)
(3.826666667 0.9 0.1)
(3.895 0.9 0.1)
(3.963333333 0.9 0.1)
(4.031666667 0.9 0.1)
(4.1 0.9 0.1)
(0 0.9333333333 0.1)
(0.06833333333 0.9333333333 0.1)
(0.1366666667 0.9333333333 0.1)
(0.205 0.9333333333 0.1)
(0.2733333333 0.9333333333 0.1)
(0.3416666667 0.9333333333 0.1)
(0.41 0.9333333333 0.1)
(0.4783333333 0.9333333333 0.1)
(0.5466666667 0.9333333333 0.1)
(0.615 0.9333333333 0.1)
(0.6833333333 0.9333333333 0.1)
(0.7516666667 0.9333333333 0.1)
(0.82 0.9333333333 0.1)
(0.8883333333 0.9333333333 0.1)
(0.9566666667 0.9333333333 0.1)
(1.025 0.9333333333 0.1)
(1.093333333 0.9333333333 0.1)
(1.161666667 0.9333333333 0.1)
(1.23 0.9333333333 0.1)
(1.298333333 0.9333333333 0.1)
(1.366666667 0.9333333333 0.1)
(1.435 0.9333333333 0.1)
(1.503333333 0.9333333333 0.1)
(1.571666667 0.9333333333 0.1)
(1.64 0.9333333333 0.1)
(1.708333333 0.9333333333 0.1)
(1.776666667 0.9333333333 0.1)
(1.845 0.9333333333 0.1)
(1.913333333 0.9333333333 0.1)
(1.981666667 0.9333333333 0.1)
(2.05 0.9333333333 0.1)
(2.118333333 0.9333333333 0.1)
(2.186666667 0.9333333333 0.1)
(2.255 0.9333333333 0.1)
(2.323333333 0.9333333333 0.1)
(2.391666667 0.9333333333 0.1)
(2.46 0.9333333333 0.1)
(2.528333333 0.9333333333 0.1)
(2.596666667 0.9333333333 0.1)
(2.665 0.9333333333 0.1)
(2.733333333 0.9333333333 0.1)
(2.801666667 0.9333333333 0.1)
(2.87 0.9333333333 0.1)
(2.938333333 0.9333333333 0.1)
(3.006666667 0.9333333333 0.1)
(3.075 0.9333333333 0.1)
(3.143333333 0.9333333333 0.1)
(3.211666667 0.9333333333 0.1)
(3.28 0.9333333333 0.1)
(3.348333333 0.9333333333 0.1)
(3.416666667 0.9333333333 0.1)
(3.485 0.9333333333 0.1)
(3.553333333 0.9333333333 0.1)
(3.621666667 0.9333333333 0.1)
(3.69 0.9333333333 0.1)
(3.758333333 0.9333333333 0.1)
(3.826666667 0.9333333333 0.1)
(3.895 0.9333333333 0.1)
(3.963333333 0.9333333333 0.1)
(4.031666667 0.9333333333 0.1)
(4.1 0.9333333333 0.1)
(0 0.9666666667 0.1)
(0.06833333333 0.9666666667 0.1)
(0.1366666667 0.9666666667 0.1)
(0.205 0.9666666667 0.1)
(0.2733333333 0.9666666667 0.1)
(0.3416666667 0.9666666667 0.1)
(0.41 0.9666666667 0.1)
(0.4783333333 0.9666666667 0.1)
(0.5466666667 0.9666666667 0.1)
(0.615 0.9666666667 0.1)
(0.6833333333 0.9666666667 0.1)
(0.7516666667 0.9666666667 0.1)
(0.82 0.9666666667 0.1)
(0.8883333333 0.9666666667 0.1)
(0.9566666667 0.9666666667 0.1)
(1.025 0.9666666667 0.1)
(1.093333333 0.9666666667 0.1)
(1.161666667 0.9666666667 0.1)
(1.23 0.9666666667 0.1)
(1.298333333 0.9666666667 0.1)
(1.366666667 0.9666666667 0.1)
(1.435 0.9666666667 0.1)
(1.503333333 0.9666666667 0.1)
(1.571666667 0.9666666667 0.1)
(1.64 0.9666666667 0.1)
(1.708333333 0.9666666667 0.1)
(1.776666667 0.9666666667 0.1)
(1.845 0.9666666667 0.1)
(1.913333333 0.9666666667 0.1)
(1.981666667 0.9666666667 0.1)
(2.05 0.9666666667 0.1)
(2.118333333 0.9666666667 0.1)
(2.186666667 0.9666666667 0.1)
(2.255 0.9666666667 0.1)
(2.323333333 0.9666666667 0.1)
(2.391666667 0.9666666667 0.1)
(2.46 0.9666666667 0.1)
(2.528333333 0.9666666667 0.1)
(2.596666667 0.9666666667 0.1)
(2.665 0.9666666667 0.1)
(2.733333333 0.9666666667 0.1)
(2.801666667 0.9666666667 0.1)
(2.87 0.9666666667 0.1)
(2.938333333 0.9666666667 0.1)
(3.006666667 0.9666666667 0.1)
(3.075 0.9666666667 0.1)
(3.143333333 0.9666666667 0.1)
(3.211666667 0.9666666667 0.1)
(3.28 0.9666666667 0.1)
(3.348333333 0.9666666667 0.1)
(3.416666667 0.9666666667 0.1)
(3.485 0.9666666667 0.1)
(3.553333333 0.9666666667 0.1)
(3.621666667 0.9666666667 0.1)
(3.69 0.9666666667 0.1)
(3.758333333 0.9666666667 0.1)
(3.826666667 0.9666666667 0.1)
(3.895 0.9666666667 0.1)
(3.963333333 0.9666666667 0.1)
(4.031666667 0.9666666667 0.1)
(4.1 0.9666666667 0.1)
(0 1 0.1)
(0.06833333333 1 0.1)
(0.1366666667 1 0.1)
(0.205 1 0.1)
(0.2733333333 1 0.1)
(0.3416666667 1 0.1)
(0.41 1 0.1)
(0.4783333333 1 0.1)
(0.5466666667 1 0.1)
(0.615 1 0.1)
(0.6833333333 1 0.1)
(0.7516666667 1 0.1)
(0.82 1 0.1)
(0.8883333333 1 0.1)
(0.9566666667 1 0.1)
(1.025 1 0.1)
(1.093333333 1 0.1)
(1.161666667 1 0.1)
(1.23 1 0.1)
(1.298333333 1 0.1)
(1.366666667 1 0.1)
(1.435 1 0.1)
(1.503333333 1 0.1)
(1.571666667 1 0.1)
(1.64 1 0.1)
(1.708333333 1 0.1)
(1.776666667 1 0.1)
(1.845 1 0.1)
(1.913333333 1 0.1)
(1.981666667 1 0.1)
(2.05 1 0.1)
(2.118333333 1 0.1)
(2.186666667 1 0.1)
(2.255 1 0.1)
(2.323333333 1 0.1)
(2.391666667 1 0.1)
(2.46 1 0.1)
(2.528333333 1 0.1)
(2.596666667 1 0.1)
(2.665 1 0.1)
(2.733333333 1 0.1)
(2.801666667 1 0.1)
(2.87 1 0.1)
(2.938333333 1 0.1)
(3.006666667 1 0.1)
(3.075 1 0.1)
(3.143333333 1 0.1)
(3.211666667 1 0.1)
(3.28 1 0.1)
(3.348333333 1 0.1)
(3.416666667 1 0.1)
(3.485 1 0.1)
(3.553333333 1 0.1)
(3.621666667 1 0.1)
(3.69 1 0.1)
(3.758333333 1 0.1)
(3.826666667 1 0.1)
(3.895 1 0.1)
(3.963333333 1 0.1)
(4.031666667 1 0.1)
(4.1 1 0.1)
)


// ************************************************************************* //
