/*--------------------------------*- C++ -*----------------------------------*\
| =========                 |                                                 |
| \\      /  F ield         | OpenFOAM: The Open Source CFD Toolbox           |
|  \\    /   O peration     | Version:  2406                                  |
|   \\  /    A nd           | Website:  www.openfoam.com                      |
|    \\/     M anipulation  |                                                 |
\*---------------------------------------------------------------------------*/
FoamFile
{
    version     2.0;
    format      ascii;
    arch        "LSB;label=32;scalar=64";
    class       vectorField;
    location    "constant/polyMesh";
    object      points;
}
// * * * * * * * * * * * * * * * * * * * * * * * * * * * * * * * * * * * * * //


3362
(
(0 0 0)
(0.025 0 0)
(0.05 0 0)
(0.075 0 0)
(0.1 0 0)
(0.125 0 0)
(0.15 0 0)
(0.175 0 0)
(0.2 0 0)
(0.225 0 0)
(0.25 0 0)
(0.275 0 0)
(0.3 0 0)
(0.325 0 0)
(0.35 0 0)
(0.375 0 0)
(0.4 0 0)
(0.425 0 0)
(0.45 0 0)
(0.475 0 0)
(0.5 0 0)
(0.525 0 0)
(0.55 0 0)
(0.575 0 0)
(0.6 0 0)
(0.625 0 0)
(0.65 0 0)
(0.675 0 0)
(0.7 0 0)
(0.725 0 0)
(0.75 0 0)
(0.775 0 0)
(0.8 0 0)
(0.825 0 0)
(0.85 0 0)
(0.875 0 0)
(0.9 0 0)
(0.925 0 0)
(0.95 0 0)
(0.975 0 0)
(1 0 0)
(0 0.025068 0)
(0.025 0.0250678 0)
(0.05 0.0250672 0)
(0.075 0.0250662 0)
(0.1 0.0250647 0)
(0.125 0.0250629 0)
(0.15 0.0250606 0)
(0.175 0.025058 0)
(0.2 0.0250551 0)
(0.225 0.0250517 0)
(0.25 0.0250481 0)
(0.275 0.0250442 0)
(0.3 0.02504 0)
(0.325 0.0250356 0)
(0.35 0.0250309 0)
(0.375 0.025026 0)
(0.4 0.025021 0)
(0.425 0.0250159 0)
(0.45 0.0250106 0)
(0.475 0.0250053 0)
(0.5 0.025 0)
(0.525 0.0249947 0)
(0.55 0.0249894 0)
(0.575 0.0249841 0)
(0.6 0.024979 0)
(0.625 0.024974 0)
(0.65 0.0249691 0)
(0.675 0.0249644 0)
(0.7 0.02496 0)
(0.725 0.0249558 0)
(0.75 0.0249519 0)
(0.775 0.0249483 0)
(0.8 0.0249449 0)
(0.825 0.024942 0)
(0.85 0.0249394 0)
(0.875 0.0249371 0)
(0.9 0.0249353 0)
(0.925 0.0249338 0)
(0.95 0.0249328 0)
(0.975 0.0249322 0)
(1 0.024932 0)
(0 0.0501365 0)
(0.025 0.0501361 0)
(0.05 0.0501348 0)
(0.075 0.0501327 0)
(0.1 0.0501298 0)
(0.125 0.0501261 0)
(0.15 0.0501216 0)
(0.175 0.0501164 0)
(0.2 0.0501104 0)
(0.225 0.0501038 0)
(0.25 0.0500965 0)
(0.275 0.0500887 0)
(0.3 0.0500802 0)
(0.325 0.0500713 0)
(0.35 0.050062 0)
(0.375 0.0500522 0)
(0.4 0.0500422 0)
(0.425 0.0500319 0)
(0.45 0.0500214 0)
(0.475 0.0500107 0)
(0.5 0.05 0)
(0.525 0.0499893 0)
(0.55 0.0499786 0)
(0.575 0.0499681 0)
(0.6 0.0499578 0)
(0.625 0.0499478 0)
(0.65 0.049938 0)
(0.675 0.0499287 0)
(0.7 0.0499198 0)
(0.725 0.0499113 0)
(0.75 0.0499035 0)
(0.775 0.0498962 0)
(0.8 0.0498896 0)
(0.825 0.0498836 0)
(0.85 0.0498784 0)
(0.875 0.0498739 0)
(0.9 0.0498702 0)
(0.925 0.0498673 0)
(0.95 0.0498652 0)
(0.975 0.0498639 0)
(1 0.0498635 0)
(0 0.0752058 0)
(0.025 0.0752052 0)
(0.05 0.0752033 0)
(0.075 0.0752001 0)
(0.1 0.0751957 0)
(0.125 0.0751902 0)
(0.15 0.0751834 0)
(0.175 0.0751755 0)
(0.2 0.0751665 0)
(0.225 0.0751565 0)
(0.25 0.0751455 0)
(0.275 0.0751337 0)
(0.3 0.075121 0)
(0.325 0.0751075 0)
(0.35 0.0750934 0)
(0.375 0.0750788 0)
(0.4 0.0750636 0)
(0.425 0.075048 0)
(0.45 0.0750322 0)
(0.475 0.0750161 0)
(0.5 0.075 0)
(0.525 0.0749839 0)
(0.55 0.0749678 0)
(0.575 0.074952 0)
(0.6 0.0749364 0)
(0.625 0.0749212 0)
(0.65 0.0749066 0)
(0.675 0.0748925 0)
(0.7 0.074879 0)
(0.725 0.0748663 0)
(0.75 0.0748545 0)
(0.775 0.0748435 0)
(0.8 0.0748335 0)
(0.825 0.0748245 0)
(0.85 0.0748166 0)
(0.875 0.0748098 0)
(0.9 0.0748043 0)
(0.925 0.0747999 0)
(0.95 0.0747967 0)
(0.975 0.0747948 0)
(1 0.0747942 0)
(0 0.100276 0)
(0.025 0.100276 0)
(0.05 0.100273 0)
(0.075 0.100269 0)
(0.1 0.100263 0)
(0.125 0.100255 0)
(0.15 0.100246 0)
(0.175 0.100236 0)
(0.2 0.100224 0)
(0.225 0.10021 0)
(0.25 0.100195 0)
(0.275 0.10018 0)
(0.3 0.100162 0)
(0.325 0.100144 0)
(0.35 0.100125 0)
(0.375 0.100106 0)
(0.4 0.100085 0)
(0.425 0.100065 0)
(0.45 0.100043 0)
(0.475 0.100022 0)
(0.5 0.1 0)
(0.525 0.0999783 0)
(0.55 0.0999568 0)
(0.575 0.0999355 0)
(0.6 0.0999146 0)
(0.625 0.0998942 0)
(0.65 0.0998745 0)
(0.675 0.0998556 0)
(0.7 0.0998375 0)
(0.725 0.0998205 0)
(0.75 0.0998046 0)
(0.775 0.0997898 0)
(0.8 0.0997764 0)
(0.825 0.0997643 0)
(0.85 0.0997537 0)
(0.875 0.0997446 0)
(0.9 0.0997371 0)
(0.925 0.0997312 0)
(0.95 0.099727 0)
(0.975 0.0997245 0)
(1 0.0997236 0)
(0 0.125349 0)
(0.025 0.125348 0)
(0.05 0.125344 0)
(0.075 0.125339 0)
(0.1 0.125332 0)
(0.125 0.125322 0)
(0.15 0.125311 0)
(0.175 0.125297 0)
(0.2 0.125282 0)
(0.225 0.125265 0)
(0.25 0.125247 0)
(0.275 0.125226 0)
(0.3 0.125205 0)
(0.325 0.125182 0)
(0.35 0.125158 0)
(0.375 0.125133 0)
(0.4 0.125108 0)
(0.425 0.125081 0)
(0.45 0.125055 0)
(0.475 0.125027 0)
(0.5 0.125 0)
(0.525 0.124973 0)
(0.55 0.124945 0)
(0.575 0.124919 0)
(0.6 0.124892 0)
(0.625 0.124867 0)
(0.65 0.124842 0)
(0.675 0.124818 0)
(0.7 0.124795 0)
(0.725 0.124774 0)
(0.75 0.124753 0)
(0.775 0.124735 0)
(0.8 0.124718 0)
(0.825 0.124703 0)
(0.85 0.124689 0)
(0.875 0.124678 0)
(0.9 0.124668 0)
(0.925 0.124661 0)
(0.95 0.124656 0)
(0.975 0.124652 0)
(1 0.124651 0)
(0 0.150423 0)
(0.025 0.150422 0)
(0.05 0.150418 0)
(0.075 0.150411 0)
(0.1 0.150402 0)
(0.125 0.150391 0)
(0.15 0.150377 0)
(0.175 0.150361 0)
(0.2 0.150342 0)
(0.225 0.150322 0)
(0.25 0.150299 0)
(0.275 0.150275 0)
(0.3 0.150249 0)
(0.325 0.150221 0)
(0.35 0.150192 0)
(0.375 0.150162 0)
(0.4 0.150131 0)
(0.425 0.150099 0)
(0.45 0.150066 0)
(0.475 0.150033 0)
(0.5 0.15 0)
(0.525 0.149967 0)
(0.55 0.149934 0)
(0.575 0.149901 0)
(0.6 0.149869 0)
(0.625 0.149838 0)
(0.65 0.149808 0)
(0.675 0.149779 0)
(0.7 0.149751 0)
(0.725 0.149725 0)
(0.75 0.149701 0)
(0.775 0.149678 0)
(0.8 0.149658 0)
(0.825 0.149639 0)
(0.85 0.149623 0)
(0.875 0.149609 0)
(0.9 0.149598 0)
(0.925 0.149589 0)
(0.95 0.149582 0)
(0.975 0.149578 0)
(1 0.149577 0)
(0 0.1755 0)
(0.025 0.175499 0)
(0.05 0.175494 0)
(0.075 0.175486 0)
(0.1 0.175476 0)
(0.125 0.175462 0)
(0.15 0.175446 0)
(0.175 0.175426 0)
(0.2 0.175405 0)
(0.225 0.17538 0)
(0.25 0.175354 0)
(0.275 0.175325 0)
(0.3 0.175294 0)
(0.325 0.175261 0)
(0.35 0.175227 0)
(0.375 0.175191 0)
(0.4 0.175155 0)
(0.425 0.175117 0)
(0.45 0.175078 0)
(0.475 0.175039 0)
(0.5 0.175 0)
(0.525 0.174961 0)
(0.55 0.174922 0)
(0.575 0.174883 0)
(0.6 0.174845 0)
(0.625 0.174809 0)
(0.65 0.174773 0)
(0.675 0.174739 0)
(0.7 0.174706 0)
(0.725 0.174675 0)
(0.75 0.174646 0)
(0.775 0.17462 0)
(0.8 0.174595 0)
(0.825 0.174574 0)
(0.85 0.174554 0)
(0.875 0.174538 0)
(0.9 0.174524 0)
(0.925 0.174514 0)
(0.95 0.174506 0)
(0.975 0.174501 0)
(1 0.1745 0)
(0 0.20058 0)
(0.025 0.200578 0)
(0.05 0.200573 0)
(0.075 0.200564 0)
(0.1 0.200552 0)
(0.125 0.200536 0)
(0.15 0.200517 0)
(0.175 0.200495 0)
(0.2 0.200469 0)
(0.225 0.200441 0)
(0.25 0.20041 0)
(0.275 0.200377 0)
(0.3 0.200341 0)
(0.325 0.200303 0)
(0.35 0.200263 0)
(0.375 0.200222 0)
(0.4 0.200179 0)
(0.425 0.200135 0)
(0.45 0.200091 0)
(0.475 0.200046 0)
(0.5 0.2 0)
(0.525 0.199954 0)
(0.55 0.199909 0)
(0.575 0.199865 0)
(0.6 0.199821 0)
(0.625 0.199778 0)
(0.65 0.199737 0)
(0.675 0.199697 0)
(0.7 0.199659 0)
(0.725 0.199623 0)
(0.75 0.19959 0)
(0.775 0.199559 0)
(0.8 0.199531 0)
(0.825 0.199505 0)
(0.85 0.199483 0)
(0.875 0.199464 0)
(0.9 0.199448 0)
(0.925 0.199436 0)
(0.95 0.199427 0)
(0.975 0.199422 0)
(1 0.19942 0)
(0 0.225664 0)
(0.025 0.225662 0)
(0.05 0.225656 0)
(0.075 0.225646 0)
(0.1 0.225631 0)
(0.125 0.225613 0)
(0.15 0.225592 0)
(0.175 0.225566 0)
(0.2 0.225537 0)
(0.225 0.225505 0)
(0.25 0.22547 0)
(0.275 0.225431 0)
(0.3 0.22539 0)
(0.325 0.225347 0)
(0.35 0.225301 0)
(0.375 0.225254 0)
(0.4 0.225205 0)
(0.425 0.225155 0)
(0.45 0.225104 0)
(0.475 0.225052 0)
(0.5 0.225 0)
(0.525 0.224948 0)
(0.55 0.224896 0)
(0.575 0.224845 0)
(0.6 0.224795 0)
(0.625 0.224746 0)
(0.65 0.224699 0)
(0.675 0.224653 0)
(0.7 0.22461 0)
(0.725 0.224569 0)
(0.75 0.22453 0)
(0.775 0.224495 0)
(0.8 0.224463 0)
(0.825 0.224434 0)
(0.85 0.224408 0)
(0.875 0.224387 0)
(0.9 0.224369 0)
(0.925 0.224354 0)
(0.95 0.224344 0)
(0.975 0.224338 0)
(1 0.224336 0)
(0 0.250752 0)
(0.025 0.250749 0)
(0.05 0.250743 0)
(0.075 0.250731 0)
(0.1 0.250715 0)
(0.125 0.250695 0)
(0.15 0.25067 0)
(0.175 0.250641 0)
(0.2 0.250608 0)
(0.225 0.250572 0)
(0.25 0.250532 0)
(0.275 0.250488 0)
(0.3 0.250442 0)
(0.325 0.250393 0)
(0.35 0.250341 0)
(0.375 0.250288 0)
(0.4 0.250232 0)
(0.425 0.250175 0)
(0.45 0.250118 0)
(0.475 0.250059 0)
(0.5 0.25 0)
(0.525 0.249941 0)
(0.55 0.249882 0)
(0.575 0.249825 0)
(0.6 0.249768 0)
(0.625 0.249712 0)
(0.65 0.249659 0)
(0.675 0.249607 0)
(0.7 0.249558 0)
(0.725 0.249512 0)
(0.75 0.249468 0)
(0.775 0.249428 0)
(0.8 0.249392 0)
(0.825 0.249359 0)
(0.85 0.24933 0)
(0.875 0.249305 0)
(0.9 0.249285 0)
(0.925 0.249269 0)
(0.95 0.249257 0)
(0.975 0.249251 0)
(1 0.249248 0)
(0 0.275844 0)
(0.025 0.275842 0)
(0.05 0.275834 0)
(0.075 0.275821 0)
(0.1 0.275803 0)
(0.125 0.27578 0)
(0.15 0.275752 0)
(0.175 0.27572 0)
(0.2 0.275683 0)
(0.225 0.275642 0)
(0.25 0.275597 0)
(0.275 0.275548 0)
(0.3 0.275496 0)
(0.325 0.275441 0)
(0.35 0.275383 0)
(0.375 0.275323 0)
(0.4 0.275261 0)
(0.425 0.275197 0)
(0.45 0.275132 0)
(0.475 0.275066 0)
(0.5 0.275 0)
(0.525 0.274934 0)
(0.55 0.274868 0)
(0.575 0.274803 0)
(0.6 0.274739 0)
(0.625 0.274677 0)
(0.65 0.274617 0)
(0.675 0.274559 0)
(0.7 0.274504 0)
(0.725 0.274452 0)
(0.75 0.274403 0)
(0.775 0.274358 0)
(0.8 0.274317 0)
(0.825 0.27428 0)
(0.85 0.274248 0)
(0.875 0.27422 0)
(0.9 0.274197 0)
(0.925 0.274179 0)
(0.95 0.274166 0)
(0.975 0.274158 0)
(1 0.274156 0)
(0 0.300942 0)
(0.025 0.300939 0)
(0.05 0.30093 0)
(0.075 0.300916 0)
(0.1 0.300896 0)
(0.125 0.30087 0)
(0.15 0.300839 0)
(0.175 0.300803 0)
(0.2 0.300762 0)
(0.225 0.300716 0)
(0.25 0.300666 0)
(0.275 0.300612 0)
(0.3 0.300554 0)
(0.325 0.300492 0)
(0.35 0.300428 0)
(0.375 0.30036 0)
(0.4 0.300291 0)
(0.425 0.30022 0)
(0.45 0.300147 0)
(0.475 0.300074 0)
(0.5 0.3 0)
(0.525 0.299926 0)
(0.55 0.299853 0)
(0.575 0.29978 0)
(0.6 0.299709 0)
(0.625 0.29964 0)
(0.65 0.299572 0)
(0.675 0.299508 0)
(0.7 0.299446 0)
(0.725 0.299388 0)
(0.75 0.299334 0)
(0.775 0.299284 0)
(0.8 0.299238 0)
(0.825 0.299197 0)
(0.85 0.299161 0)
(0.875 0.29913 0)
(0.9 0.299104 0)
(0.925 0.299084 0)
(0.95 0.29907 0)
(0.975 0.299061 0)
(1 0.299058 0)
(0 0.326045 0)
(0.025 0.326042 0)
(0.05 0.326032 0)
(0.075 0.326016 0)
(0.1 0.325994 0)
(0.125 0.325966 0)
(0.15 0.325931 0)
(0.175 0.325891 0)
(0.2 0.325846 0)
(0.225 0.325795 0)
(0.25 0.325739 0)
(0.275 0.325679 0)
(0.3 0.325614 0)
(0.325 0.325546 0)
(0.35 0.325475 0)
(0.375 0.3254 0)
(0.4 0.325323 0)
(0.425 0.325244 0)
(0.45 0.325164 0)
(0.475 0.325082 0)
(0.5 0.325 0)
(0.525 0.324918 0)
(0.55 0.324836 0)
(0.575 0.324756 0)
(0.6 0.324677 0)
(0.625 0.3246 0)
(0.65 0.324525 0)
(0.675 0.324454 0)
(0.7 0.324386 0)
(0.725 0.324321 0)
(0.75 0.324261 0)
(0.775 0.324205 0)
(0.8 0.324154 0)
(0.825 0.324109 0)
(0.85 0.324069 0)
(0.875 0.324034 0)
(0.9 0.324006 0)
(0.925 0.323984 0)
(0.95 0.323968 0)
(0.975 0.323958 0)
(1 0.323955 0)
(0 0.351155 0)
(0.025 0.351152 0)
(0.05 0.351141 0)
(0.075 0.351123 0)
(0.1 0.351099 0)
(0.125 0.351067 0)
(0.15 0.351029 0)
(0.175 0.350985 0)
(0.2 0.350935 0)
(0.225 0.350878 0)
(0.25 0.350817 0)
(0.275 0.35075 0)
(0.3 0.350679 0)
(0.325 0.350604 0)
(0.35 0.350524 0)
(0.375 0.350442 0)
(0.4 0.350357 0)
(0.425 0.35027 0)
(0.45 0.350181 0)
(0.475 0.350091 0)
(0.5 0.35 0)
(0.525 0.349909 0)
(0.55 0.349819 0)
(0.575 0.34973 0)
(0.6 0.349643 0)
(0.625 0.349558 0)
(0.65 0.349476 0)
(0.675 0.349396 0)
(0.7 0.349321 0)
(0.725 0.34925 0)
(0.75 0.349183 0)
(0.775 0.349122 0)
(0.8 0.349065 0)
(0.825 0.349015 0)
(0.85 0.348971 0)
(0.875 0.348933 0)
(0.9 0.348901 0)
(0.925 0.348877 0)
(0.95 0.348859 0)
(0.975 0.348848 0)
(1 0.348845 0)
(0 0.376272 0)
(0.025 0.376268 0)
(0.05 0.376257 0)
(0.075 0.376237 0)
(0.1 0.37621 0)
(0.125 0.376175 0)
(0.15 0.376134 0)
(0.175 0.376085 0)
(0.2 0.376029 0)
(0.225 0.375967 0)
(0.25 0.3759 0)
(0.275 0.375826 0)
(0.3 0.375748 0)
(0.325 0.375665 0)
(0.35 0.375578 0)
(0.375 0.375487 0)
(0.4 0.375393 0)
(0.425 0.375297 0)
(0.45 0.375199 0)
(0.475 0.3751 0)
(0.5 0.375 0)
(0.525 0.3749 0)
(0.55 0.374801 0)
(0.575 0.374703 0)
(0.6 0.374607 0)
(0.625 0.374513 0)
(0.65 0.374422 0)
(0.675 0.374335 0)
(0.7 0.374252 0)
(0.725 0.374174 0)
(0.75 0.3741 0)
(0.775 0.374033 0)
(0.8 0.373971 0)
(0.825 0.373915 0)
(0.85 0.373866 0)
(0.875 0.373825 0)
(0.9 0.37379 0)
(0.925 0.373763 0)
(0.95 0.373743 0)
(0.975 0.373732 0)
(1 0.373728 0)
(0 0.401397 0)
(0.025 0.401393 0)
(0.05 0.40138 0)
(0.075 0.401358 0)
(0.1 0.401329 0)
(0.125 0.401291 0)
(0.15 0.401245 0)
(0.175 0.401191 0)
(0.2 0.40113 0)
(0.225 0.401062 0)
(0.25 0.400988 0)
(0.275 0.400907 0)
(0.3 0.400821 0)
(0.325 0.40073 0)
(0.35 0.400634 0)
(0.375 0.400535 0)
(0.4 0.400432 0)
(0.425 0.400326 0)
(0.45 0.400219 0)
(0.475 0.40011 0)
(0.5 0.4 0)
(0.525 0.39989 0)
(0.55 0.399781 0)
(0.575 0.399674 0)
(0.6 0.399568 0)
(0.625 0.399465 0)
(0.65 0.399366 0)
(0.675 0.39927 0)
(0.7 0.399179 0)
(0.725 0.399093 0)
(0.75 0.399012 0)
(0.775 0.398938 0)
(0.8 0.39887 0)
(0.825 0.398809 0)
(0.85 0.398755 0)
(0.875 0.398709 0)
(0.9 0.398671 0)
(0.925 0.398642 0)
(0.95 0.39862 0)
(0.975 0.398607 0)
(1 0.398603 0)
(0 0.42653 0)
(0.025 0.426526 0)
(0.05 0.426512 0)
(0.075 0.426488 0)
(0.1 0.426456 0)
(0.125 0.426414 0)
(0.15 0.426364 0)
(0.175 0.426305 0)
(0.2 0.426238 0)
(0.225 0.426164 0)
(0.25 0.426082 0)
(0.275 0.425994 0)
(0.3 0.4259 0)
(0.325 0.4258 0)
(0.35 0.425695 0)
(0.375 0.425586 0)
(0.4 0.425473 0)
(0.425 0.425357 0)
(0.45 0.425239 0)
(0.475 0.42512 0)
(0.5 0.425 0)
(0.525 0.42488 0)
(0.55 0.424761 0)
(0.575 0.424643 0)
(0.6 0.424527 0)
(0.625 0.424414 0)
(0.65 0.424305 0)
(0.675 0.4242 0)
(0.7 0.4241 0)
(0.725 0.424006 0)
(0.75 0.423918 0)
(0.775 0.423836 0)
(0.8 0.423762 0)
(0.825 0.423695 0)
(0.85 0.423636 0)
(0.875 0.423586 0)
(0.9 0.423544 0)
(0.925 0.423512 0)
(0.95 0.423488 0)
(0.975 0.423474 0)
(1 0.42347 0)
(0 0.451673 0)
(0.025 0.451668 0)
(0.05 0.451653 0)
(0.075 0.451627 0)
(0.1 0.451591 0)
(0.125 0.451546 0)
(0.15 0.451491 0)
(0.175 0.451427 0)
(0.2 0.451354 0)
(0.225 0.451272 0)
(0.25 0.451183 0)
(0.275 0.451087 0)
(0.3 0.450984 0)
(0.325 0.450874 0)
(0.35 0.45076 0)
(0.375 0.45064 0)
(0.4 0.450517 0)
(0.425 0.450391 0)
(0.45 0.450262 0)
(0.475 0.450131 0)
(0.5 0.45 0)
(0.525 0.449869 0)
(0.55 0.449738 0)
(0.575 0.449609 0)
(0.6 0.449483 0)
(0.625 0.44936 0)
(0.65 0.44924 0)
(0.675 0.449126 0)
(0.7 0.449016 0)
(0.725 0.448913 0)
(0.75 0.448817 0)
(0.775 0.448728 0)
(0.8 0.448646 0)
(0.825 0.448573 0)
(0.85 0.448509 0)
(0.875 0.448454 0)
(0.9 0.448409 0)
(0.925 0.448373 0)
(0.95 0.448347 0)
(0.975 0.448332 0)
(1 0.448327 0)
(0 0.476827 0)
(0.025 0.476821 0)
(0.05 0.476804 0)
(0.075 0.476776 0)
(0.1 0.476737 0)
(0.125 0.476688 0)
(0.15 0.476628 0)
(0.175 0.476557 0)
(0.2 0.476478 0)
(0.225 0.476389 0)
(0.25 0.476292 0)
(0.275 0.476186 0)
(0.3 0.476074 0)
(0.325 0.475954 0)
(0.35 0.475829 0)
(0.375 0.475699 0)
(0.4 0.475564 0)
(0.425 0.475426 0)
(0.45 0.475286 0)
(0.475 0.475143 0)
(0.5 0.475 0)
(0.525 0.474857 0)
(0.55 0.474714 0)
(0.575 0.474574 0)
(0.6 0.474436 0)
(0.625 0.474301 0)
(0.65 0.474171 0)
(0.675 0.474046 0)
(0.7 0.473926 0)
(0.725 0.473814 0)
(0.75 0.473708 0)
(0.775 0.473611 0)
(0.8 0.473522 0)
(0.825 0.473443 0)
(0.85 0.473372 0)
(0.875 0.473312 0)
(0.9 0.473263 0)
(0.925 0.473224 0)
(0.95 0.473196 0)
(0.975 0.473179 0)
(1 0.473173 0)
(0 0.501991 0)
(0.025 0.501985 0)
(0.05 0.501967 0)
(0.075 0.501936 0)
(0.1 0.501894 0)
(0.125 0.50184 0)
(0.15 0.501774 0)
(0.175 0.501698 0)
(0.2 0.501611 0)
(0.225 0.501514 0)
(0.25 0.501408 0)
(0.275 0.501293 0)
(0.3 0.50117 0)
(0.325 0.50104 0)
(0.35 0.500904 0)
(0.375 0.500762 0)
(0.4 0.500615 0)
(0.425 0.500465 0)
(0.45 0.500311 0)
(0.475 0.500156 0)
(0.5 0.5 0)
(0.525 0.499844 0)
(0.55 0.499689 0)
(0.575 0.499535 0)
(0.6 0.499385 0)
(0.625 0.499238 0)
(0.65 0.499096 0)
(0.675 0.49896 0)
(0.7 0.49883 0)
(0.725 0.498707 0)
(0.75 0.498592 0)
(0.775 0.498486 0)
(0.8 0.498389 0)
(0.825 0.498302 0)
(0.85 0.498226 0)
(0.875 0.49816 0)
(0.9 0.498106 0)
(0.925 0.498064 0)
(0.95 0.498033 0)
(0.975 0.498015 0)
(1 0.498009 0)
(0 0.527168 0)
(0.025 0.527161 0)
(0.05 0.527141 0)
(0.075 0.527108 0)
(0.1 0.527062 0)
(0.125 0.527003 0)
(0.15 0.526932 0)
(0.175 0.526848 0)
(0.2 0.526754 0)
(0.225 0.526648 0)
(0.25 0.526533 0)
(0.275 0.526408 0)
(0.3 0.526274 0)
(0.325 0.526133 0)
(0.35 0.525984 0)
(0.375 0.52583 0)
(0.4 0.52567 0)
(0.425 0.525506 0)
(0.45 0.525339 0)
(0.475 0.52517 0)
(0.5 0.525 0)
(0.525 0.52483 0)
(0.55 0.524661 0)
(0.575 0.524494 0)
(0.6 0.52433 0)
(0.625 0.52417 0)
(0.65 0.524016 0)
(0.675 0.523867 0)
(0.7 0.523726 0)
(0.725 0.523592 0)
(0.75 0.523467 0)
(0.775 0.523352 0)
(0.8 0.523246 0)
(0.825 0.523152 0)
(0.85 0.523068 0)
(0.875 0.522997 0)
(0.9 0.522938 0)
(0.925 0.522892 0)
(0.95 0.522859 0)
(0.975 0.522839 0)
(1 0.522832 0)
(0 0.552358 0)
(0.025 0.552351 0)
(0.05 0.552329 0)
(0.075 0.552293 0)
(0.1 0.552243 0)
(0.125 0.552178 0)
(0.15 0.552101 0)
(0.175 0.55201 0)
(0.2 0.551908 0)
(0.225 0.551793 0)
(0.25 0.551667 0)
(0.275 0.551531 0)
(0.3 0.551386 0)
(0.325 0.551232 0)
(0.35 0.55107 0)
(0.375 0.550902 0)
(0.4 0.550729 0)
(0.425 0.55055 0)
(0.45 0.550369 0)
(0.475 0.550185 0)
(0.5 0.55 0)
(0.525 0.549815 0)
(0.55 0.549631 0)
(0.575 0.54945 0)
(0.6 0.549271 0)
(0.625 0.549098 0)
(0.65 0.54893 0)
(0.675 0.548768 0)
(0.7 0.548614 0)
(0.725 0.548469 0)
(0.75 0.548333 0)
(0.775 0.548207 0)
(0.8 0.548092 0)
(0.825 0.54799 0)
(0.85 0.547899 0)
(0.875 0.547822 0)
(0.9 0.547757 0)
(0.925 0.547707 0)
(0.95 0.547671 0)
(0.975 0.547649 0)
(1 0.547642 0)
(0 0.577563 0)
(0.025 0.577555 0)
(0.05 0.577531 0)
(0.075 0.577492 0)
(0.1 0.577437 0)
(0.125 0.577368 0)
(0.15 0.577283 0)
(0.175 0.577185 0)
(0.2 0.577073 0)
(0.225 0.576949 0)
(0.25 0.576812 0)
(0.275 0.576664 0)
(0.3 0.576506 0)
(0.325 0.576339 0)
(0.35 0.576163 0)
(0.375 0.575981 0)
(0.4 0.575792 0)
(0.425 0.575598 0)
(0.45 0.575401 0)
(0.475 0.575201 0)
(0.5 0.575 0)
(0.525 0.574799 0)
(0.55 0.574599 0)
(0.575 0.574402 0)
(0.6 0.574208 0)
(0.625 0.574019 0)
(0.65 0.573837 0)
(0.675 0.573661 0)
(0.7 0.573494 0)
(0.725 0.573336 0)
(0.75 0.573188 0)
(0.775 0.573051 0)
(0.8 0.572927 0)
(0.825 0.572815 0)
(0.85 0.572717 0)
(0.875 0.572632 0)
(0.9 0.572563 0)
(0.925 0.572508 0)
(0.95 0.572469 0)
(0.975 0.572445 0)
(1 0.572437 0)
(0 0.602783 0)
(0.025 0.602774 0)
(0.05 0.602749 0)
(0.075 0.602706 0)
(0.1 0.602647 0)
(0.125 0.602571 0)
(0.15 0.60248 0)
(0.175 0.602373 0)
(0.2 0.602252 0)
(0.225 0.602116 0)
(0.25 0.601968 0)
(0.275 0.601807 0)
(0.3 0.601636 0)
(0.325 0.601454 0)
(0.35 0.601263 0)
(0.375 0.601065 0)
(0.4 0.60086 0)
(0.425 0.60065 0)
(0.45 0.600435 0)
(0.475 0.600218 0)
(0.5 0.6 0)
(0.525 0.599782 0)
(0.55 0.599565 0)
(0.575 0.59935 0)
(0.6 0.59914 0)
(0.625 0.598935 0)
(0.65 0.598737 0)
(0.675 0.598546 0)
(0.7 0.598364 0)
(0.725 0.598193 0)
(0.75 0.598032 0)
(0.775 0.597884 0)
(0.8 0.597748 0)
(0.825 0.597627 0)
(0.85 0.59752 0)
(0.875 0.597429 0)
(0.9 0.597353 0)
(0.925 0.597294 0)
(0.95 0.597251 0)
(0.975 0.597226 0)
(1 0.597217 0)
(0 0.628021 0)
(0.025 0.628011 0)
(0.05 0.627984 0)
(0.075 0.627937 0)
(0.1 0.627873 0)
(0.125 0.627791 0)
(0.15 0.627691 0)
(0.175 0.627576 0)
(0.2 0.627444 0)
(0.225 0.627297 0)
(0.25 0.627136 0)
(0.275 0.626962 0)
(0.3 0.626776 0)
(0.325 0.626578 0)
(0.35 0.626371 0)
(0.375 0.626156 0)
(0.4 0.625933 0)
(0.425 0.625705 0)
(0.45 0.625473 0)
(0.475 0.625237 0)
(0.5 0.625 0)
(0.525 0.624763 0)
(0.55 0.624527 0)
(0.575 0.624295 0)
(0.6 0.624067 0)
(0.625 0.623844 0)
(0.65 0.623629 0)
(0.675 0.623422 0)
(0.7 0.623224 0)
(0.725 0.623038 0)
(0.75 0.622864 0)
(0.775 0.622703 0)
(0.8 0.622556 0)
(0.825 0.622424 0)
(0.85 0.622309 0)
(0.875 0.622209 0)
(0.9 0.622127 0)
(0.925 0.622063 0)
(0.95 0.622016 0)
(0.975 0.621989 0)
(1 0.621979 0)
(0 0.653277 0)
(0.025 0.653267 0)
(0.05 0.653237 0)
(0.075 0.653186 0)
(0.1 0.653117 0)
(0.125 0.653027 0)
(0.15 0.65292 0)
(0.175 0.652794 0)
(0.2 0.652651 0)
(0.225 0.652492 0)
(0.25 0.652317 0)
(0.275 0.652128 0)
(0.3 0.651926 0)
(0.325 0.651712 0)
(0.35 0.651488 0)
(0.375 0.651254 0)
(0.4 0.651013 0)
(0.425 0.650765 0)
(0.45 0.650513 0)
(0.475 0.650257 0)
(0.5 0.65 0)
(0.525 0.649743 0)
(0.55 0.649487 0)
(0.575 0.649235 0)
(0.6 0.648987 0)
(0.625 0.648746 0)
(0.65 0.648512 0)
(0.675 0.648288 0)
(0.7 0.648074 0)
(0.725 0.647872 0)
(0.75 0.647683 0)
(0.775 0.647508 0)
(0.8 0.647349 0)
(0.825 0.647206 0)
(0.85 0.64708 0)
(0.875 0.646973 0)
(0.9 0.646883 0)
(0.925 0.646814 0)
(0.95 0.646763 0)
(0.975 0.646733 0)
(1 0.646723 0)
(0 0.678553 0)
(0.025 0.678542 0)
(0.05 0.67851 0)
(0.075 0.678455 0)
(0.1 0.678379 0)
(0.125 0.678283 0)
(0.15 0.678166 0)
(0.175 0.67803 0)
(0.2 0.677875 0)
(0.225 0.677702 0)
(0.25 0.677513 0)
(0.275 0.677308 0)
(0.3 0.677089 0)
(0.325 0.676857 0)
(0.35 0.676613 0)
(0.375 0.67636 0)
(0.4 0.676098 0)
(0.425 0.67583 0)
(0.45 0.675556 0)
(0.475 0.675279 0)
(0.5 0.675 0)
(0.525 0.674721 0)
(0.55 0.674444 0)
(0.575 0.67417 0)
(0.6 0.673902 0)
(0.625 0.67364 0)
(0.65 0.673387 0)
(0.675 0.673143 0)
(0.7 0.672911 0)
(0.725 0.672692 0)
(0.75 0.672487 0)
(0.775 0.672298 0)
(0.8 0.672125 0)
(0.825 0.67197 0)
(0.85 0.671834 0)
(0.875 0.671717 0)
(0.9 0.671621 0)
(0.925 0.671545 0)
(0.95 0.67149 0)
(0.975 0.671458 0)
(1 0.671447 0)
(0 0.703852 0)
(0.025 0.70384 0)
(0.05 0.703804 0)
(0.075 0.703745 0)
(0.1 0.703663 0)
(0.125 0.703559 0)
(0.15 0.703432 0)
(0.175 0.703284 0)
(0.2 0.703116 0)
(0.225 0.702929 0)
(0.25 0.702724 0)
(0.275 0.702501 0)
(0.3 0.702264 0)
(0.325 0.702013 0)
(0.35 0.701749 0)
(0.375 0.701474 0)
(0.4 0.70119 0)
(0.425 0.700899 0)
(0.45 0.700603 0)
(0.475 0.700302 0)
(0.5 0.7 0)
(0.525 0.699698 0)
(0.55 0.699397 0)
(0.575 0.699101 0)
(0.6 0.69881 0)
(0.625 0.698526 0)
(0.65 0.698251 0)
(0.675 0.697987 0)
(0.7 0.697736 0)
(0.725 0.697499 0)
(0.75 0.697276 0)
(0.775 0.697071 0)
(0.8 0.696884 0)
(0.825 0.696716 0)
(0.85 0.696568 0)
(0.875 0.696441 0)
(0.9 0.696337 0)
(0.925 0.696255 0)
(0.95 0.696196 0)
(0.975 0.69616 0)
(1 0.696148 0)
(0 0.729174 0)
(0.025 0.729161 0)
(0.05 0.729122 0)
(0.075 0.729058 0)
(0.1 0.72897 0)
(0.125 0.728856 0)
(0.15 0.728719 0)
(0.175 0.728559 0)
(0.2 0.728377 0)
(0.225 0.728174 0)
(0.25 0.727951 0)
(0.275 0.727711 0)
(0.3 0.727453 0)
(0.325 0.727181 0)
(0.35 0.726895 0)
(0.375 0.726597 0)
(0.4 0.72629 0)
(0.425 0.725974 0)
(0.45 0.725653 0)
(0.475 0.725327 0)
(0.5 0.725 0)
(0.525 0.724673 0)
(0.55 0.724347 0)
(0.575 0.724026 0)
(0.6 0.72371 0)
(0.625 0.723403 0)
(0.65 0.723105 0)
(0.675 0.722819 0)
(0.7 0.722547 0)
(0.725 0.722289 0)
(0.75 0.722049 0)
(0.775 0.721826 0)
(0.8 0.721623 0)
(0.825 0.721441 0)
(0.85 0.721281 0)
(0.875 0.721144 0)
(0.9 0.72103 0)
(0.925 0.720942 0)
(0.95 0.720878 0)
(0.975 0.720839 0)
(1 0.720826 0)
(0 0.754522 0)
(0.025 0.754508 0)
(0.05 0.754466 0)
(0.075 0.754397 0)
(0.1 0.7543 0)
(0.125 0.754177 0)
(0.15 0.754029 0)
(0.175 0.753855 0)
(0.2 0.753658 0)
(0.225 0.753438 0)
(0.25 0.753197 0)
(0.275 0.752937 0)
(0.3 0.752658 0)
(0.325 0.752363 0)
(0.35 0.752053 0)
(0.375 0.75173 0)
(0.4 0.751397 0)
(0.425 0.751056 0)
(0.45 0.750707 0)
(0.475 0.750355 0)
(0.5 0.75 0)
(0.525 0.749645 0)
(0.55 0.749293 0)
(0.575 0.748944 0)
(0.6 0.748603 0)
(0.625 0.74827 0)
(0.65 0.747947 0)
(0.675 0.747637 0)
(0.7 0.747342 0)
(0.725 0.747063 0)
(0.75 0.746803 0)
(0.775 0.746562 0)
(0.8 0.746342 0)
(0.825 0.746145 0)
(0.85 0.745971 0)
(0.875 0.745823 0)
(0.9 0.7457 0)
(0.925 0.745603 0)
(0.95 0.745534 0)
(0.975 0.745492 0)
(1 0.745478 0)
(0 0.779897 0)
(0.025 0.779882 0)
(0.05 0.779837 0)
(0.075 0.779762 0)
(0.1 0.779658 0)
(0.125 0.779525 0)
(0.15 0.779364 0)
(0.175 0.779176 0)
(0.2 0.778962 0)
(0.225 0.778724 0)
(0.25 0.778463 0)
(0.275 0.778181 0)
(0.3 0.777879 0)
(0.325 0.777559 0)
(0.35 0.777223 0)
(0.375 0.776874 0)
(0.4 0.776513 0)
(0.425 0.776143 0)
(0.45 0.775766 0)
(0.475 0.775384 0)
(0.5 0.775 0)
(0.525 0.774616 0)
(0.55 0.774234 0)
(0.575 0.773857 0)
(0.6 0.773487 0)
(0.625 0.773126 0)
(0.65 0.772777 0)
(0.675 0.772441 0)
(0.7 0.772121 0)
(0.725 0.771819 0)
(0.75 0.771537 0)
(0.775 0.771276 0)
(0.8 0.771038 0)
(0.825 0.770824 0)
(0.85 0.770636 0)
(0.875 0.770475 0)
(0.9 0.770342 0)
(0.925 0.770238 0)
(0.95 0.770163 0)
(0.975 0.770118 0)
(1 0.770103 0)
(0 0.805303 0)
(0.025 0.805287 0)
(0.05 0.805238 0)
(0.075 0.805157 0)
(0.1 0.805044 0)
(0.125 0.8049 0)
(0.15 0.804725 0)
(0.175 0.804522 0)
(0.2 0.80429 0)
(0.225 0.804033 0)
(0.25 0.80375 0)
(0.275 0.803444 0)
(0.3 0.803117 0)
(0.325 0.802771 0)
(0.35 0.802408 0)
(0.375 0.802029 0)
(0.4 0.801639 0)
(0.425 0.801238 0)
(0.45 0.80083 0)
(0.475 0.800416 0)
(0.5 0.8 0)
(0.525 0.799584 0)
(0.55 0.79917 0)
(0.575 0.798762 0)
(0.6 0.798361 0)
(0.625 0.797971 0)
(0.65 0.797592 0)
(0.675 0.797229 0)
(0.7 0.796883 0)
(0.725 0.796556 0)
(0.75 0.79625 0)
(0.775 0.795967 0)
(0.8 0.79571 0)
(0.825 0.795478 0)
(0.85 0.795275 0)
(0.875 0.7951 0)
(0.9 0.794956 0)
(0.925 0.794843 0)
(0.95 0.794762 0)
(0.975 0.794713 0)
(1 0.794697 0)
(0 0.830742 0)
(0.025 0.830724 0)
(0.05 0.830671 0)
(0.075 0.830583 0)
(0.1 0.830461 0)
(0.125 0.830305 0)
(0.15 0.830116 0)
(0.175 0.829896 0)
(0.2 0.829645 0)
(0.225 0.829366 0)
(0.25 0.82906 0)
(0.275 0.828729 0)
(0.3 0.828375 0)
(0.325 0.828 0)
(0.35 0.827607 0)
(0.375 0.827197 0)
(0.4 0.826774 0)
(0.425 0.82634 0)
(0.45 0.825898 0)
(0.475 0.825451 0)
(0.5 0.825 0)
(0.525 0.824549 0)
(0.55 0.824102 0)
(0.575 0.82366 0)
(0.6 0.823226 0)
(0.625 0.822803 0)
(0.65 0.822393 0)
(0.675 0.822 0)
(0.7 0.821625 0)
(0.725 0.821271 0)
(0.75 0.82094 0)
(0.775 0.820634 0)
(0.8 0.820355 0)
(0.825 0.820104 0)
(0.85 0.819884 0)
(0.875 0.819695 0)
(0.9 0.819539 0)
(0.925 0.819417 0)
(0.95 0.819329 0)
(0.975 0.819276 0)
(1 0.819258 0)
(0 0.856216 0)
(0.025 0.856197 0)
(0.05 0.856139 0)
(0.075 0.856044 0)
(0.1 0.855912 0)
(0.125 0.855743 0)
(0.15 0.855538 0)
(0.175 0.8553 0)
(0.2 0.855029 0)
(0.225 0.854727 0)
(0.25 0.854395 0)
(0.275 0.854037 0)
(0.3 0.853654 0)
(0.325 0.853248 0)
(0.35 0.852822 0)
(0.375 0.852379 0)
(0.4 0.851921 0)
(0.425 0.851451 0)
(0.45 0.850972 0)
(0.475 0.850488 0)
(0.5 0.85 0)
(0.525 0.849512 0)
(0.55 0.849028 0)
(0.575 0.848549 0)
(0.6 0.848079 0)
(0.625 0.847621 0)
(0.65 0.847178 0)
(0.675 0.846752 0)
(0.7 0.846346 0)
(0.725 0.845963 0)
(0.75 0.845605 0)
(0.775 0.845273 0)
(0.8 0.844971 0)
(0.825 0.8447 0)
(0.85 0.844462 0)
(0.875 0.844257 0)
(0.9 0.844088 0)
(0.925 0.843956 0)
(0.95 0.843861 0)
(0.975 0.843803 0)
(1 0.843784 0)
(0 0.881728 0)
(0.025 0.881707 0)
(0.05 0.881645 0)
(0.075 0.881542 0)
(0.1 0.881399 0)
(0.125 0.881216 0)
(0.15 0.880995 0)
(0.175 0.880737 0)
(0.2 0.880443 0)
(0.225 0.880116 0)
(0.25 0.879758 0)
(0.275 0.87937 0)
(0.3 0.878955 0)
(0.325 0.878515 0)
(0.35 0.878055 0)
(0.375 0.877575 0)
(0.4 0.877079 0)
(0.425 0.876571 0)
(0.45 0.876053 0)
(0.475 0.875528 0)
(0.5 0.875 0)
(0.525 0.874472 0)
(0.55 0.873947 0)
(0.575 0.873429 0)
(0.6 0.872921 0)
(0.625 0.872425 0)
(0.65 0.871945 0)
(0.675 0.871485 0)
(0.7 0.871045 0)
(0.725 0.87063 0)
(0.75 0.870242 0)
(0.775 0.869884 0)
(0.8 0.869557 0)
(0.825 0.869263 0)
(0.85 0.869005 0)
(0.875 0.868784 0)
(0.9 0.868601 0)
(0.925 0.868458 0)
(0.95 0.868355 0)
(0.975 0.868293 0)
(1 0.868272 0)
(0 0.907282 0)
(0.025 0.90726 0)
(0.05 0.907192 0)
(0.075 0.907081 0)
(0.1 0.906926 0)
(0.125 0.906728 0)
(0.15 0.906488 0)
(0.175 0.906209 0)
(0.2 0.905891 0)
(0.225 0.905537 0)
(0.25 0.905149 0)
(0.275 0.904729 0)
(0.3 0.90428 0)
(0.325 0.903805 0)
(0.35 0.903306 0)
(0.375 0.902787 0)
(0.4 0.90225 0)
(0.425 0.9017 0)
(0.45 0.901139 0)
(0.475 0.900571 0)
(0.5 0.9 0)
(0.525 0.899429 0)
(0.55 0.898861 0)
(0.575 0.8983 0)
(0.6 0.89775 0)
(0.625 0.897213 0)
(0.65 0.896694 0)
(0.675 0.896195 0)
(0.7 0.89572 0)
(0.725 0.895271 0)
(0.75 0.894851 0)
(0.775 0.894463 0)
(0.8 0.894109 0)
(0.825 0.893791 0)
(0.85 0.893512 0)
(0.875 0.893272 0)
(0.9 0.893074 0)
(0.925 0.892919 0)
(0.95 0.892808 0)
(0.975 0.89274 0)
(1 0.892718 0)
(0 0.932881 0)
(0.025 0.932856 0)
(0.05 0.932784 0)
(0.075 0.932663 0)
(0.1 0.932495 0)
(0.125 0.932281 0)
(0.15 0.932022 0)
(0.175 0.931719 0)
(0.2 0.931376 0)
(0.225 0.930993 0)
(0.25 0.930572 0)
(0.275 0.930118 0)
(0.3 0.929632 0)
(0.325 0.929118 0)
(0.35 0.928578 0)
(0.375 0.928016 0)
(0.4 0.927435 0)
(0.425 0.92684 0)
(0.45 0.926233 0)
(0.475 0.925618 0)
(0.5 0.925 0)
(0.525 0.924382 0)
(0.55 0.923767 0)
(0.575 0.92316 0)
(0.6 0.922565 0)
(0.625 0.921984 0)
(0.65 0.921422 0)
(0.675 0.920882 0)
(0.7 0.920368 0)
(0.725 0.919882 0)
(0.75 0.919428 0)
(0.775 0.919007 0)
(0.8 0.918624 0)
(0.825 0.918281 0)
(0.85 0.917978 0)
(0.875 0.917719 0)
(0.9 0.917505 0)
(0.925 0.917337 0)
(0.95 0.917216 0)
(0.975 0.917144 0)
(1 0.917119 0)
(0 0.958528 0)
(0.025 0.958502 0)
(0.05 0.958423 0)
(0.075 0.958292 0)
(0.1 0.958111 0)
(0.125 0.957879 0)
(0.15 0.957598 0)
(0.175 0.957271 0)
(0.2 0.956899 0)
(0.225 0.956485 0)
(0.25 0.95603 0)
(0.275 0.955538 0)
(0.3 0.955013 0)
(0.325 0.954456 0)
(0.35 0.953872 0)
(0.375 0.953264 0)
(0.4 0.952635 0)
(0.425 0.951991 0)
(0.45 0.951334 0)
(0.475 0.950669 0)
(0.5 0.95 0)
(0.525 0.949331 0)
(0.55 0.948666 0)
(0.575 0.948009 0)
(0.6 0.947365 0)
(0.625 0.946736 0)
(0.65 0.946128 0)
(0.675 0.945544 0)
(0.7 0.944987 0)
(0.725 0.944462 0)
(0.75 0.94397 0)
(0.775 0.943515 0)
(0.8 0.943101 0)
(0.825 0.942729 0)
(0.85 0.942402 0)
(0.875 0.942121 0)
(0.9 0.941889 0)
(0.925 0.941708 0)
(0.95 0.941577 0)
(0.975 0.941498 0)
(1 0.941472 0)
(0 0.984228 0)
(0.025 0.984199 0)
(0.05 0.984114 0)
(0.075 0.983973 0)
(0.1 0.983776 0)
(0.125 0.983525 0)
(0.15 0.983222 0)
(0.175 0.982868 0)
(0.2 0.982465 0)
(0.225 0.982017 0)
(0.25 0.981525 0)
(0.275 0.980993 0)
(0.3 0.980424 0)
(0.325 0.979822 0)
(0.35 0.979189 0)
(0.375 0.978531 0)
(0.4 0.977852 0)
(0.425 0.977154 0)
(0.45 0.976444 0)
(0.475 0.975724 0)
(0.5 0.975 0)
(0.525 0.974276 0)
(0.55 0.973556 0)
(0.575 0.972846 0)
(0.6 0.972148 0)
(0.625 0.971469 0)
(0.65 0.970811 0)
(0.675 0.970178 0)
(0.7 0.969576 0)
(0.725 0.969007 0)
(0.75 0.968475 0)
(0.775 0.967983 0)
(0.8 0.967535 0)
(0.825 0.967132 0)
(0.85 0.966778 0)
(0.875 0.966475 0)
(0.9 0.966224 0)
(0.925 0.966027 0)
(0.95 0.965886 0)
(0.975 0.965801 0)
(1 0.965772 0)
(0 1.01 0)
(0.025 1.00997 0)
(0.05 1.00988 0)
(0.075 1.00972 0)
(0.1 1.00951 0)
(0.125 1.00924 0)
(0.15 1.00891 0)
(0.175 1.00853 0)
(0.2 1.00809 0)
(0.225 1.0076 0)
(0.25 1.00707 0)
(0.275 1.00649 0)
(0.3 1.00588 0)
(0.325 1.00522 0)
(0.35 1.00454 0)
(0.375 1.00383 0)
(0.4 1.00309 0)
(0.425 1.00233 0)
(0.45 1.00156 0)
(0.475 1.00078 0)
(0.5 1 0)
(0.525 0.999215 0)
(0.55 0.998436 0)
(0.575 0.997666 0)
(0.6 0.99691 0)
(0.625 0.996173 0)
(0.65 0.99546 0)
(0.675 0.994775 0)
(0.7 0.994122 0)
(0.725 0.993506 0)
(0.75 0.992929 0)
(0.775 0.992396 0)
(0.8 0.99191 0)
(0.825 0.991474 0)
(0.85 0.99109 0)
(0.875 0.990761 0)
(0.9 0.990489 0)
(0.925 0.990276 0)
(0.95 0.990123 0)
(0.975 0.990031 0)
(1 0.99 0)
(0 0 0.1)
(0.025 0 0.1)
(0.05 0 0.1)
(0.075 0 0.1)
(0.1 0 0.1)
(0.125 0 0.1)
(0.15 0 0.1)
(0.175 0 0.1)
(0.2 0 0.1)
(0.225 0 0.1)
(0.25 0 0.1)
(0.275 0 0.1)
(0.3 0 0.1)
(0.325 0 0.1)
(0.35 0 0.1)
(0.375 0 0.1)
(0.4 0 0.1)
(0.425 0 0.1)
(0.45 0 0.1)
(0.475 0 0.1)
(0.5 0 0.1)
(0.525 0 0.1)
(0.55 0 0.1)
(0.575 0 0.1)
(0.6 0 0.1)
(0.625 0 0.1)
(0.65 0 0.1)
(0.675 0 0.1)
(0.7 0 0.1)
(0.725 0 0.1)
(0.75 0 0.1)
(0.775 0 0.1)
(0.8 0 0.1)
(0.825 0 0.1)
(0.85 0 0.1)
(0.875 0 0.1)
(0.9 0 0.1)
(0.925 0 0.1)
(0.95 0 0.1)
(0.975 0 0.1)
(1 0 0.1)
(0 0.025068 0.1)
(0.025 0.0250678 0.1)
(0.05 0.0250672 0.1)
(0.075 0.0250662 0.1)
(0.1 0.0250647 0.1)
(0.125 0.0250629 0.1)
(0.15 0.0250606 0.1)
(0.175 0.025058 0.1)
(0.2 0.0250551 0.1)
(0.225 0.0250517 0.1)
(0.25 0.0250481 0.1)
(0.275 0.0250442 0.1)
(0.3 0.02504 0.1)
(0.325 0.0250356 0.1)
(0.35 0.0250309 0.1)
(0.375 0.025026 0.1)
(0.4 0.025021 0.1)
(0.425 0.0250159 0.1)
(0.45 0.0250106 0.1)
(0.475 0.0250053 0.1)
(0.5 0.025 0.1)
(0.525 0.0249947 0.1)
(0.55 0.0249894 0.1)
(0.575 0.0249841 0.1)
(0.6 0.024979 0.1)
(0.625 0.024974 0.1)
(0.65 0.0249691 0.1)
(0.675 0.0249644 0.1)
(0.7 0.02496 0.1)
(0.725 0.0249558 0.1)
(0.75 0.0249519 0.1)
(0.775 0.0249483 0.1)
(0.8 0.0249449 0.1)
(0.825 0.024942 0.1)
(0.85 0.0249394 0.1)
(0.875 0.0249371 0.1)
(0.9 0.0249353 0.1)
(0.925 0.0249338 0.1)
(0.95 0.0249328 0.1)
(0.975 0.0249322 0.1)
(1 0.024932 0.1)
(0 0.0501365 0.1)
(0.025 0.0501361 0.1)
(0.05 0.0501348 0.1)
(0.075 0.0501327 0.1)
(0.1 0.0501298 0.1)
(0.125 0.0501261 0.1)
(0.15 0.0501216 0.1)
(0.175 0.0501164 0.1)
(0.2 0.0501104 0.1)
(0.225 0.0501038 0.1)
(0.25 0.0500965 0.1)
(0.275 0.0500887 0.1)
(0.3 0.0500802 0.1)
(0.325 0.0500713 0.1)
(0.35 0.050062 0.1)
(0.375 0.0500522 0.1)
(0.4 0.0500422 0.1)
(0.425 0.0500319 0.1)
(0.45 0.0500214 0.1)
(0.475 0.0500107 0.1)
(0.5 0.05 0.1)
(0.525 0.0499893 0.1)
(0.55 0.0499786 0.1)
(0.575 0.0499681 0.1)
(0.6 0.0499578 0.1)
(0.625 0.0499478 0.1)
(0.65 0.049938 0.1)
(0.675 0.0499287 0.1)
(0.7 0.0499198 0.1)
(0.725 0.0499113 0.1)
(0.75 0.0499035 0.1)
(0.775 0.0498962 0.1)
(0.8 0.0498896 0.1)
(0.825 0.0498836 0.1)
(0.85 0.0498784 0.1)
(0.875 0.0498739 0.1)
(0.9 0.0498702 0.1)
(0.925 0.0498673 0.1)
(0.95 0.0498652 0.1)
(0.975 0.0498639 0.1)
(1 0.0498635 0.1)
(0 0.0752058 0.1)
(0.025 0.0752052 0.1)
(0.05 0.0752033 0.1)
(0.075 0.0752001 0.1)
(0.1 0.0751957 0.1)
(0.125 0.0751902 0.1)
(0.15 0.0751834 0.1)
(0.175 0.0751755 0.1)
(0.2 0.0751665 0.1)
(0.225 0.0751565 0.1)
(0.25 0.0751455 0.1)
(0.275 0.0751337 0.1)
(0.3 0.075121 0.1)
(0.325 0.0751075 0.1)
(0.35 0.0750934 0.1)
(0.375 0.0750788 0.1)
(0.4 0.0750636 0.1)
(0.425 0.075048 0.1)
(0.45 0.0750322 0.1)
(0.475 0.0750161 0.1)
(0.5 0.075 0.1)
(0.525 0.0749839 0.1)
(0.55 0.0749678 0.1)
(0.575 0.074952 0.1)
(0.6 0.0749364 0.1)
(0.625 0.0749212 0.1)
(0.65 0.0749066 0.1)
(0.675 0.0748925 0.1)
(0.7 0.074879 0.1)
(0.725 0.0748663 0.1)
(0.75 0.0748545 0.1)
(0.775 0.0748435 0.1)
(0.8 0.0748335 0.1)
(0.825 0.0748245 0.1)
(0.85 0.0748166 0.1)
(0.875 0.0748098 0.1)
(0.9 0.0748043 0.1)
(0.925 0.0747999 0.1)
(0.95 0.0747967 0.1)
(0.975 0.0747948 0.1)
(1 0.0747942 0.1)
(0 0.100276 0.1)
(0.025 0.100276 0.1)
(0.05 0.100273 0.1)
(0.075 0.100269 0.1)
(0.1 0.100263 0.1)
(0.125 0.100255 0.1)
(0.15 0.100246 0.1)
(0.175 0.100236 0.1)
(0.2 0.100224 0.1)
(0.225 0.10021 0.1)
(0.25 0.100195 0.1)
(0.275 0.10018 0.1)
(0.3 0.100162 0.1)
(0.325 0.100144 0.1)
(0.35 0.100125 0.1)
(0.375 0.100106 0.1)
(0.4 0.100085 0.1)
(0.425 0.100065 0.1)
(0.45 0.100043 0.1)
(0.475 0.100022 0.1)
(0.5 0.1 0.1)
(0.525 0.0999783 0.1)
(0.55 0.0999568 0.1)
(0.575 0.0999355 0.1)
(0.6 0.0999146 0.1)
(0.625 0.0998942 0.1)
(0.65 0.0998745 0.1)
(0.675 0.0998556 0.1)
(0.7 0.0998375 0.1)
(0.725 0.0998205 0.1)
(0.75 0.0998046 0.1)
(0.775 0.0997898 0.1)
(0.8 0.0997764 0.1)
(0.825 0.0997643 0.1)
(0.85 0.0997537 0.1)
(0.875 0.0997446 0.1)
(0.9 0.0997371 0.1)
(0.925 0.0997312 0.1)
(0.95 0.099727 0.1)
(0.975 0.0997245 0.1)
(1 0.0997236 0.1)
(0 0.125349 0.1)
(0.025 0.125348 0.1)
(0.05 0.125344 0.1)
(0.075 0.125339 0.1)
(0.1 0.125332 0.1)
(0.125 0.125322 0.1)
(0.15 0.125311 0.1)
(0.175 0.125297 0.1)
(0.2 0.125282 0.1)
(0.225 0.125265 0.1)
(0.25 0.125247 0.1)
(0.275 0.125226 0.1)
(0.3 0.125205 0.1)
(0.325 0.125182 0.1)
(0.35 0.125158 0.1)
(0.375 0.125133 0.1)
(0.4 0.125108 0.1)
(0.425 0.125081 0.1)
(0.45 0.125055 0.1)
(0.475 0.125027 0.1)
(0.5 0.125 0.1)
(0.525 0.124973 0.1)
(0.55 0.124945 0.1)
(0.575 0.124919 0.1)
(0.6 0.124892 0.1)
(0.625 0.124867 0.1)
(0.65 0.124842 0.1)
(0.675 0.124818 0.1)
(0.7 0.124795 0.1)
(0.725 0.124774 0.1)
(0.75 0.124753 0.1)
(0.775 0.124735 0.1)
(0.8 0.124718 0.1)
(0.825 0.124703 0.1)
(0.85 0.124689 0.1)
(0.875 0.124678 0.1)
(0.9 0.124668 0.1)
(0.925 0.124661 0.1)
(0.95 0.124656 0.1)
(0.975 0.124652 0.1)
(1 0.124651 0.1)
(0 0.150423 0.1)
(0.025 0.150422 0.1)
(0.05 0.150418 0.1)
(0.075 0.150411 0.1)
(0.1 0.150402 0.1)
(0.125 0.150391 0.1)
(0.15 0.150377 0.1)
(0.175 0.150361 0.1)
(0.2 0.150342 0.1)
(0.225 0.150322 0.1)
(0.25 0.150299 0.1)
(0.275 0.150275 0.1)
(0.3 0.150249 0.1)
(0.325 0.150221 0.1)
(0.35 0.150192 0.1)
(0.375 0.150162 0.1)
(0.4 0.150131 0.1)
(0.425 0.150099 0.1)
(0.45 0.150066 0.1)
(0.475 0.150033 0.1)
(0.5 0.15 0.1)
(0.525 0.149967 0.1)
(0.55 0.149934 0.1)
(0.575 0.149901 0.1)
(0.6 0.149869 0.1)
(0.625 0.149838 0.1)
(0.65 0.149808 0.1)
(0.675 0.149779 0.1)
(0.7 0.149751 0.1)
(0.725 0.149725 0.1)
(0.75 0.149701 0.1)
(0.775 0.149678 0.1)
(0.8 0.149658 0.1)
(0.825 0.149639 0.1)
(0.85 0.149623 0.1)
(0.875 0.149609 0.1)
(0.9 0.149598 0.1)
(0.925 0.149589 0.1)
(0.95 0.149582 0.1)
(0.975 0.149578 0.1)
(1 0.149577 0.1)
(0 0.1755 0.1)
(0.025 0.175499 0.1)
(0.05 0.175494 0.1)
(0.075 0.175486 0.1)
(0.1 0.175476 0.1)
(0.125 0.175462 0.1)
(0.15 0.175446 0.1)
(0.175 0.175426 0.1)
(0.2 0.175405 0.1)
(0.225 0.17538 0.1)
(0.25 0.175354 0.1)
(0.275 0.175325 0.1)
(0.3 0.175294 0.1)
(0.325 0.175261 0.1)
(0.35 0.175227 0.1)
(0.375 0.175191 0.1)
(0.4 0.175155 0.1)
(0.425 0.175117 0.1)
(0.45 0.175078 0.1)
(0.475 0.175039 0.1)
(0.5 0.175 0.1)
(0.525 0.174961 0.1)
(0.55 0.174922 0.1)
(0.575 0.174883 0.1)
(0.6 0.174845 0.1)
(0.625 0.174809 0.1)
(0.65 0.174773 0.1)
(0.675 0.174739 0.1)
(0.7 0.174706 0.1)
(0.725 0.174675 0.1)
(0.75 0.174646 0.1)
(0.775 0.17462 0.1)
(0.8 0.174595 0.1)
(0.825 0.174574 0.1)
(0.85 0.174554 0.1)
(0.875 0.174538 0.1)
(0.9 0.174524 0.1)
(0.925 0.174514 0.1)
(0.95 0.174506 0.1)
(0.975 0.174501 0.1)
(1 0.1745 0.1)
(0 0.20058 0.1)
(0.025 0.200578 0.1)
(0.05 0.200573 0.1)
(0.075 0.200564 0.1)
(0.1 0.200552 0.1)
(0.125 0.200536 0.1)
(0.15 0.200517 0.1)
(0.175 0.200495 0.1)
(0.2 0.200469 0.1)
(0.225 0.200441 0.1)
(0.25 0.20041 0.1)
(0.275 0.200377 0.1)
(0.3 0.200341 0.1)
(0.325 0.200303 0.1)
(0.35 0.200263 0.1)
(0.375 0.200222 0.1)
(0.4 0.200179 0.1)
(0.425 0.200135 0.1)
(0.45 0.200091 0.1)
(0.475 0.200046 0.1)
(0.5 0.2 0.1)
(0.525 0.199954 0.1)
(0.55 0.199909 0.1)
(0.575 0.199865 0.1)
(0.6 0.199821 0.1)
(0.625 0.199778 0.1)
(0.65 0.199737 0.1)
(0.675 0.199697 0.1)
(0.7 0.199659 0.1)
(0.725 0.199623 0.1)
(0.75 0.19959 0.1)
(0.775 0.199559 0.1)
(0.8 0.199531 0.1)
(0.825 0.199505 0.1)
(0.85 0.199483 0.1)
(0.875 0.199464 0.1)
(0.9 0.199448 0.1)
(0.925 0.199436 0.1)
(0.95 0.199427 0.1)
(0.975 0.199422 0.1)
(1 0.19942 0.1)
(0 0.225664 0.1)
(0.025 0.225662 0.1)
(0.05 0.225656 0.1)
(0.075 0.225646 0.1)
(0.1 0.225631 0.1)
(0.125 0.225613 0.1)
(0.15 0.225592 0.1)
(0.175 0.225566 0.1)
(0.2 0.225537 0.1)
(0.225 0.225505 0.1)
(0.25 0.22547 0.1)
(0.275 0.225431 0.1)
(0.3 0.22539 0.1)
(0.325 0.225347 0.1)
(0.35 0.225301 0.1)
(0.375 0.225254 0.1)
(0.4 0.225205 0.1)
(0.425 0.225155 0.1)
(0.45 0.225104 0.1)
(0.475 0.225052 0.1)
(0.5 0.225 0.1)
(0.525 0.224948 0.1)
(0.55 0.224896 0.1)
(0.575 0.224845 0.1)
(0.6 0.224795 0.1)
(0.625 0.224746 0.1)
(0.65 0.224699 0.1)
(0.675 0.224653 0.1)
(0.7 0.22461 0.1)
(0.725 0.224569 0.1)
(0.75 0.22453 0.1)
(0.775 0.224495 0.1)
(0.8 0.224463 0.1)
(0.825 0.224434 0.1)
(0.85 0.224408 0.1)
(0.875 0.224387 0.1)
(0.9 0.224369 0.1)
(0.925 0.224354 0.1)
(0.95 0.224344 0.1)
(0.975 0.224338 0.1)
(1 0.224336 0.1)
(0 0.250752 0.1)
(0.025 0.250749 0.1)
(0.05 0.250743 0.1)
(0.075 0.250731 0.1)
(0.1 0.250715 0.1)
(0.125 0.250695 0.1)
(0.15 0.25067 0.1)
(0.175 0.250641 0.1)
(0.2 0.250608 0.1)
(0.225 0.250572 0.1)
(0.25 0.250532 0.1)
(0.275 0.250488 0.1)
(0.3 0.250442 0.1)
(0.325 0.250393 0.1)
(0.35 0.250341 0.1)
(0.375 0.250288 0.1)
(0.4 0.250232 0.1)
(0.425 0.250175 0.1)
(0.45 0.250118 0.1)
(0.475 0.250059 0.1)
(0.5 0.25 0.1)
(0.525 0.249941 0.1)
(0.55 0.249882 0.1)
(0.575 0.249825 0.1)
(0.6 0.249768 0.1)
(0.625 0.249712 0.1)
(0.65 0.249659 0.1)
(0.675 0.249607 0.1)
(0.7 0.249558 0.1)
(0.725 0.249512 0.1)
(0.75 0.249468 0.1)
(0.775 0.249428 0.1)
(0.8 0.249392 0.1)
(0.825 0.249359 0.1)
(0.85 0.24933 0.1)
(0.875 0.249305 0.1)
(0.9 0.249285 0.1)
(0.925 0.249269 0.1)
(0.95 0.249257 0.1)
(0.975 0.249251 0.1)
(1 0.249248 0.1)
(0 0.275844 0.1)
(0.025 0.275842 0.1)
(0.05 0.275834 0.1)
(0.075 0.275821 0.1)
(0.1 0.275803 0.1)
(0.125 0.27578 0.1)
(0.15 0.275752 0.1)
(0.175 0.27572 0.1)
(0.2 0.275683 0.1)
(0.225 0.275642 0.1)
(0.25 0.275597 0.1)
(0.275 0.275548 0.1)
(0.3 0.275496 0.1)
(0.325 0.275441 0.1)
(0.35 0.275383 0.1)
(0.375 0.275323 0.1)
(0.4 0.275261 0.1)
(0.425 0.275197 0.1)
(0.45 0.275132 0.1)
(0.475 0.275066 0.1)
(0.5 0.275 0.1)
(0.525 0.274934 0.1)
(0.55 0.274868 0.1)
(0.575 0.274803 0.1)
(0.6 0.274739 0.1)
(0.625 0.274677 0.1)
(0.65 0.274617 0.1)
(0.675 0.274559 0.1)
(0.7 0.274504 0.1)
(0.725 0.274452 0.1)
(0.75 0.274403 0.1)
(0.775 0.274358 0.1)
(0.8 0.274317 0.1)
(0.825 0.27428 0.1)
(0.85 0.274248 0.1)
(0.875 0.27422 0.1)
(0.9 0.274197 0.1)
(0.925 0.274179 0.1)
(0.95 0.274166 0.1)
(0.975 0.274158 0.1)
(1 0.274156 0.1)
(0 0.300942 0.1)
(0.025 0.300939 0.1)
(0.05 0.30093 0.1)
(0.075 0.300916 0.1)
(0.1 0.300896 0.1)
(0.125 0.30087 0.1)
(0.15 0.300839 0.1)
(0.175 0.300803 0.1)
(0.2 0.300762 0.1)
(0.225 0.300716 0.1)
(0.25 0.300666 0.1)
(0.275 0.300612 0.1)
(0.3 0.300554 0.1)
(0.325 0.300492 0.1)
(0.35 0.300428 0.1)
(0.375 0.30036 0.1)
(0.4 0.300291 0.1)
(0.425 0.30022 0.1)
(0.45 0.300147 0.1)
(0.475 0.300074 0.1)
(0.5 0.3 0.1)
(0.525 0.299926 0.1)
(0.55 0.299853 0.1)
(0.575 0.29978 0.1)
(0.6 0.299709 0.1)
(0.625 0.29964 0.1)
(0.65 0.299572 0.1)
(0.675 0.299508 0.1)
(0.7 0.299446 0.1)
(0.725 0.299388 0.1)
(0.75 0.299334 0.1)
(0.775 0.299284 0.1)
(0.8 0.299238 0.1)
(0.825 0.299197 0.1)
(0.85 0.299161 0.1)
(0.875 0.29913 0.1)
(0.9 0.299104 0.1)
(0.925 0.299084 0.1)
(0.95 0.29907 0.1)
(0.975 0.299061 0.1)
(1 0.299058 0.1)
(0 0.326045 0.1)
(0.025 0.326042 0.1)
(0.05 0.326032 0.1)
(0.075 0.326016 0.1)
(0.1 0.325994 0.1)
(0.125 0.325966 0.1)
(0.15 0.325931 0.1)
(0.175 0.325891 0.1)
(0.2 0.325846 0.1)
(0.225 0.325795 0.1)
(0.25 0.325739 0.1)
(0.275 0.325679 0.1)
(0.3 0.325614 0.1)
(0.325 0.325546 0.1)
(0.35 0.325475 0.1)
(0.375 0.3254 0.1)
(0.4 0.325323 0.1)
(0.425 0.325244 0.1)
(0.45 0.325164 0.1)
(0.475 0.325082 0.1)
(0.5 0.325 0.1)
(0.525 0.324918 0.1)
(0.55 0.324836 0.1)
(0.575 0.324756 0.1)
(0.6 0.324677 0.1)
(0.625 0.3246 0.1)
(0.65 0.324525 0.1)
(0.675 0.324454 0.1)
(0.7 0.324386 0.1)
(0.725 0.324321 0.1)
(0.75 0.324261 0.1)
(0.775 0.324205 0.1)
(0.8 0.324154 0.1)
(0.825 0.324109 0.1)
(0.85 0.324069 0.1)
(0.875 0.324034 0.1)
(0.9 0.324006 0.1)
(0.925 0.323984 0.1)
(0.95 0.323968 0.1)
(0.975 0.323958 0.1)
(1 0.323955 0.1)
(0 0.351155 0.1)
(0.025 0.351152 0.1)
(0.05 0.351141 0.1)
(0.075 0.351123 0.1)
(0.1 0.351099 0.1)
(0.125 0.351067 0.1)
(0.15 0.351029 0.1)
(0.175 0.350985 0.1)
(0.2 0.350935 0.1)
(0.225 0.350878 0.1)
(0.25 0.350817 0.1)
(0.275 0.35075 0.1)
(0.3 0.350679 0.1)
(0.325 0.350604 0.1)
(0.35 0.350524 0.1)
(0.375 0.350442 0.1)
(0.4 0.350357 0.1)
(0.425 0.35027 0.1)
(0.45 0.350181 0.1)
(0.475 0.350091 0.1)
(0.5 0.35 0.1)
(0.525 0.349909 0.1)
(0.55 0.349819 0.1)
(0.575 0.34973 0.1)
(0.6 0.349643 0.1)
(0.625 0.349558 0.1)
(0.65 0.349476 0.1)
(0.675 0.349396 0.1)
(0.7 0.349321 0.1)
(0.725 0.34925 0.1)
(0.75 0.349183 0.1)
(0.775 0.349122 0.1)
(0.8 0.349065 0.1)
(0.825 0.349015 0.1)
(0.85 0.348971 0.1)
(0.875 0.348933 0.1)
(0.9 0.348901 0.1)
(0.925 0.348877 0.1)
(0.95 0.348859 0.1)
(0.975 0.348848 0.1)
(1 0.348845 0.1)
(0 0.376272 0.1)
(0.025 0.376268 0.1)
(0.05 0.376257 0.1)
(0.075 0.376237 0.1)
(0.1 0.37621 0.1)
(0.125 0.376175 0.1)
(0.15 0.376134 0.1)
(0.175 0.376085 0.1)
(0.2 0.376029 0.1)
(0.225 0.375967 0.1)
(0.25 0.3759 0.1)
(0.275 0.375826 0.1)
(0.3 0.375748 0.1)
(0.325 0.375665 0.1)
(0.35 0.375578 0.1)
(0.375 0.375487 0.1)
(0.4 0.375393 0.1)
(0.425 0.375297 0.1)
(0.45 0.375199 0.1)
(0.475 0.3751 0.1)
(0.5 0.375 0.1)
(0.525 0.3749 0.1)
(0.55 0.374801 0.1)
(0.575 0.374703 0.1)
(0.6 0.374607 0.1)
(0.625 0.374513 0.1)
(0.65 0.374422 0.1)
(0.675 0.374335 0.1)
(0.7 0.374252 0.1)
(0.725 0.374174 0.1)
(0.75 0.3741 0.1)
(0.775 0.374033 0.1)
(0.8 0.373971 0.1)
(0.825 0.373915 0.1)
(0.85 0.373866 0.1)
(0.875 0.373825 0.1)
(0.9 0.37379 0.1)
(0.925 0.373763 0.1)
(0.95 0.373743 0.1)
(0.975 0.373732 0.1)
(1 0.373728 0.1)
(0 0.401397 0.1)
(0.025 0.401393 0.1)
(0.05 0.40138 0.1)
(0.075 0.401358 0.1)
(0.1 0.401329 0.1)
(0.125 0.401291 0.1)
(0.15 0.401245 0.1)
(0.175 0.401191 0.1)
(0.2 0.40113 0.1)
(0.225 0.401062 0.1)
(0.25 0.400988 0.1)
(0.275 0.400907 0.1)
(0.3 0.400821 0.1)
(0.325 0.40073 0.1)
(0.35 0.400634 0.1)
(0.375 0.400535 0.1)
(0.4 0.400432 0.1)
(0.425 0.400326 0.1)
(0.45 0.400219 0.1)
(0.475 0.40011 0.1)
(0.5 0.4 0.1)
(0.525 0.39989 0.1)
(0.55 0.399781 0.1)
(0.575 0.399674 0.1)
(0.6 0.399568 0.1)
(0.625 0.399465 0.1)
(0.65 0.399366 0.1)
(0.675 0.39927 0.1)
(0.7 0.399179 0.1)
(0.725 0.399093 0.1)
(0.75 0.399012 0.1)
(0.775 0.398938 0.1)
(0.8 0.39887 0.1)
(0.825 0.398809 0.1)
(0.85 0.398755 0.1)
(0.875 0.398709 0.1)
(0.9 0.398671 0.1)
(0.925 0.398642 0.1)
(0.95 0.39862 0.1)
(0.975 0.398607 0.1)
(1 0.398603 0.1)
(0 0.42653 0.1)
(0.025 0.426526 0.1)
(0.05 0.426512 0.1)
(0.075 0.426488 0.1)
(0.1 0.426456 0.1)
(0.125 0.426414 0.1)
(0.15 0.426364 0.1)
(0.175 0.426305 0.1)
(0.2 0.426238 0.1)
(0.225 0.426164 0.1)
(0.25 0.426082 0.1)
(0.275 0.425994 0.1)
(0.3 0.4259 0.1)
(0.325 0.4258 0.1)
(0.35 0.425695 0.1)
(0.375 0.425586 0.1)
(0.4 0.425473 0.1)
(0.425 0.425357 0.1)
(0.45 0.425239 0.1)
(0.475 0.42512 0.1)
(0.5 0.425 0.1)
(0.525 0.42488 0.1)
(0.55 0.424761 0.1)
(0.575 0.424643 0.1)
(0.6 0.424527 0.1)
(0.625 0.424414 0.1)
(0.65 0.424305 0.1)
(0.675 0.4242 0.1)
(0.7 0.4241 0.1)
(0.725 0.424006 0.1)
(0.75 0.423918 0.1)
(0.775 0.423836 0.1)
(0.8 0.423762 0.1)
(0.825 0.423695 0.1)
(0.85 0.423636 0.1)
(0.875 0.423586 0.1)
(0.9 0.423544 0.1)
(0.925 0.423512 0.1)
(0.95 0.423488 0.1)
(0.975 0.423474 0.1)
(1 0.42347 0.1)
(0 0.451673 0.1)
(0.025 0.451668 0.1)
(0.05 0.451653 0.1)
(0.075 0.451627 0.1)
(0.1 0.451591 0.1)
(0.125 0.451546 0.1)
(0.15 0.451491 0.1)
(0.175 0.451427 0.1)
(0.2 0.451354 0.1)
(0.225 0.451272 0.1)
(0.25 0.451183 0.1)
(0.275 0.451087 0.1)
(0.3 0.450984 0.1)
(0.325 0.450874 0.1)
(0.35 0.45076 0.1)
(0.375 0.45064 0.1)
(0.4 0.450517 0.1)
(0.425 0.450391 0.1)
(0.45 0.450262 0.1)
(0.475 0.450131 0.1)
(0.5 0.45 0.1)
(0.525 0.449869 0.1)
(0.55 0.449738 0.1)
(0.575 0.449609 0.1)
(0.6 0.449483 0.1)
(0.625 0.44936 0.1)
(0.65 0.44924 0.1)
(0.675 0.449126 0.1)
(0.7 0.449016 0.1)
(0.725 0.448913 0.1)
(0.75 0.448817 0.1)
(0.775 0.448728 0.1)
(0.8 0.448646 0.1)
(0.825 0.448573 0.1)
(0.85 0.448509 0.1)
(0.875 0.448454 0.1)
(0.9 0.448409 0.1)
(0.925 0.448373 0.1)
(0.95 0.448347 0.1)
(0.975 0.448332 0.1)
(1 0.448327 0.1)
(0 0.476827 0.1)
(0.025 0.476821 0.1)
(0.05 0.476804 0.1)
(0.075 0.476776 0.1)
(0.1 0.476737 0.1)
(0.125 0.476688 0.1)
(0.15 0.476628 0.1)
(0.175 0.476557 0.1)
(0.2 0.476478 0.1)
(0.225 0.476389 0.1)
(0.25 0.476292 0.1)
(0.275 0.476186 0.1)
(0.3 0.476074 0.1)
(0.325 0.475954 0.1)
(0.35 0.475829 0.1)
(0.375 0.475699 0.1)
(0.4 0.475564 0.1)
(0.425 0.475426 0.1)
(0.45 0.475286 0.1)
(0.475 0.475143 0.1)
(0.5 0.475 0.1)
(0.525 0.474857 0.1)
(0.55 0.474714 0.1)
(0.575 0.474574 0.1)
(0.6 0.474436 0.1)
(0.625 0.474301 0.1)
(0.65 0.474171 0.1)
(0.675 0.474046 0.1)
(0.7 0.473926 0.1)
(0.725 0.473814 0.1)
(0.75 0.473708 0.1)
(0.775 0.473611 0.1)
(0.8 0.473522 0.1)
(0.825 0.473443 0.1)
(0.85 0.473372 0.1)
(0.875 0.473312 0.1)
(0.9 0.473263 0.1)
(0.925 0.473224 0.1)
(0.95 0.473196 0.1)
(0.975 0.473179 0.1)
(1 0.473173 0.1)
(0 0.501991 0.1)
(0.025 0.501985 0.1)
(0.05 0.501967 0.1)
(0.075 0.501936 0.1)
(0.1 0.501894 0.1)
(0.125 0.50184 0.1)
(0.15 0.501774 0.1)
(0.175 0.501698 0.1)
(0.2 0.501611 0.1)
(0.225 0.501514 0.1)
(0.25 0.501408 0.1)
(0.275 0.501293 0.1)
(0.3 0.50117 0.1)
(0.325 0.50104 0.1)
(0.35 0.500904 0.1)
(0.375 0.500762 0.1)
(0.4 0.500615 0.1)
(0.425 0.500465 0.1)
(0.45 0.500311 0.1)
(0.475 0.500156 0.1)
(0.5 0.5 0.1)
(0.525 0.499844 0.1)
(0.55 0.499689 0.1)
(0.575 0.499535 0.1)
(0.6 0.499385 0.1)
(0.625 0.499238 0.1)
(0.65 0.499096 0.1)
(0.675 0.49896 0.1)
(0.7 0.49883 0.1)
(0.725 0.498707 0.1)
(0.75 0.498592 0.1)
(0.775 0.498486 0.1)
(0.8 0.498389 0.1)
(0.825 0.498302 0.1)
(0.85 0.498226 0.1)
(0.875 0.49816 0.1)
(0.9 0.498106 0.1)
(0.925 0.498064 0.1)
(0.95 0.498033 0.1)
(0.975 0.498015 0.1)
(1 0.498009 0.1)
(0 0.527168 0.1)
(0.025 0.527161 0.1)
(0.05 0.527141 0.1)
(0.075 0.527108 0.1)
(0.1 0.527062 0.1)
(0.125 0.527003 0.1)
(0.15 0.526932 0.1)
(0.175 0.526848 0.1)
(0.2 0.526754 0.1)
(0.225 0.526648 0.1)
(0.25 0.526533 0.1)
(0.275 0.526408 0.1)
(0.3 0.526274 0.1)
(0.325 0.526133 0.1)
(0.35 0.525984 0.1)
(0.375 0.52583 0.1)
(0.4 0.52567 0.1)
(0.425 0.525506 0.1)
(0.45 0.525339 0.1)
(0.475 0.52517 0.1)
(0.5 0.525 0.1)
(0.525 0.52483 0.1)
(0.55 0.524661 0.1)
(0.575 0.524494 0.1)
(0.6 0.52433 0.1)
(0.625 0.52417 0.1)
(0.65 0.524016 0.1)
(0.675 0.523867 0.1)
(0.7 0.523726 0.1)
(0.725 0.523592 0.1)
(0.75 0.523467 0.1)
(0.775 0.523352 0.1)
(0.8 0.523246 0.1)
(0.825 0.523152 0.1)
(0.85 0.523068 0.1)
(0.875 0.522997 0.1)
(0.9 0.522938 0.1)
(0.925 0.522892 0.1)
(0.95 0.522859 0.1)
(0.975 0.522839 0.1)
(1 0.522832 0.1)
(0 0.552358 0.1)
(0.025 0.552351 0.1)
(0.05 0.552329 0.1)
(0.075 0.552293 0.1)
(0.1 0.552243 0.1)
(0.125 0.552178 0.1)
(0.15 0.552101 0.1)
(0.175 0.55201 0.1)
(0.2 0.551908 0.1)
(0.225 0.551793 0.1)
(0.25 0.551667 0.1)
(0.275 0.551531 0.1)
(0.3 0.551386 0.1)
(0.325 0.551232 0.1)
(0.35 0.55107 0.1)
(0.375 0.550902 0.1)
(0.4 0.550729 0.1)
(0.425 0.55055 0.1)
(0.45 0.550369 0.1)
(0.475 0.550185 0.1)
(0.5 0.55 0.1)
(0.525 0.549815 0.1)
(0.55 0.549631 0.1)
(0.575 0.54945 0.1)
(0.6 0.549271 0.1)
(0.625 0.549098 0.1)
(0.65 0.54893 0.1)
(0.675 0.548768 0.1)
(0.7 0.548614 0.1)
(0.725 0.548469 0.1)
(0.75 0.548333 0.1)
(0.775 0.548207 0.1)
(0.8 0.548092 0.1)
(0.825 0.54799 0.1)
(0.85 0.547899 0.1)
(0.875 0.547822 0.1)
(0.9 0.547757 0.1)
(0.925 0.547707 0.1)
(0.95 0.547671 0.1)
(0.975 0.547649 0.1)
(1 0.547642 0.1)
(0 0.577563 0.1)
(0.025 0.577555 0.1)
(0.05 0.577531 0.1)
(0.075 0.577492 0.1)
(0.1 0.577437 0.1)
(0.125 0.577368 0.1)
(0.15 0.577283 0.1)
(0.175 0.577185 0.1)
(0.2 0.577073 0.1)
(0.225 0.576949 0.1)
(0.25 0.576812 0.1)
(0.275 0.576664 0.1)
(0.3 0.576506 0.1)
(0.325 0.576339 0.1)
(0.35 0.576163 0.1)
(0.375 0.575981 0.1)
(0.4 0.575792 0.1)
(0.425 0.575598 0.1)
(0.45 0.575401 0.1)
(0.475 0.575201 0.1)
(0.5 0.575 0.1)
(0.525 0.574799 0.1)
(0.55 0.574599 0.1)
(0.575 0.574402 0.1)
(0.6 0.574208 0.1)
(0.625 0.574019 0.1)
(0.65 0.573837 0.1)
(0.675 0.573661 0.1)
(0.7 0.573494 0.1)
(0.725 0.573336 0.1)
(0.75 0.573188 0.1)
(0.775 0.573051 0.1)
(0.8 0.572927 0.1)
(0.825 0.572815 0.1)
(0.85 0.572717 0.1)
(0.875 0.572632 0.1)
(0.9 0.572563 0.1)
(0.925 0.572508 0.1)
(0.95 0.572469 0.1)
(0.975 0.572445 0.1)
(1 0.572437 0.1)
(0 0.602783 0.1)
(0.025 0.602774 0.1)
(0.05 0.602749 0.1)
(0.075 0.602706 0.1)
(0.1 0.602647 0.1)
(0.125 0.602571 0.1)
(0.15 0.60248 0.1)
(0.175 0.602373 0.1)
(0.2 0.602252 0.1)
(0.225 0.602116 0.1)
(0.25 0.601968 0.1)
(0.275 0.601807 0.1)
(0.3 0.601636 0.1)
(0.325 0.601454 0.1)
(0.35 0.601263 0.1)
(0.375 0.601065 0.1)
(0.4 0.60086 0.1)
(0.425 0.60065 0.1)
(0.45 0.600435 0.1)
(0.475 0.600218 0.1)
(0.5 0.6 0.1)
(0.525 0.599782 0.1)
(0.55 0.599565 0.1)
(0.575 0.59935 0.1)
(0.6 0.59914 0.1)
(0.625 0.598935 0.1)
(0.65 0.598737 0.1)
(0.675 0.598546 0.1)
(0.7 0.598364 0.1)
(0.725 0.598193 0.1)
(0.75 0.598032 0.1)
(0.775 0.597884 0.1)
(0.8 0.597748 0.1)
(0.825 0.597627 0.1)
(0.85 0.59752 0.1)
(0.875 0.597429 0.1)
(0.9 0.597353 0.1)
(0.925 0.597294 0.1)
(0.95 0.597251 0.1)
(0.975 0.597226 0.1)
(1 0.597217 0.1)
(0 0.628021 0.1)
(0.025 0.628011 0.1)
(0.05 0.627984 0.1)
(0.075 0.627937 0.1)
(0.1 0.627873 0.1)
(0.125 0.627791 0.1)
(0.15 0.627691 0.1)
(0.175 0.627576 0.1)
(0.2 0.627444 0.1)
(0.225 0.627297 0.1)
(0.25 0.627136 0.1)
(0.275 0.626962 0.1)
(0.3 0.626776 0.1)
(0.325 0.626578 0.1)
(0.35 0.626371 0.1)
(0.375 0.626156 0.1)
(0.4 0.625933 0.1)
(0.425 0.625705 0.1)
(0.45 0.625473 0.1)
(0.475 0.625237 0.1)
(0.5 0.625 0.1)
(0.525 0.624763 0.1)
(0.55 0.624527 0.1)
(0.575 0.624295 0.1)
(0.6 0.624067 0.1)
(0.625 0.623844 0.1)
(0.65 0.623629 0.1)
(0.675 0.623422 0.1)
(0.7 0.623224 0.1)
(0.725 0.623038 0.1)
(0.75 0.622864 0.1)
(0.775 0.622703 0.1)
(0.8 0.622556 0.1)
(0.825 0.622424 0.1)
(0.85 0.622309 0.1)
(0.875 0.622209 0.1)
(0.9 0.622127 0.1)
(0.925 0.622063 0.1)
(0.95 0.622016 0.1)
(0.975 0.621989 0.1)
(1 0.621979 0.1)
(0 0.653277 0.1)
(0.025 0.653267 0.1)
(0.05 0.653237 0.1)
(0.075 0.653186 0.1)
(0.1 0.653117 0.1)
(0.125 0.653027 0.1)
(0.15 0.65292 0.1)
(0.175 0.652794 0.1)
(0.2 0.652651 0.1)
(0.225 0.652492 0.1)
(0.25 0.652317 0.1)
(0.275 0.652128 0.1)
(0.3 0.651926 0.1)
(0.325 0.651712 0.1)
(0.35 0.651488 0.1)
(0.375 0.651254 0.1)
(0.4 0.651013 0.1)
(0.425 0.650765 0.1)
(0.45 0.650513 0.1)
(0.475 0.650257 0.1)
(0.5 0.65 0.1)
(0.525 0.649743 0.1)
(0.55 0.649487 0.1)
(0.575 0.649235 0.1)
(0.6 0.648987 0.1)
(0.625 0.648746 0.1)
(0.65 0.648512 0.1)
(0.675 0.648288 0.1)
(0.7 0.648074 0.1)
(0.725 0.647872 0.1)
(0.75 0.647683 0.1)
(0.775 0.647508 0.1)
(0.8 0.647349 0.1)
(0.825 0.647206 0.1)
(0.85 0.64708 0.1)
(0.875 0.646973 0.1)
(0.9 0.646883 0.1)
(0.925 0.646814 0.1)
(0.95 0.646763 0.1)
(0.975 0.646733 0.1)
(1 0.646723 0.1)
(0 0.678553 0.1)
(0.025 0.678542 0.1)
(0.05 0.67851 0.1)
(0.075 0.678455 0.1)
(0.1 0.678379 0.1)
(0.125 0.678283 0.1)
(0.15 0.678166 0.1)
(0.175 0.67803 0.1)
(0.2 0.677875 0.1)
(0.225 0.677702 0.1)
(0.25 0.677513 0.1)
(0.275 0.677308 0.1)
(0.3 0.677089 0.1)
(0.325 0.676857 0.1)
(0.35 0.676613 0.1)
(0.375 0.67636 0.1)
(0.4 0.676098 0.1)
(0.425 0.67583 0.1)
(0.45 0.675556 0.1)
(0.475 0.675279 0.1)
(0.5 0.675 0.1)
(0.525 0.674721 0.1)
(0.55 0.674444 0.1)
(0.575 0.67417 0.1)
(0.6 0.673902 0.1)
(0.625 0.67364 0.1)
(0.65 0.673387 0.1)
(0.675 0.673143 0.1)
(0.7 0.672911 0.1)
(0.725 0.672692 0.1)
(0.75 0.672487 0.1)
(0.775 0.672298 0.1)
(0.8 0.672125 0.1)
(0.825 0.67197 0.1)
(0.85 0.671834 0.1)
(0.875 0.671717 0.1)
(0.9 0.671621 0.1)
(0.925 0.671545 0.1)
(0.95 0.67149 0.1)
(0.975 0.671458 0.1)
(1 0.671447 0.1)
(0 0.703852 0.1)
(0.025 0.70384 0.1)
(0.05 0.703804 0.1)
(0.075 0.703745 0.1)
(0.1 0.703663 0.1)
(0.125 0.703559 0.1)
(0.15 0.703432 0.1)
(0.175 0.703284 0.1)
(0.2 0.703116 0.1)
(0.225 0.702929 0.1)
(0.25 0.702724 0.1)
(0.275 0.702501 0.1)
(0.3 0.702264 0.1)
(0.325 0.702013 0.1)
(0.35 0.701749 0.1)
(0.375 0.701474 0.1)
(0.4 0.70119 0.1)
(0.425 0.700899 0.1)
(0.45 0.700603 0.1)
(0.475 0.700302 0.1)
(0.5 0.7 0.1)
(0.525 0.699698 0.1)
(0.55 0.699397 0.1)
(0.575 0.699101 0.1)
(0.6 0.69881 0.1)
(0.625 0.698526 0.1)
(0.65 0.698251 0.1)
(0.675 0.697987 0.1)
(0.7 0.697736 0.1)
(0.725 0.697499 0.1)
(0.75 0.697276 0.1)
(0.775 0.697071 0.1)
(0.8 0.696884 0.1)
(0.825 0.696716 0.1)
(0.85 0.696568 0.1)
(0.875 0.696441 0.1)
(0.9 0.696337 0.1)
(0.925 0.696255 0.1)
(0.95 0.696196 0.1)
(0.975 0.69616 0.1)
(1 0.696148 0.1)
(0 0.729174 0.1)
(0.025 0.729161 0.1)
(0.05 0.729122 0.1)
(0.075 0.729058 0.1)
(0.1 0.72897 0.1)
(0.125 0.728856 0.1)
(0.15 0.728719 0.1)
(0.175 0.728559 0.1)
(0.2 0.728377 0.1)
(0.225 0.728174 0.1)
(0.25 0.727951 0.1)
(0.275 0.727711 0.1)
(0.3 0.727453 0.1)
(0.325 0.727181 0.1)
(0.35 0.726895 0.1)
(0.375 0.726597 0.1)
(0.4 0.72629 0.1)
(0.425 0.725974 0.1)
(0.45 0.725653 0.1)
(0.475 0.725327 0.1)
(0.5 0.725 0.1)
(0.525 0.724673 0.1)
(0.55 0.724347 0.1)
(0.575 0.724026 0.1)
(0.6 0.72371 0.1)
(0.625 0.723403 0.1)
(0.65 0.723105 0.1)
(0.675 0.722819 0.1)
(0.7 0.722547 0.1)
(0.725 0.722289 0.1)
(0.75 0.722049 0.1)
(0.775 0.721826 0.1)
(0.8 0.721623 0.1)
(0.825 0.721441 0.1)
(0.85 0.721281 0.1)
(0.875 0.721144 0.1)
(0.9 0.72103 0.1)
(0.925 0.720942 0.1)
(0.95 0.720878 0.1)
(0.975 0.720839 0.1)
(1 0.720826 0.1)
(0 0.754522 0.1)
(0.025 0.754508 0.1)
(0.05 0.754466 0.1)
(0.075 0.754397 0.1)
(0.1 0.7543 0.1)
(0.125 0.754177 0.1)
(0.15 0.754029 0.1)
(0.175 0.753855 0.1)
(0.2 0.753658 0.1)
(0.225 0.753438 0.1)
(0.25 0.753197 0.1)
(0.275 0.752937 0.1)
(0.3 0.752658 0.1)
(0.325 0.752363 0.1)
(0.35 0.752053 0.1)
(0.375 0.75173 0.1)
(0.4 0.751397 0.1)
(0.425 0.751056 0.1)
(0.45 0.750707 0.1)
(0.475 0.750355 0.1)
(0.5 0.75 0.1)
(0.525 0.749645 0.1)
(0.55 0.749293 0.1)
(0.575 0.748944 0.1)
(0.6 0.748603 0.1)
(0.625 0.74827 0.1)
(0.65 0.747947 0.1)
(0.675 0.747637 0.1)
(0.7 0.747342 0.1)
(0.725 0.747063 0.1)
(0.75 0.746803 0.1)
(0.775 0.746562 0.1)
(0.8 0.746342 0.1)
(0.825 0.746145 0.1)
(0.85 0.745971 0.1)
(0.875 0.745823 0.1)
(0.9 0.7457 0.1)
(0.925 0.745603 0.1)
(0.95 0.745534 0.1)
(0.975 0.745492 0.1)
(1 0.745478 0.1)
(0 0.779897 0.1)
(0.025 0.779882 0.1)
(0.05 0.779837 0.1)
(0.075 0.779762 0.1)
(0.1 0.779658 0.1)
(0.125 0.779525 0.1)
(0.15 0.779364 0.1)
(0.175 0.779176 0.1)
(0.2 0.778962 0.1)
(0.225 0.778724 0.1)
(0.25 0.778463 0.1)
(0.275 0.778181 0.1)
(0.3 0.777879 0.1)
(0.325 0.777559 0.1)
(0.35 0.777223 0.1)
(0.375 0.776874 0.1)
(0.4 0.776513 0.1)
(0.425 0.776143 0.1)
(0.45 0.775766 0.1)
(0.475 0.775384 0.1)
(0.5 0.775 0.1)
(0.525 0.774616 0.1)
(0.55 0.774234 0.1)
(0.575 0.773857 0.1)
(0.6 0.773487 0.1)
(0.625 0.773126 0.1)
(0.65 0.772777 0.1)
(0.675 0.772441 0.1)
(0.7 0.772121 0.1)
(0.725 0.771819 0.1)
(0.75 0.771537 0.1)
(0.775 0.771276 0.1)
(0.8 0.771038 0.1)
(0.825 0.770824 0.1)
(0.85 0.770636 0.1)
(0.875 0.770475 0.1)
(0.9 0.770342 0.1)
(0.925 0.770238 0.1)
(0.95 0.770163 0.1)
(0.975 0.770118 0.1)
(1 0.770103 0.1)
(0 0.805303 0.1)
(0.025 0.805287 0.1)
(0.05 0.805238 0.1)
(0.075 0.805157 0.1)
(0.1 0.805044 0.1)
(0.125 0.8049 0.1)
(0.15 0.804725 0.1)
(0.175 0.804522 0.1)
(0.2 0.80429 0.1)
(0.225 0.804033 0.1)
(0.25 0.80375 0.1)
(0.275 0.803444 0.1)
(0.3 0.803117 0.1)
(0.325 0.802771 0.1)
(0.35 0.802408 0.1)
(0.375 0.802029 0.1)
(0.4 0.801639 0.1)
(0.425 0.801238 0.1)
(0.45 0.80083 0.1)
(0.475 0.800416 0.1)
(0.5 0.8 0.1)
(0.525 0.799584 0.1)
(0.55 0.79917 0.1)
(0.575 0.798762 0.1)
(0.6 0.798361 0.1)
(0.625 0.797971 0.1)
(0.65 0.797592 0.1)
(0.675 0.797229 0.1)
(0.7 0.796883 0.1)
(0.725 0.796556 0.1)
(0.75 0.79625 0.1)
(0.775 0.795967 0.1)
(0.8 0.79571 0.1)
(0.825 0.795478 0.1)
(0.85 0.795275 0.1)
(0.875 0.7951 0.1)
(0.9 0.794956 0.1)
(0.925 0.794843 0.1)
(0.95 0.794762 0.1)
(0.975 0.794713 0.1)
(1 0.794697 0.1)
(0 0.830742 0.1)
(0.025 0.830724 0.1)
(0.05 0.830671 0.1)
(0.075 0.830583 0.1)
(0.1 0.830461 0.1)
(0.125 0.830305 0.1)
(0.15 0.830116 0.1)
(0.175 0.829896 0.1)
(0.2 0.829645 0.1)
(0.225 0.829366 0.1)
(0.25 0.82906 0.1)
(0.275 0.828729 0.1)
(0.3 0.828375 0.1)
(0.325 0.828 0.1)
(0.35 0.827607 0.1)
(0.375 0.827197 0.1)
(0.4 0.826774 0.1)
(0.425 0.82634 0.1)
(0.45 0.825898 0.1)
(0.475 0.825451 0.1)
(0.5 0.825 0.1)
(0.525 0.824549 0.1)
(0.55 0.824102 0.1)
(0.575 0.82366 0.1)
(0.6 0.823226 0.1)
(0.625 0.822803 0.1)
(0.65 0.822393 0.1)
(0.675 0.822 0.1)
(0.7 0.821625 0.1)
(0.725 0.821271 0.1)
(0.75 0.82094 0.1)
(0.775 0.820634 0.1)
(0.8 0.820355 0.1)
(0.825 0.820104 0.1)
(0.85 0.819884 0.1)
(0.875 0.819695 0.1)
(0.9 0.819539 0.1)
(0.925 0.819417 0.1)
(0.95 0.819329 0.1)
(0.975 0.819276 0.1)
(1 0.819258 0.1)
(0 0.856216 0.1)
(0.025 0.856197 0.1)
(0.05 0.856139 0.1)
(0.075 0.856044 0.1)
(0.1 0.855912 0.1)
(0.125 0.855743 0.1)
(0.15 0.855538 0.1)
(0.175 0.8553 0.1)
(0.2 0.855029 0.1)
(0.225 0.854727 0.1)
(0.25 0.854395 0.1)
(0.275 0.854037 0.1)
(0.3 0.853654 0.1)
(0.325 0.853248 0.1)
(0.35 0.852822 0.1)
(0.375 0.852379 0.1)
(0.4 0.851921 0.1)
(0.425 0.851451 0.1)
(0.45 0.850972 0.1)
(0.475 0.850488 0.1)
(0.5 0.85 0.1)
(0.525 0.849512 0.1)
(0.55 0.849028 0.1)
(0.575 0.848549 0.1)
(0.6 0.848079 0.1)
(0.625 0.847621 0.1)
(0.65 0.847178 0.1)
(0.675 0.846752 0.1)
(0.7 0.846346 0.1)
(0.725 0.845963 0.1)
(0.75 0.845605 0.1)
(0.775 0.845273 0.1)
(0.8 0.844971 0.1)
(0.825 0.8447 0.1)
(0.85 0.844462 0.1)
(0.875 0.844257 0.1)
(0.9 0.844088 0.1)
(0.925 0.843956 0.1)
(0.95 0.843861 0.1)
(0.975 0.843803 0.1)
(1 0.843784 0.1)
(0 0.881728 0.1)
(0.025 0.881707 0.1)
(0.05 0.881645 0.1)
(0.075 0.881542 0.1)
(0.1 0.881399 0.1)
(0.125 0.881216 0.1)
(0.15 0.880995 0.1)
(0.175 0.880737 0.1)
(0.2 0.880443 0.1)
(0.225 0.880116 0.1)
(0.25 0.879758 0.1)
(0.275 0.87937 0.1)
(0.3 0.878955 0.1)
(0.325 0.878515 0.1)
(0.35 0.878055 0.1)
(0.375 0.877575 0.1)
(0.4 0.877079 0.1)
(0.425 0.876571 0.1)
(0.45 0.876053 0.1)
(0.475 0.875528 0.1)
(0.5 0.875 0.1)
(0.525 0.874472 0.1)
(0.55 0.873947 0.1)
(0.575 0.873429 0.1)
(0.6 0.872921 0.1)
(0.625 0.872425 0.1)
(0.65 0.871945 0.1)
(0.675 0.871485 0.1)
(0.7 0.871045 0.1)
(0.725 0.87063 0.1)
(0.75 0.870242 0.1)
(0.775 0.869884 0.1)
(0.8 0.869557 0.1)
(0.825 0.869263 0.1)
(0.85 0.869005 0.1)
(0.875 0.868784 0.1)
(0.9 0.868601 0.1)
(0.925 0.868458 0.1)
(0.95 0.868355 0.1)
(0.975 0.868293 0.1)
(1 0.868272 0.1)
(0 0.907282 0.1)
(0.025 0.90726 0.1)
(0.05 0.907192 0.1)
(0.075 0.907081 0.1)
(0.1 0.906926 0.1)
(0.125 0.906728 0.1)
(0.15 0.906488 0.1)
(0.175 0.906209 0.1)
(0.2 0.905891 0.1)
(0.225 0.905537 0.1)
(0.25 0.905149 0.1)
(0.275 0.904729 0.1)
(0.3 0.90428 0.1)
(0.325 0.903805 0.1)
(0.35 0.903306 0.1)
(0.375 0.902787 0.1)
(0.4 0.90225 0.1)
(0.425 0.9017 0.1)
(0.45 0.901139 0.1)
(0.475 0.900571 0.1)
(0.5 0.9 0.1)
(0.525 0.899429 0.1)
(0.55 0.898861 0.1)
(0.575 0.8983 0.1)
(0.6 0.89775 0.1)
(0.625 0.897213 0.1)
(0.65 0.896694 0.1)
(0.675 0.896195 0.1)
(0.7 0.89572 0.1)
(0.725 0.895271 0.1)
(0.75 0.894851 0.1)
(0.775 0.894463 0.1)
(0.8 0.894109 0.1)
(0.825 0.893791 0.1)
(0.85 0.893512 0.1)
(0.875 0.893272 0.1)
(0.9 0.893074 0.1)
(0.925 0.892919 0.1)
(0.95 0.892808 0.1)
(0.975 0.89274 0.1)
(1 0.892718 0.1)
(0 0.932881 0.1)
(0.025 0.932856 0.1)
(0.05 0.932784 0.1)
(0.075 0.932663 0.1)
(0.1 0.932495 0.1)
(0.125 0.932281 0.1)
(0.15 0.932022 0.1)
(0.175 0.931719 0.1)
(0.2 0.931376 0.1)
(0.225 0.930993 0.1)
(0.25 0.930572 0.1)
(0.275 0.930118 0.1)
(0.3 0.929632 0.1)
(0.325 0.929118 0.1)
(0.35 0.928578 0.1)
(0.375 0.928016 0.1)
(0.4 0.927435 0.1)
(0.425 0.92684 0.1)
(0.45 0.926233 0.1)
(0.475 0.925618 0.1)
(0.5 0.925 0.1)
(0.525 0.924382 0.1)
(0.55 0.923767 0.1)
(0.575 0.92316 0.1)
(0.6 0.922565 0.1)
(0.625 0.921984 0.1)
(0.65 0.921422 0.1)
(0.675 0.920882 0.1)
(0.7 0.920368 0.1)
(0.725 0.919882 0.1)
(0.75 0.919428 0.1)
(0.775 0.919007 0.1)
(0.8 0.918624 0.1)
(0.825 0.918281 0.1)
(0.85 0.917978 0.1)
(0.875 0.917719 0.1)
(0.9 0.917505 0.1)
(0.925 0.917337 0.1)
(0.95 0.917216 0.1)
(0.975 0.917144 0.1)
(1 0.917119 0.1)
(0 0.958528 0.1)
(0.025 0.958502 0.1)
(0.05 0.958423 0.1)
(0.075 0.958292 0.1)
(0.1 0.958111 0.1)
(0.125 0.957879 0.1)
(0.15 0.957598 0.1)
(0.175 0.957271 0.1)
(0.2 0.956899 0.1)
(0.225 0.956485 0.1)
(0.25 0.95603 0.1)
(0.275 0.955538 0.1)
(0.3 0.955013 0.1)
(0.325 0.954456 0.1)
(0.35 0.953872 0.1)
(0.375 0.953264 0.1)
(0.4 0.952635 0.1)
(0.425 0.951991 0.1)
(0.45 0.951334 0.1)
(0.475 0.950669 0.1)
(0.5 0.95 0.1)
(0.525 0.949331 0.1)
(0.55 0.948666 0.1)
(0.575 0.948009 0.1)
(0.6 0.947365 0.1)
(0.625 0.946736 0.1)
(0.65 0.946128 0.1)
(0.675 0.945544 0.1)
(0.7 0.944987 0.1)
(0.725 0.944462 0.1)
(0.75 0.94397 0.1)
(0.775 0.943515 0.1)
(0.8 0.943101 0.1)
(0.825 0.942729 0.1)
(0.85 0.942402 0.1)
(0.875 0.942121 0.1)
(0.9 0.941889 0.1)
(0.925 0.941708 0.1)
(0.95 0.941577 0.1)
(0.975 0.941498 0.1)
(1 0.941472 0.1)
(0 0.984228 0.1)
(0.025 0.984199 0.1)
(0.05 0.984114 0.1)
(0.075 0.983973 0.1)
(0.1 0.983776 0.1)
(0.125 0.983525 0.1)
(0.15 0.983222 0.1)
(0.175 0.982868 0.1)
(0.2 0.982465 0.1)
(0.225 0.982017 0.1)
(0.25 0.981525 0.1)
(0.275 0.980993 0.1)
(0.3 0.980424 0.1)
(0.325 0.979822 0.1)
(0.35 0.979189 0.1)
(0.375 0.978531 0.1)
(0.4 0.977852 0.1)
(0.425 0.977154 0.1)
(0.45 0.976444 0.1)
(0.475 0.975724 0.1)
(0.5 0.975 0.1)
(0.525 0.974276 0.1)
(0.55 0.973556 0.1)
(0.575 0.972846 0.1)
(0.6 0.972148 0.1)
(0.625 0.971469 0.1)
(0.65 0.970811 0.1)
(0.675 0.970178 0.1)
(0.7 0.969576 0.1)
(0.725 0.969007 0.1)
(0.75 0.968475 0.1)
(0.775 0.967983 0.1)
(0.8 0.967535 0.1)
(0.825 0.967132 0.1)
(0.85 0.966778 0.1)
(0.875 0.966475 0.1)
(0.9 0.966224 0.1)
(0.925 0.966027 0.1)
(0.95 0.965886 0.1)
(0.975 0.965801 0.1)
(1 0.965772 0.1)
(0 1.01 0.1)
(0.025 1.00997 0.1)
(0.05 1.00988 0.1)
(0.075 1.00972 0.1)
(0.1 1.00951 0.1)
(0.125 1.00924 0.1)
(0.15 1.00891 0.1)
(0.175 1.00853 0.1)
(0.2 1.00809 0.1)
(0.225 1.0076 0.1)
(0.25 1.00707 0.1)
(0.275 1.00649 0.1)
(0.3 1.00588 0.1)
(0.325 1.00522 0.1)
(0.35 1.00454 0.1)
(0.375 1.00383 0.1)
(0.4 1.00309 0.1)
(0.425 1.00233 0.1)
(0.45 1.00156 0.1)
(0.475 1.00078 0.1)
(0.5 1 0.1)
(0.525 0.999215 0.1)
(0.55 0.998436 0.1)
(0.575 0.997666 0.1)
(0.6 0.99691 0.1)
(0.625 0.996173 0.1)
(0.65 0.99546 0.1)
(0.675 0.994775 0.1)
(0.7 0.994122 0.1)
(0.725 0.993506 0.1)
(0.75 0.992929 0.1)
(0.775 0.992396 0.1)
(0.8 0.99191 0.1)
(0.825 0.991474 0.1)
(0.85 0.99109 0.1)
(0.875 0.990761 0.1)
(0.9 0.990489 0.1)
(0.925 0.990276 0.1)
(0.95 0.990123 0.1)
(0.975 0.990031 0.1)
(1 0.99 0.1)
)


// ************************************************************************* //
