/*--------------------------------*- C++ -*----------------------------------*\
| =========                 |                                                 |
| \\      /  F ield         | OpenFOAM: The Open Source CFD Toolbox           |
|  \\    /   O peration     | Version:  2406                                  |
|   \\  /    A nd           | Website:  www.openfoam.com                      |
|    \\/     M anipulation  |                                                 |
\*---------------------------------------------------------------------------*/
FoamFile
{
    version     2.0;
    format      ascii;
    arch        "LSB;label=32;scalar=64";
    class       vectorField;
    location    "constant/polyMesh";
    object      points;
}
// * * * * * * * * * * * * * * * * * * * * * * * * * * * * * * * * * * * * * //


2501
(
(0 0 0)
(0.0005 0 0)
(0.001 0 0)
(0.0015 0 0)
(0.002 0 0)
(0.0025 0 0)
(0.003 0 0)
(0.0035 0 0)
(0.004 0 0)
(0.0045 0 0)
(0.005 0 0)
(0.0055 0 0)
(0.006 0 0)
(0.0065 0 0)
(0.007 0 0)
(0.0075 0 0)
(0.008 0 0)
(0.0085 0 0)
(0.009 0 0)
(0.0095 0 0)
(0.01 0 0)
(0.0105 0 0)
(0.011 0 0)
(0.0115 0 0)
(0.012 0 0)
(0.0125 0 0)
(0.013 0 0)
(0.0135 0 0)
(0.014 0 0)
(0.0145 0 0)
(0.015 0 0)
(0.0155 0 0)
(0.016 0 0)
(0.0165 0 0)
(0.017 0 0)
(0.0175 0 0)
(0.018 0 0)
(0.0185 0 0)
(0.019 0 0)
(0.0195 0 0)
(0.02 0 0)
(0.0205 0 0)
(0.021 0 0)
(0.0215 0 0)
(0.022 0 0)
(0.0225 0 0)
(0.023 0 0)
(0.0235 0 0)
(0.024 0 0)
(0.0245 0 0)
(0.025 0 0)
(0.0255 0 0)
(0.026 0 0)
(0.0265 0 0)
(0.027 0 0)
(0.0275 0 0)
(0.028 0 0)
(0.0285 0 0)
(0.029 0 0)
(0.0295 0 0)
(0.03 0 0)
(0 0.0005 -8.726655121e-07)
(0.0005 0.0005 -8.726655121e-07)
(0.001 0.0005 -8.726655121e-07)
(0.0015 0.0005 -8.726655121e-07)
(0.002 0.0005 -8.726655121e-07)
(0.0025 0.0005 -8.726655121e-07)
(0.003 0.0005 -8.726655121e-07)
(0.0035 0.0005 -8.726655121e-07)
(0.004 0.0005 -8.726655121e-07)
(0.0045 0.0005 -8.726655121e-07)
(0.005 0.0005 -8.726655121e-07)
(0.0055 0.0005 -8.726655121e-07)
(0.006 0.0005 -8.726655121e-07)
(0.0065 0.0005 -8.726655121e-07)
(0.007 0.0005 -8.726655121e-07)
(0.0075 0.0005 -8.726655121e-07)
(0.008 0.0005 -8.726655121e-07)
(0.0085 0.0005 -8.726655121e-07)
(0.009 0.0005 -8.726655121e-07)
(0.0095 0.0005 -8.726655121e-07)
(0.01 0.0005 -8.726655121e-07)
(0.0105 0.0005 -8.726655121e-07)
(0.011 0.0005 -8.726655121e-07)
(0.0115 0.0005 -8.726655121e-07)
(0.012 0.0005 -8.726655121e-07)
(0.0125 0.0005 -8.726655121e-07)
(0.013 0.0005 -8.726655121e-07)
(0.0135 0.0005 -8.726655121e-07)
(0.014 0.0005 -8.726655121e-07)
(0.0145 0.0005 -8.726655121e-07)
(0.015 0.0005 -8.726655121e-07)
(0.0155 0.0005 -8.726655121e-07)
(0.016 0.0005 -8.726655121e-07)
(0.0165 0.0005 -8.726655121e-07)
(0.017 0.0005 -8.726655121e-07)
(0.0175 0.0005 -8.726655121e-07)
(0.018 0.0005 -8.726655121e-07)
(0.0185 0.0005 -8.726655121e-07)
(0.019 0.0005 -8.726655121e-07)
(0.0195 0.0005 -8.726655121e-07)
(0.02 0.0005 -8.726655121e-07)
(0.0205 0.0005 -8.726655121e-07)
(0.021 0.0005 -8.726655121e-07)
(0.0215 0.0005 -8.726655121e-07)
(0.022 0.0005 -8.726655121e-07)
(0.0225 0.0005 -8.726655121e-07)
(0.023 0.0005 -8.726655121e-07)
(0.0235 0.0005 -8.726655121e-07)
(0.024 0.0005 -8.726655121e-07)
(0.0245 0.0005 -8.726655121e-07)
(0.025 0.0005 -8.726655121e-07)
(0.0255 0.0005 -8.726655121e-07)
(0.026 0.0005 -8.726655121e-07)
(0.0265 0.0005 -8.726655121e-07)
(0.027 0.0005 -8.726655121e-07)
(0.0275 0.0005 -8.726655121e-07)
(0.028 0.0005 -8.726655121e-07)
(0.0285 0.0005 -8.726655121e-07)
(0.029 0.0005 -8.726655121e-07)
(0.0295 0.0005 -8.726655121e-07)
(0.03 0.0005 -8.726655121e-07)
(0 0.001 -1.7453310242e-06)
(0.0005 0.001 -1.7453310242e-06)
(0.001 0.001 -1.7453310242e-06)
(0.0015 0.001 -1.7453310242e-06)
(0.002 0.001 -1.7453310242e-06)
(0.0025 0.001 -1.7453310242e-06)
(0.003 0.001 -1.7453310242e-06)
(0.0035 0.001 -1.7453310242e-06)
(0.004 0.001 -1.7453310242e-06)
(0.0045 0.001 -1.7453310242e-06)
(0.005 0.001 -1.7453310242e-06)
(0.0055 0.001 -1.7453310242e-06)
(0.006 0.001 -1.7453310242e-06)
(0.0065 0.001 -1.7453310242e-06)
(0.007 0.001 -1.7453310242e-06)
(0.0075 0.001 -1.7453310242e-06)
(0.008 0.001 -1.7453310242e-06)
(0.0085 0.001 -1.7453310242e-06)
(0.009 0.001 -1.7453310242e-06)
(0.0095 0.001 -1.7453310242e-06)
(0.01 0.001 -1.7453310242e-06)
(0.0105 0.001 -1.7453310242e-06)
(0.011 0.001 -1.7453310242e-06)
(0.0115 0.001 -1.7453310242e-06)
(0.012 0.001 -1.7453310242e-06)
(0.0125 0.001 -1.7453310242e-06)
(0.013 0.001 -1.7453310242e-06)
(0.0135 0.001 -1.7453310242e-06)
(0.014 0.001 -1.7453310242e-06)
(0.0145 0.001 -1.7453310242e-06)
(0.015 0.001 -1.7453310242e-06)
(0.0155 0.001 -1.7453310242e-06)
(0.016 0.001 -1.7453310242e-06)
(0.0165 0.001 -1.7453310242e-06)
(0.017 0.001 -1.7453310242e-06)
(0.0175 0.001 -1.7453310242e-06)
(0.018 0.001 -1.7453310242e-06)
(0.0185 0.001 -1.7453310242e-06)
(0.019 0.001 -1.7453310242e-06)
(0.0195 0.001 -1.7453310242e-06)
(0.02 0.001 -1.7453310242e-06)
(0.0205 0.001 -1.7453310242e-06)
(0.021 0.001 -1.7453310242e-06)
(0.0215 0.001 -1.7453310242e-06)
(0.022 0.001 -1.7453310242e-06)
(0.0225 0.001 -1.7453310242e-06)
(0.023 0.001 -1.7453310242e-06)
(0.0235 0.001 -1.7453310242e-06)
(0.024 0.001 -1.7453310242e-06)
(0.0245 0.001 -1.7453310242e-06)
(0.025 0.001 -1.7453310242e-06)
(0.0255 0.001 -1.7453310242e-06)
(0.026 0.001 -1.7453310242e-06)
(0.0265 0.001 -1.7453310242e-06)
(0.027 0.001 -1.7453310242e-06)
(0.0275 0.001 -1.7453310242e-06)
(0.028 0.001 -1.7453310242e-06)
(0.0285 0.001 -1.7453310242e-06)
(0.029 0.001 -1.7453310242e-06)
(0.0295 0.001 -1.7453310242e-06)
(0.03 0.001 -1.7453310242e-06)
(0 0.0015 -2.6179965363e-06)
(0.0005 0.0015 -2.6179965363e-06)
(0.001 0.0015 -2.6179965363e-06)
(0.0015 0.0015 -2.6179965363e-06)
(0.002 0.0015 -2.6179965363e-06)
(0.0025 0.0015 -2.6179965363e-06)
(0.003 0.0015 -2.6179965363e-06)
(0.0035 0.0015 -2.6179965363e-06)
(0.004 0.0015 -2.6179965363e-06)
(0.0045 0.0015 -2.6179965363e-06)
(0.005 0.0015 -2.6179965363e-06)
(0.0055 0.0015 -2.6179965363e-06)
(0.006 0.0015 -2.6179965363e-06)
(0.0065 0.0015 -2.6179965363e-06)
(0.007 0.0015 -2.6179965363e-06)
(0.0075 0.0015 -2.6179965363e-06)
(0.008 0.0015 -2.6179965363e-06)
(0.0085 0.0015 -2.6179965363e-06)
(0.009 0.0015 -2.6179965363e-06)
(0.0095 0.0015 -2.6179965363e-06)
(0.01 0.0015 -2.6179965363e-06)
(0.0105 0.0015 -2.6179965363e-06)
(0.011 0.0015 -2.6179965363e-06)
(0.0115 0.0015 -2.6179965363e-06)
(0.012 0.0015 -2.6179965363e-06)
(0.0125 0.0015 -2.6179965363e-06)
(0.013 0.0015 -2.6179965363e-06)
(0.0135 0.0015 -2.6179965363e-06)
(0.014 0.0015 -2.6179965363e-06)
(0.0145 0.0015 -2.6179965363e-06)
(0.015 0.0015 -2.6179965363e-06)
(0.0155 0.0015 -2.6179965363e-06)
(0.016 0.0015 -2.6179965363e-06)
(0.0165 0.0015 -2.6179965363e-06)
(0.017 0.0015 -2.6179965363e-06)
(0.0175 0.0015 -2.6179965363e-06)
(0.018 0.0015 -2.6179965363e-06)
(0.0185 0.0015 -2.6179965363e-06)
(0.019 0.0015 -2.6179965363e-06)
(0.0195 0.0015 -2.6179965363e-06)
(0.02 0.0015 -2.6179965363e-06)
(0.0205 0.0015 -2.6179965363e-06)
(0.021 0.0015 -2.6179965363e-06)
(0.0215 0.0015 -2.6179965363e-06)
(0.022 0.0015 -2.6179965363e-06)
(0.0225 0.0015 -2.6179965363e-06)
(0.023 0.0015 -2.6179965363e-06)
(0.0235 0.0015 -2.6179965363e-06)
(0.024 0.0015 -2.6179965363e-06)
(0.0245 0.0015 -2.6179965363e-06)
(0.025 0.0015 -2.6179965363e-06)
(0.0255 0.0015 -2.6179965363e-06)
(0.026 0.0015 -2.6179965363e-06)
(0.0265 0.0015 -2.6179965363e-06)
(0.027 0.0015 -2.6179965363e-06)
(0.0275 0.0015 -2.6179965363e-06)
(0.028 0.0015 -2.6179965363e-06)
(0.0285 0.0015 -2.6179965363e-06)
(0.029 0.0015 -2.6179965363e-06)
(0.0295 0.0015 -2.6179965363e-06)
(0.03 0.0015 -2.6179965363e-06)
(0 0.002 -3.4906620484e-06)
(0.0005 0.002 -3.4906620484e-06)
(0.001 0.002 -3.4906620484e-06)
(0.0015 0.002 -3.4906620484e-06)
(0.002 0.002 -3.4906620484e-06)
(0.0025 0.002 -3.4906620484e-06)
(0.003 0.002 -3.4906620484e-06)
(0.0035 0.002 -3.4906620484e-06)
(0.004 0.002 -3.4906620484e-06)
(0.0045 0.002 -3.4906620484e-06)
(0.005 0.002 -3.4906620484e-06)
(0.0055 0.002 -3.4906620484e-06)
(0.006 0.002 -3.4906620484e-06)
(0.0065 0.002 -3.4906620484e-06)
(0.007 0.002 -3.4906620484e-06)
(0.0075 0.002 -3.4906620484e-06)
(0.008 0.002 -3.4906620484e-06)
(0.0085 0.002 -3.4906620484e-06)
(0.009 0.002 -3.4906620484e-06)
(0.0095 0.002 -3.4906620484e-06)
(0.01 0.002 -3.4906620484e-06)
(0.0105 0.002 -3.4906620484e-06)
(0.011 0.002 -3.4906620484e-06)
(0.0115 0.002 -3.4906620484e-06)
(0.012 0.002 -3.4906620484e-06)
(0.0125 0.002 -3.4906620484e-06)
(0.013 0.002 -3.4906620484e-06)
(0.0135 0.002 -3.4906620484e-06)
(0.014 0.002 -3.4906620484e-06)
(0.0145 0.002 -3.4906620484e-06)
(0.015 0.002 -3.4906620484e-06)
(0.0155 0.002 -3.4906620484e-06)
(0.016 0.002 -3.4906620484e-06)
(0.0165 0.002 -3.4906620484e-06)
(0.017 0.002 -3.4906620484e-06)
(0.0175 0.002 -3.4906620484e-06)
(0.018 0.002 -3.4906620484e-06)
(0.0185 0.002 -3.4906620484e-06)
(0.019 0.002 -3.4906620484e-06)
(0.0195 0.002 -3.4906620484e-06)
(0.02 0.002 -3.4906620484e-06)
(0.0205 0.002 -3.4906620484e-06)
(0.021 0.002 -3.4906620484e-06)
(0.0215 0.002 -3.4906620484e-06)
(0.022 0.002 -3.4906620484e-06)
(0.0225 0.002 -3.4906620484e-06)
(0.023 0.002 -3.4906620484e-06)
(0.0235 0.002 -3.4906620484e-06)
(0.024 0.002 -3.4906620484e-06)
(0.0245 0.002 -3.4906620484e-06)
(0.025 0.002 -3.4906620484e-06)
(0.0255 0.002 -3.4906620484e-06)
(0.026 0.002 -3.4906620484e-06)
(0.0265 0.002 -3.4906620484e-06)
(0.027 0.002 -3.4906620484e-06)
(0.0275 0.002 -3.4906620484e-06)
(0.028 0.002 -3.4906620484e-06)
(0.0285 0.002 -3.4906620484e-06)
(0.029 0.002 -3.4906620484e-06)
(0.0295 0.002 -3.4906620484e-06)
(0.03 0.002 -3.4906620484e-06)
(0 0.0025 -4.3633275605e-06)
(0.0005 0.0025 -4.3633275605e-06)
(0.001 0.0025 -4.3633275605e-06)
(0.0015 0.0025 -4.3633275605e-06)
(0.002 0.0025 -4.3633275605e-06)
(0.0025 0.0025 -4.3633275605e-06)
(0.003 0.0025 -4.3633275605e-06)
(0.0035 0.0025 -4.3633275605e-06)
(0.004 0.0025 -4.3633275605e-06)
(0.0045 0.0025 -4.3633275605e-06)
(0.005 0.0025 -4.3633275605e-06)
(0.0055 0.0025 -4.3633275605e-06)
(0.006 0.0025 -4.3633275605e-06)
(0.0065 0.0025 -4.3633275605e-06)
(0.007 0.0025 -4.3633275605e-06)
(0.0075 0.0025 -4.3633275605e-06)
(0.008 0.0025 -4.3633275605e-06)
(0.0085 0.0025 -4.3633275605e-06)
(0.009 0.0025 -4.3633275605e-06)
(0.0095 0.0025 -4.3633275605e-06)
(0.01 0.0025 -4.3633275605e-06)
(0.0105 0.0025 -4.3633275605e-06)
(0.011 0.0025 -4.3633275605e-06)
(0.0115 0.0025 -4.3633275605e-06)
(0.012 0.0025 -4.3633275605e-06)
(0.0125 0.0025 -4.3633275605e-06)
(0.013 0.0025 -4.3633275605e-06)
(0.0135 0.0025 -4.3633275605e-06)
(0.014 0.0025 -4.3633275605e-06)
(0.0145 0.0025 -4.3633275605e-06)
(0.015 0.0025 -4.3633275605e-06)
(0.0155 0.0025 -4.3633275605e-06)
(0.016 0.0025 -4.3633275605e-06)
(0.0165 0.0025 -4.3633275605e-06)
(0.017 0.0025 -4.3633275605e-06)
(0.0175 0.0025 -4.3633275605e-06)
(0.018 0.0025 -4.3633275605e-06)
(0.0185 0.0025 -4.3633275605e-06)
(0.019 0.0025 -4.3633275605e-06)
(0.0195 0.0025 -4.3633275605e-06)
(0.02 0.0025 -4.3633275605e-06)
(0.0205 0.0025 -4.3633275605e-06)
(0.021 0.0025 -4.3633275605e-06)
(0.0215 0.0025 -4.3633275605e-06)
(0.022 0.0025 -4.3633275605e-06)
(0.0225 0.0025 -4.3633275605e-06)
(0.023 0.0025 -4.3633275605e-06)
(0.0235 0.0025 -4.3633275605e-06)
(0.024 0.0025 -4.3633275605e-06)
(0.0245 0.0025 -4.3633275605e-06)
(0.025 0.0025 -4.3633275605e-06)
(0.0255 0.0025 -4.3633275605e-06)
(0.026 0.0025 -4.3633275605e-06)
(0.0265 0.0025 -4.3633275605e-06)
(0.027 0.0025 -4.3633275605e-06)
(0.0275 0.0025 -4.3633275605e-06)
(0.028 0.0025 -4.3633275605e-06)
(0.0285 0.0025 -4.3633275605e-06)
(0.029 0.0025 -4.3633275605e-06)
(0.0295 0.0025 -4.3633275605e-06)
(0.03 0.0025 -4.3633275605e-06)
(0 0.003 -5.2359930726e-06)
(0.0005 0.003 -5.2359930726e-06)
(0.001 0.003 -5.2359930726e-06)
(0.0015 0.003 -5.2359930726e-06)
(0.002 0.003 -5.2359930726e-06)
(0.0025 0.003 -5.2359930726e-06)
(0.003 0.003 -5.2359930726e-06)
(0.0035 0.003 -5.2359930726e-06)
(0.004 0.003 -5.2359930726e-06)
(0.0045 0.003 -5.2359930726e-06)
(0.005 0.003 -5.2359930726e-06)
(0.0055 0.003 -5.2359930726e-06)
(0.006 0.003 -5.2359930726e-06)
(0.0065 0.003 -5.2359930726e-06)
(0.007 0.003 -5.2359930726e-06)
(0.0075 0.003 -5.2359930726e-06)
(0.008 0.003 -5.2359930726e-06)
(0.0085 0.003 -5.2359930726e-06)
(0.009 0.003 -5.2359930726e-06)
(0.0095 0.003 -5.2359930726e-06)
(0.01 0.003 -5.2359930726e-06)
(0.0105 0.003 -5.2359930726e-06)
(0.011 0.003 -5.2359930726e-06)
(0.0115 0.003 -5.2359930726e-06)
(0.012 0.003 -5.2359930726e-06)
(0.0125 0.003 -5.2359930726e-06)
(0.013 0.003 -5.2359930726e-06)
(0.0135 0.003 -5.2359930726e-06)
(0.014 0.003 -5.2359930726e-06)
(0.0145 0.003 -5.2359930726e-06)
(0.015 0.003 -5.2359930726e-06)
(0.0155 0.003 -5.2359930726e-06)
(0.016 0.003 -5.2359930726e-06)
(0.0165 0.003 -5.2359930726e-06)
(0.017 0.003 -5.2359930726e-06)
(0.0175 0.003 -5.2359930726e-06)
(0.018 0.003 -5.2359930726e-06)
(0.0185 0.003 -5.2359930726e-06)
(0.019 0.003 -5.2359930726e-06)
(0.0195 0.003 -5.2359930726e-06)
(0.02 0.003 -5.2359930726e-06)
(0.0205 0.003 -5.2359930726e-06)
(0.021 0.003 -5.2359930726e-06)
(0.0215 0.003 -5.2359930726e-06)
(0.022 0.003 -5.2359930726e-06)
(0.0225 0.003 -5.2359930726e-06)
(0.023 0.003 -5.2359930726e-06)
(0.0235 0.003 -5.2359930726e-06)
(0.024 0.003 -5.2359930726e-06)
(0.0245 0.003 -5.2359930726e-06)
(0.025 0.003 -5.2359930726e-06)
(0.0255 0.003 -5.2359930726e-06)
(0.026 0.003 -5.2359930726e-06)
(0.0265 0.003 -5.2359930726e-06)
(0.027 0.003 -5.2359930726e-06)
(0.0275 0.003 -5.2359930726e-06)
(0.028 0.003 -5.2359930726e-06)
(0.0285 0.003 -5.2359930726e-06)
(0.029 0.003 -5.2359930726e-06)
(0.0295 0.003 -5.2359930726e-06)
(0.03 0.003 -5.2359930726e-06)
(0 0.0035 -6.1086585847e-06)
(0.0005 0.0035 -6.1086585847e-06)
(0.001 0.0035 -6.1086585847e-06)
(0.0015 0.0035 -6.1086585847e-06)
(0.002 0.0035 -6.1086585847e-06)
(0.0025 0.0035 -6.1086585847e-06)
(0.003 0.0035 -6.1086585847e-06)
(0.0035 0.0035 -6.1086585847e-06)
(0.004 0.0035 -6.1086585847e-06)
(0.0045 0.0035 -6.1086585847e-06)
(0.005 0.0035 -6.1086585847e-06)
(0.0055 0.0035 -6.1086585847e-06)
(0.006 0.0035 -6.1086585847e-06)
(0.0065 0.0035 -6.1086585847e-06)
(0.007 0.0035 -6.1086585847e-06)
(0.0075 0.0035 -6.1086585847e-06)
(0.008 0.0035 -6.1086585847e-06)
(0.0085 0.0035 -6.1086585847e-06)
(0.009 0.0035 -6.1086585847e-06)
(0.0095 0.0035 -6.1086585847e-06)
(0.01 0.0035 -6.1086585847e-06)
(0.0105 0.0035 -6.1086585847e-06)
(0.011 0.0035 -6.1086585847e-06)
(0.0115 0.0035 -6.1086585847e-06)
(0.012 0.0035 -6.1086585847e-06)
(0.0125 0.0035 -6.1086585847e-06)
(0.013 0.0035 -6.1086585847e-06)
(0.0135 0.0035 -6.1086585847e-06)
(0.014 0.0035 -6.1086585847e-06)
(0.0145 0.0035 -6.1086585847e-06)
(0.015 0.0035 -6.1086585847e-06)
(0.0155 0.0035 -6.1086585847e-06)
(0.016 0.0035 -6.1086585847e-06)
(0.0165 0.0035 -6.1086585847e-06)
(0.017 0.0035 -6.1086585847e-06)
(0.0175 0.0035 -6.1086585847e-06)
(0.018 0.0035 -6.1086585847e-06)
(0.0185 0.0035 -6.1086585847e-06)
(0.019 0.0035 -6.1086585847e-06)
(0.0195 0.0035 -6.1086585847e-06)
(0.02 0.0035 -6.1086585847e-06)
(0.0205 0.0035 -6.1086585847e-06)
(0.021 0.0035 -6.1086585847e-06)
(0.0215 0.0035 -6.1086585847e-06)
(0.022 0.0035 -6.1086585847e-06)
(0.0225 0.0035 -6.1086585847e-06)
(0.023 0.0035 -6.1086585847e-06)
(0.0235 0.0035 -6.1086585847e-06)
(0.024 0.0035 -6.1086585847e-06)
(0.0245 0.0035 -6.1086585847e-06)
(0.025 0.0035 -6.1086585847e-06)
(0.0255 0.0035 -6.1086585847e-06)
(0.026 0.0035 -6.1086585847e-06)
(0.0265 0.0035 -6.1086585847e-06)
(0.027 0.0035 -6.1086585847e-06)
(0.0275 0.0035 -6.1086585847e-06)
(0.028 0.0035 -6.1086585847e-06)
(0.0285 0.0035 -6.1086585847e-06)
(0.029 0.0035 -6.1086585847e-06)
(0.0295 0.0035 -6.1086585847e-06)
(0.03 0.0035 -6.1086585847e-06)
(0 0.004 -6.9813240968e-06)
(0.0005 0.004 -6.9813240968e-06)
(0.001 0.004 -6.9813240968e-06)
(0.0015 0.004 -6.9813240968e-06)
(0.002 0.004 -6.9813240968e-06)
(0.0025 0.004 -6.9813240968e-06)
(0.003 0.004 -6.9813240968e-06)
(0.0035 0.004 -6.9813240968e-06)
(0.004 0.004 -6.9813240968e-06)
(0.0045 0.004 -6.9813240968e-06)
(0.005 0.004 -6.9813240968e-06)
(0.0055 0.004 -6.9813240968e-06)
(0.006 0.004 -6.9813240968e-06)
(0.0065 0.004 -6.9813240968e-06)
(0.007 0.004 -6.9813240968e-06)
(0.0075 0.004 -6.9813240968e-06)
(0.008 0.004 -6.9813240968e-06)
(0.0085 0.004 -6.9813240968e-06)
(0.009 0.004 -6.9813240968e-06)
(0.0095 0.004 -6.9813240968e-06)
(0.01 0.004 -6.9813240968e-06)
(0.0105 0.004 -6.9813240968e-06)
(0.011 0.004 -6.9813240968e-06)
(0.0115 0.004 -6.9813240968e-06)
(0.012 0.004 -6.9813240968e-06)
(0.0125 0.004 -6.9813240968e-06)
(0.013 0.004 -6.9813240968e-06)
(0.0135 0.004 -6.9813240968e-06)
(0.014 0.004 -6.9813240968e-06)
(0.0145 0.004 -6.9813240968e-06)
(0.015 0.004 -6.9813240968e-06)
(0.0155 0.004 -6.9813240968e-06)
(0.016 0.004 -6.9813240968e-06)
(0.0165 0.004 -6.9813240968e-06)
(0.017 0.004 -6.9813240968e-06)
(0.0175 0.004 -6.9813240968e-06)
(0.018 0.004 -6.9813240968e-06)
(0.0185 0.004 -6.9813240968e-06)
(0.019 0.004 -6.9813240968e-06)
(0.0195 0.004 -6.9813240968e-06)
(0.02 0.004 -6.9813240968e-06)
(0.0205 0.004 -6.9813240968e-06)
(0.021 0.004 -6.9813240968e-06)
(0.0215 0.004 -6.9813240968e-06)
(0.022 0.004 -6.9813240968e-06)
(0.0225 0.004 -6.9813240968e-06)
(0.023 0.004 -6.9813240968e-06)
(0.0235 0.004 -6.9813240968e-06)
(0.024 0.004 -6.9813240968e-06)
(0.0245 0.004 -6.9813240968e-06)
(0.025 0.004 -6.9813240968e-06)
(0.0255 0.004 -6.9813240968e-06)
(0.026 0.004 -6.9813240968e-06)
(0.0265 0.004 -6.9813240968e-06)
(0.027 0.004 -6.9813240968e-06)
(0.0275 0.004 -6.9813240968e-06)
(0.028 0.004 -6.9813240968e-06)
(0.0285 0.004 -6.9813240968e-06)
(0.029 0.004 -6.9813240968e-06)
(0.0295 0.004 -6.9813240968e-06)
(0.03 0.004 -6.9813240968e-06)
(0 0.0045 -7.8539896089e-06)
(0.0005 0.0045 -7.8539896089e-06)
(0.001 0.0045 -7.8539896089e-06)
(0.0015 0.0045 -7.8539896089e-06)
(0.002 0.0045 -7.8539896089e-06)
(0.0025 0.0045 -7.8539896089e-06)
(0.003 0.0045 -7.8539896089e-06)
(0.0035 0.0045 -7.8539896089e-06)
(0.004 0.0045 -7.8539896089e-06)
(0.0045 0.0045 -7.8539896089e-06)
(0.005 0.0045 -7.8539896089e-06)
(0.0055 0.0045 -7.8539896089e-06)
(0.006 0.0045 -7.8539896089e-06)
(0.0065 0.0045 -7.8539896089e-06)
(0.007 0.0045 -7.8539896089e-06)
(0.0075 0.0045 -7.8539896089e-06)
(0.008 0.0045 -7.8539896089e-06)
(0.0085 0.0045 -7.8539896089e-06)
(0.009 0.0045 -7.8539896089e-06)
(0.0095 0.0045 -7.8539896089e-06)
(0.01 0.0045 -7.8539896089e-06)
(0.0105 0.0045 -7.8539896089e-06)
(0.011 0.0045 -7.8539896089e-06)
(0.0115 0.0045 -7.8539896089e-06)
(0.012 0.0045 -7.8539896089e-06)
(0.0125 0.0045 -7.8539896089e-06)
(0.013 0.0045 -7.8539896089e-06)
(0.0135 0.0045 -7.8539896089e-06)
(0.014 0.0045 -7.8539896089e-06)
(0.0145 0.0045 -7.8539896089e-06)
(0.015 0.0045 -7.8539896089e-06)
(0.0155 0.0045 -7.8539896089e-06)
(0.016 0.0045 -7.8539896089e-06)
(0.0165 0.0045 -7.8539896089e-06)
(0.017 0.0045 -7.8539896089e-06)
(0.0175 0.0045 -7.8539896089e-06)
(0.018 0.0045 -7.8539896089e-06)
(0.0185 0.0045 -7.8539896089e-06)
(0.019 0.0045 -7.8539896089e-06)
(0.0195 0.0045 -7.8539896089e-06)
(0.02 0.0045 -7.8539896089e-06)
(0.0205 0.0045 -7.8539896089e-06)
(0.021 0.0045 -7.8539896089e-06)
(0.0215 0.0045 -7.8539896089e-06)
(0.022 0.0045 -7.8539896089e-06)
(0.0225 0.0045 -7.8539896089e-06)
(0.023 0.0045 -7.8539896089e-06)
(0.0235 0.0045 -7.8539896089e-06)
(0.024 0.0045 -7.8539896089e-06)
(0.0245 0.0045 -7.8539896089e-06)
(0.025 0.0045 -7.8539896089e-06)
(0.0255 0.0045 -7.8539896089e-06)
(0.026 0.0045 -7.8539896089e-06)
(0.0265 0.0045 -7.8539896089e-06)
(0.027 0.0045 -7.8539896089e-06)
(0.0275 0.0045 -7.8539896089e-06)
(0.028 0.0045 -7.8539896089e-06)
(0.0285 0.0045 -7.8539896089e-06)
(0.029 0.0045 -7.8539896089e-06)
(0.0295 0.0045 -7.8539896089e-06)
(0.03 0.0045 -7.8539896089e-06)
(0 0.005 -8.726655121e-06)
(0.0005 0.005 -8.726655121e-06)
(0.001 0.005 -8.726655121e-06)
(0.0015 0.005 -8.726655121e-06)
(0.002 0.005 -8.726655121e-06)
(0.0025 0.005 -8.726655121e-06)
(0.003 0.005 -8.726655121e-06)
(0.0035 0.005 -8.726655121e-06)
(0.004 0.005 -8.726655121e-06)
(0.0045 0.005 -8.726655121e-06)
(0.005 0.005 -8.726655121e-06)
(0.0055 0.005 -8.726655121e-06)
(0.006 0.005 -8.726655121e-06)
(0.0065 0.005 -8.726655121e-06)
(0.007 0.005 -8.726655121e-06)
(0.0075 0.005 -8.726655121e-06)
(0.008 0.005 -8.726655121e-06)
(0.0085 0.005 -8.726655121e-06)
(0.009 0.005 -8.726655121e-06)
(0.0095 0.005 -8.726655121e-06)
(0.01 0.005 -8.726655121e-06)
(0.0105 0.005 -8.726655121e-06)
(0.011 0.005 -8.726655121e-06)
(0.0115 0.005 -8.726655121e-06)
(0.012 0.005 -8.726655121e-06)
(0.0125 0.005 -8.726655121e-06)
(0.013 0.005 -8.726655121e-06)
(0.0135 0.005 -8.726655121e-06)
(0.014 0.005 -8.726655121e-06)
(0.0145 0.005 -8.726655121e-06)
(0.015 0.005 -8.726655121e-06)
(0.0155 0.005 -8.726655121e-06)
(0.016 0.005 -8.726655121e-06)
(0.0165 0.005 -8.726655121e-06)
(0.017 0.005 -8.726655121e-06)
(0.0175 0.005 -8.726655121e-06)
(0.018 0.005 -8.726655121e-06)
(0.0185 0.005 -8.726655121e-06)
(0.019 0.005 -8.726655121e-06)
(0.0195 0.005 -8.726655121e-06)
(0.02 0.005 -8.726655121e-06)
(0.0205 0.005 -8.726655121e-06)
(0.021 0.005 -8.726655121e-06)
(0.0215 0.005 -8.726655121e-06)
(0.022 0.005 -8.726655121e-06)
(0.0225 0.005 -8.726655121e-06)
(0.023 0.005 -8.726655121e-06)
(0.0235 0.005 -8.726655121e-06)
(0.024 0.005 -8.726655121e-06)
(0.0245 0.005 -8.726655121e-06)
(0.025 0.005 -8.726655121e-06)
(0.0255 0.005 -8.726655121e-06)
(0.026 0.005 -8.726655121e-06)
(0.0265 0.005 -8.726655121e-06)
(0.027 0.005 -8.726655121e-06)
(0.0275 0.005 -8.726655121e-06)
(0.028 0.005 -8.726655121e-06)
(0.0285 0.005 -8.726655121e-06)
(0.029 0.005 -8.726655121e-06)
(0.0295 0.005 -8.726655121e-06)
(0.03 0.005 -8.726655121e-06)
(0 0.0005 8.726655121e-07)
(0.0005 0.0005 8.726655121e-07)
(0.001 0.0005 8.726655121e-07)
(0.0015 0.0005 8.726655121e-07)
(0.002 0.0005 8.726655121e-07)
(0.0025 0.0005 8.726655121e-07)
(0.003 0.0005 8.726655121e-07)
(0.0035 0.0005 8.726655121e-07)
(0.004 0.0005 8.726655121e-07)
(0.0045 0.0005 8.726655121e-07)
(0.005 0.0005 8.726655121e-07)
(0.0055 0.0005 8.726655121e-07)
(0.006 0.0005 8.726655121e-07)
(0.0065 0.0005 8.726655121e-07)
(0.007 0.0005 8.726655121e-07)
(0.0075 0.0005 8.726655121e-07)
(0.008 0.0005 8.726655121e-07)
(0.0085 0.0005 8.726655121e-07)
(0.009 0.0005 8.726655121e-07)
(0.0095 0.0005 8.726655121e-07)
(0.01 0.0005 8.726655121e-07)
(0.0105 0.0005 8.726655121e-07)
(0.011 0.0005 8.726655121e-07)
(0.0115 0.0005 8.726655121e-07)
(0.012 0.0005 8.726655121e-07)
(0.0125 0.0005 8.726655121e-07)
(0.013 0.0005 8.726655121e-07)
(0.0135 0.0005 8.726655121e-07)
(0.014 0.0005 8.726655121e-07)
(0.0145 0.0005 8.726655121e-07)
(0.015 0.0005 8.726655121e-07)
(0.0155 0.0005 8.726655121e-07)
(0.016 0.0005 8.726655121e-07)
(0.0165 0.0005 8.726655121e-07)
(0.017 0.0005 8.726655121e-07)
(0.0175 0.0005 8.726655121e-07)
(0.018 0.0005 8.726655121e-07)
(0.0185 0.0005 8.726655121e-07)
(0.019 0.0005 8.726655121e-07)
(0.0195 0.0005 8.726655121e-07)
(0.02 0.0005 8.726655121e-07)
(0.0205 0.0005 8.726655121e-07)
(0.021 0.0005 8.726655121e-07)
(0.0215 0.0005 8.726655121e-07)
(0.022 0.0005 8.726655121e-07)
(0.0225 0.0005 8.726655121e-07)
(0.023 0.0005 8.726655121e-07)
(0.0235 0.0005 8.726655121e-07)
(0.024 0.0005 8.726655121e-07)
(0.0245 0.0005 8.726655121e-07)
(0.025 0.0005 8.726655121e-07)
(0.0255 0.0005 8.726655121e-07)
(0.026 0.0005 8.726655121e-07)
(0.0265 0.0005 8.726655121e-07)
(0.027 0.0005 8.726655121e-07)
(0.0275 0.0005 8.726655121e-07)
(0.028 0.0005 8.726655121e-07)
(0.0285 0.0005 8.726655121e-07)
(0.029 0.0005 8.726655121e-07)
(0.0295 0.0005 8.726655121e-07)
(0.03 0.0005 8.726655121e-07)
(0 0.001 1.7453310242e-06)
(0.0005 0.001 1.7453310242e-06)
(0.001 0.001 1.7453310242e-06)
(0.0015 0.001 1.7453310242e-06)
(0.002 0.001 1.7453310242e-06)
(0.0025 0.001 1.7453310242e-06)
(0.003 0.001 1.7453310242e-06)
(0.0035 0.001 1.7453310242e-06)
(0.004 0.001 1.7453310242e-06)
(0.0045 0.001 1.7453310242e-06)
(0.005 0.001 1.7453310242e-06)
(0.0055 0.001 1.7453310242e-06)
(0.006 0.001 1.7453310242e-06)
(0.0065 0.001 1.7453310242e-06)
(0.007 0.001 1.7453310242e-06)
(0.0075 0.001 1.7453310242e-06)
(0.008 0.001 1.7453310242e-06)
(0.0085 0.001 1.7453310242e-06)
(0.009 0.001 1.7453310242e-06)
(0.0095 0.001 1.7453310242e-06)
(0.01 0.001 1.7453310242e-06)
(0.0105 0.001 1.7453310242e-06)
(0.011 0.001 1.7453310242e-06)
(0.0115 0.001 1.7453310242e-06)
(0.012 0.001 1.7453310242e-06)
(0.0125 0.001 1.7453310242e-06)
(0.013 0.001 1.7453310242e-06)
(0.0135 0.001 1.7453310242e-06)
(0.014 0.001 1.7453310242e-06)
(0.0145 0.001 1.7453310242e-06)
(0.015 0.001 1.7453310242e-06)
(0.0155 0.001 1.7453310242e-06)
(0.016 0.001 1.7453310242e-06)
(0.0165 0.001 1.7453310242e-06)
(0.017 0.001 1.7453310242e-06)
(0.0175 0.001 1.7453310242e-06)
(0.018 0.001 1.7453310242e-06)
(0.0185 0.001 1.7453310242e-06)
(0.019 0.001 1.7453310242e-06)
(0.0195 0.001 1.7453310242e-06)
(0.02 0.001 1.7453310242e-06)
(0.0205 0.001 1.7453310242e-06)
(0.021 0.001 1.7453310242e-06)
(0.0215 0.001 1.7453310242e-06)
(0.022 0.001 1.7453310242e-06)
(0.0225 0.001 1.7453310242e-06)
(0.023 0.001 1.7453310242e-06)
(0.0235 0.001 1.7453310242e-06)
(0.024 0.001 1.7453310242e-06)
(0.0245 0.001 1.7453310242e-06)
(0.025 0.001 1.7453310242e-06)
(0.0255 0.001 1.7453310242e-06)
(0.026 0.001 1.7453310242e-06)
(0.0265 0.001 1.7453310242e-06)
(0.027 0.001 1.7453310242e-06)
(0.0275 0.001 1.7453310242e-06)
(0.028 0.001 1.7453310242e-06)
(0.0285 0.001 1.7453310242e-06)
(0.029 0.001 1.7453310242e-06)
(0.0295 0.001 1.7453310242e-06)
(0.03 0.001 1.7453310242e-06)
(0 0.0015 2.6179965363e-06)
(0.0005 0.0015 2.6179965363e-06)
(0.001 0.0015 2.6179965363e-06)
(0.0015 0.0015 2.6179965363e-06)
(0.002 0.0015 2.6179965363e-06)
(0.0025 0.0015 2.6179965363e-06)
(0.003 0.0015 2.6179965363e-06)
(0.0035 0.0015 2.6179965363e-06)
(0.004 0.0015 2.6179965363e-06)
(0.0045 0.0015 2.6179965363e-06)
(0.005 0.0015 2.6179965363e-06)
(0.0055 0.0015 2.6179965363e-06)
(0.006 0.0015 2.6179965363e-06)
(0.0065 0.0015 2.6179965363e-06)
(0.007 0.0015 2.6179965363e-06)
(0.0075 0.0015 2.6179965363e-06)
(0.008 0.0015 2.6179965363e-06)
(0.0085 0.0015 2.6179965363e-06)
(0.009 0.0015 2.6179965363e-06)
(0.0095 0.0015 2.6179965363e-06)
(0.01 0.0015 2.6179965363e-06)
(0.0105 0.0015 2.6179965363e-06)
(0.011 0.0015 2.6179965363e-06)
(0.0115 0.0015 2.6179965363e-06)
(0.012 0.0015 2.6179965363e-06)
(0.0125 0.0015 2.6179965363e-06)
(0.013 0.0015 2.6179965363e-06)
(0.0135 0.0015 2.6179965363e-06)
(0.014 0.0015 2.6179965363e-06)
(0.0145 0.0015 2.6179965363e-06)
(0.015 0.0015 2.6179965363e-06)
(0.0155 0.0015 2.6179965363e-06)
(0.016 0.0015 2.6179965363e-06)
(0.0165 0.0015 2.6179965363e-06)
(0.017 0.0015 2.6179965363e-06)
(0.0175 0.0015 2.6179965363e-06)
(0.018 0.0015 2.6179965363e-06)
(0.0185 0.0015 2.6179965363e-06)
(0.019 0.0015 2.6179965363e-06)
(0.0195 0.0015 2.6179965363e-06)
(0.02 0.0015 2.6179965363e-06)
(0.0205 0.0015 2.6179965363e-06)
(0.021 0.0015 2.6179965363e-06)
(0.0215 0.0015 2.6179965363e-06)
(0.022 0.0015 2.6179965363e-06)
(0.0225 0.0015 2.6179965363e-06)
(0.023 0.0015 2.6179965363e-06)
(0.0235 0.0015 2.6179965363e-06)
(0.024 0.0015 2.6179965363e-06)
(0.0245 0.0015 2.6179965363e-06)
(0.025 0.0015 2.6179965363e-06)
(0.0255 0.0015 2.6179965363e-06)
(0.026 0.0015 2.6179965363e-06)
(0.0265 0.0015 2.6179965363e-06)
(0.027 0.0015 2.6179965363e-06)
(0.0275 0.0015 2.6179965363e-06)
(0.028 0.0015 2.6179965363e-06)
(0.0285 0.0015 2.6179965363e-06)
(0.029 0.0015 2.6179965363e-06)
(0.0295 0.0015 2.6179965363e-06)
(0.03 0.0015 2.6179965363e-06)
(0 0.002 3.4906620484e-06)
(0.0005 0.002 3.4906620484e-06)
(0.001 0.002 3.4906620484e-06)
(0.0015 0.002 3.4906620484e-06)
(0.002 0.002 3.4906620484e-06)
(0.0025 0.002 3.4906620484e-06)
(0.003 0.002 3.4906620484e-06)
(0.0035 0.002 3.4906620484e-06)
(0.004 0.002 3.4906620484e-06)
(0.0045 0.002 3.4906620484e-06)
(0.005 0.002 3.4906620484e-06)
(0.0055 0.002 3.4906620484e-06)
(0.006 0.002 3.4906620484e-06)
(0.0065 0.002 3.4906620484e-06)
(0.007 0.002 3.4906620484e-06)
(0.0075 0.002 3.4906620484e-06)
(0.008 0.002 3.4906620484e-06)
(0.0085 0.002 3.4906620484e-06)
(0.009 0.002 3.4906620484e-06)
(0.0095 0.002 3.4906620484e-06)
(0.01 0.002 3.4906620484e-06)
(0.0105 0.002 3.4906620484e-06)
(0.011 0.002 3.4906620484e-06)
(0.0115 0.002 3.4906620484e-06)
(0.012 0.002 3.4906620484e-06)
(0.0125 0.002 3.4906620484e-06)
(0.013 0.002 3.4906620484e-06)
(0.0135 0.002 3.4906620484e-06)
(0.014 0.002 3.4906620484e-06)
(0.0145 0.002 3.4906620484e-06)
(0.015 0.002 3.4906620484e-06)
(0.0155 0.002 3.4906620484e-06)
(0.016 0.002 3.4906620484e-06)
(0.0165 0.002 3.4906620484e-06)
(0.017 0.002 3.4906620484e-06)
(0.0175 0.002 3.4906620484e-06)
(0.018 0.002 3.4906620484e-06)
(0.0185 0.002 3.4906620484e-06)
(0.019 0.002 3.4906620484e-06)
(0.0195 0.002 3.4906620484e-06)
(0.02 0.002 3.4906620484e-06)
(0.0205 0.002 3.4906620484e-06)
(0.021 0.002 3.4906620484e-06)
(0.0215 0.002 3.4906620484e-06)
(0.022 0.002 3.4906620484e-06)
(0.0225 0.002 3.4906620484e-06)
(0.023 0.002 3.4906620484e-06)
(0.0235 0.002 3.4906620484e-06)
(0.024 0.002 3.4906620484e-06)
(0.0245 0.002 3.4906620484e-06)
(0.025 0.002 3.4906620484e-06)
(0.0255 0.002 3.4906620484e-06)
(0.026 0.002 3.4906620484e-06)
(0.0265 0.002 3.4906620484e-06)
(0.027 0.002 3.4906620484e-06)
(0.0275 0.002 3.4906620484e-06)
(0.028 0.002 3.4906620484e-06)
(0.0285 0.002 3.4906620484e-06)
(0.029 0.002 3.4906620484e-06)
(0.0295 0.002 3.4906620484e-06)
(0.03 0.002 3.4906620484e-06)
(0 0.0025 4.3633275605e-06)
(0.0005 0.0025 4.3633275605e-06)
(0.001 0.0025 4.3633275605e-06)
(0.0015 0.0025 4.3633275605e-06)
(0.002 0.0025 4.3633275605e-06)
(0.0025 0.0025 4.3633275605e-06)
(0.003 0.0025 4.3633275605e-06)
(0.0035 0.0025 4.3633275605e-06)
(0.004 0.0025 4.3633275605e-06)
(0.0045 0.0025 4.3633275605e-06)
(0.005 0.0025 4.3633275605e-06)
(0.0055 0.0025 4.3633275605e-06)
(0.006 0.0025 4.3633275605e-06)
(0.0065 0.0025 4.3633275605e-06)
(0.007 0.0025 4.3633275605e-06)
(0.0075 0.0025 4.3633275605e-06)
(0.008 0.0025 4.3633275605e-06)
(0.0085 0.0025 4.3633275605e-06)
(0.009 0.0025 4.3633275605e-06)
(0.0095 0.0025 4.3633275605e-06)
(0.01 0.0025 4.3633275605e-06)
(0.0105 0.0025 4.3633275605e-06)
(0.011 0.0025 4.3633275605e-06)
(0.0115 0.0025 4.3633275605e-06)
(0.012 0.0025 4.3633275605e-06)
(0.0125 0.0025 4.3633275605e-06)
(0.013 0.0025 4.3633275605e-06)
(0.0135 0.0025 4.3633275605e-06)
(0.014 0.0025 4.3633275605e-06)
(0.0145 0.0025 4.3633275605e-06)
(0.015 0.0025 4.3633275605e-06)
(0.0155 0.0025 4.3633275605e-06)
(0.016 0.0025 4.3633275605e-06)
(0.0165 0.0025 4.3633275605e-06)
(0.017 0.0025 4.3633275605e-06)
(0.0175 0.0025 4.3633275605e-06)
(0.018 0.0025 4.3633275605e-06)
(0.0185 0.0025 4.3633275605e-06)
(0.019 0.0025 4.3633275605e-06)
(0.0195 0.0025 4.3633275605e-06)
(0.02 0.0025 4.3633275605e-06)
(0.0205 0.0025 4.3633275605e-06)
(0.021 0.0025 4.3633275605e-06)
(0.0215 0.0025 4.3633275605e-06)
(0.022 0.0025 4.3633275605e-06)
(0.0225 0.0025 4.3633275605e-06)
(0.023 0.0025 4.3633275605e-06)
(0.0235 0.0025 4.3633275605e-06)
(0.024 0.0025 4.3633275605e-06)
(0.0245 0.0025 4.3633275605e-06)
(0.025 0.0025 4.3633275605e-06)
(0.0255 0.0025 4.3633275605e-06)
(0.026 0.0025 4.3633275605e-06)
(0.0265 0.0025 4.3633275605e-06)
(0.027 0.0025 4.3633275605e-06)
(0.0275 0.0025 4.3633275605e-06)
(0.028 0.0025 4.3633275605e-06)
(0.0285 0.0025 4.3633275605e-06)
(0.029 0.0025 4.3633275605e-06)
(0.0295 0.0025 4.3633275605e-06)
(0.03 0.0025 4.3633275605e-06)
(0 0.003 5.2359930726e-06)
(0.0005 0.003 5.2359930726e-06)
(0.001 0.003 5.2359930726e-06)
(0.0015 0.003 5.2359930726e-06)
(0.002 0.003 5.2359930726e-06)
(0.0025 0.003 5.2359930726e-06)
(0.003 0.003 5.2359930726e-06)
(0.0035 0.003 5.2359930726e-06)
(0.004 0.003 5.2359930726e-06)
(0.0045 0.003 5.2359930726e-06)
(0.005 0.003 5.2359930726e-06)
(0.0055 0.003 5.2359930726e-06)
(0.006 0.003 5.2359930726e-06)
(0.0065 0.003 5.2359930726e-06)
(0.007 0.003 5.2359930726e-06)
(0.0075 0.003 5.2359930726e-06)
(0.008 0.003 5.2359930726e-06)
(0.0085 0.003 5.2359930726e-06)
(0.009 0.003 5.2359930726e-06)
(0.0095 0.003 5.2359930726e-06)
(0.01 0.003 5.2359930726e-06)
(0.0105 0.003 5.2359930726e-06)
(0.011 0.003 5.2359930726e-06)
(0.0115 0.003 5.2359930726e-06)
(0.012 0.003 5.2359930726e-06)
(0.0125 0.003 5.2359930726e-06)
(0.013 0.003 5.2359930726e-06)
(0.0135 0.003 5.2359930726e-06)
(0.014 0.003 5.2359930726e-06)
(0.0145 0.003 5.2359930726e-06)
(0.015 0.003 5.2359930726e-06)
(0.0155 0.003 5.2359930726e-06)
(0.016 0.003 5.2359930726e-06)
(0.0165 0.003 5.2359930726e-06)
(0.017 0.003 5.2359930726e-06)
(0.0175 0.003 5.2359930726e-06)
(0.018 0.003 5.2359930726e-06)
(0.0185 0.003 5.2359930726e-06)
(0.019 0.003 5.2359930726e-06)
(0.0195 0.003 5.2359930726e-06)
(0.02 0.003 5.2359930726e-06)
(0.0205 0.003 5.2359930726e-06)
(0.021 0.003 5.2359930726e-06)
(0.0215 0.003 5.2359930726e-06)
(0.022 0.003 5.2359930726e-06)
(0.0225 0.003 5.2359930726e-06)
(0.023 0.003 5.2359930726e-06)
(0.0235 0.003 5.2359930726e-06)
(0.024 0.003 5.2359930726e-06)
(0.0245 0.003 5.2359930726e-06)
(0.025 0.003 5.2359930726e-06)
(0.0255 0.003 5.2359930726e-06)
(0.026 0.003 5.2359930726e-06)
(0.0265 0.003 5.2359930726e-06)
(0.027 0.003 5.2359930726e-06)
(0.0275 0.003 5.2359930726e-06)
(0.028 0.003 5.2359930726e-06)
(0.0285 0.003 5.2359930726e-06)
(0.029 0.003 5.2359930726e-06)
(0.0295 0.003 5.2359930726e-06)
(0.03 0.003 5.2359930726e-06)
(0 0.0035 6.1086585847e-06)
(0.0005 0.0035 6.1086585847e-06)
(0.001 0.0035 6.1086585847e-06)
(0.0015 0.0035 6.1086585847e-06)
(0.002 0.0035 6.1086585847e-06)
(0.0025 0.0035 6.1086585847e-06)
(0.003 0.0035 6.1086585847e-06)
(0.0035 0.0035 6.1086585847e-06)
(0.004 0.0035 6.1086585847e-06)
(0.0045 0.0035 6.1086585847e-06)
(0.005 0.0035 6.1086585847e-06)
(0.0055 0.0035 6.1086585847e-06)
(0.006 0.0035 6.1086585847e-06)
(0.0065 0.0035 6.1086585847e-06)
(0.007 0.0035 6.1086585847e-06)
(0.0075 0.0035 6.1086585847e-06)
(0.008 0.0035 6.1086585847e-06)
(0.0085 0.0035 6.1086585847e-06)
(0.009 0.0035 6.1086585847e-06)
(0.0095 0.0035 6.1086585847e-06)
(0.01 0.0035 6.1086585847e-06)
(0.0105 0.0035 6.1086585847e-06)
(0.011 0.0035 6.1086585847e-06)
(0.0115 0.0035 6.1086585847e-06)
(0.012 0.0035 6.1086585847e-06)
(0.0125 0.0035 6.1086585847e-06)
(0.013 0.0035 6.1086585847e-06)
(0.0135 0.0035 6.1086585847e-06)
(0.014 0.0035 6.1086585847e-06)
(0.0145 0.0035 6.1086585847e-06)
(0.015 0.0035 6.1086585847e-06)
(0.0155 0.0035 6.1086585847e-06)
(0.016 0.0035 6.1086585847e-06)
(0.0165 0.0035 6.1086585847e-06)
(0.017 0.0035 6.1086585847e-06)
(0.0175 0.0035 6.1086585847e-06)
(0.018 0.0035 6.1086585847e-06)
(0.0185 0.0035 6.1086585847e-06)
(0.019 0.0035 6.1086585847e-06)
(0.0195 0.0035 6.1086585847e-06)
(0.02 0.0035 6.1086585847e-06)
(0.0205 0.0035 6.1086585847e-06)
(0.021 0.0035 6.1086585847e-06)
(0.0215 0.0035 6.1086585847e-06)
(0.022 0.0035 6.1086585847e-06)
(0.0225 0.0035 6.1086585847e-06)
(0.023 0.0035 6.1086585847e-06)
(0.0235 0.0035 6.1086585847e-06)
(0.024 0.0035 6.1086585847e-06)
(0.0245 0.0035 6.1086585847e-06)
(0.025 0.0035 6.1086585847e-06)
(0.0255 0.0035 6.1086585847e-06)
(0.026 0.0035 6.1086585847e-06)
(0.0265 0.0035 6.1086585847e-06)
(0.027 0.0035 6.1086585847e-06)
(0.0275 0.0035 6.1086585847e-06)
(0.028 0.0035 6.1086585847e-06)
(0.0285 0.0035 6.1086585847e-06)
(0.029 0.0035 6.1086585847e-06)
(0.0295 0.0035 6.1086585847e-06)
(0.03 0.0035 6.1086585847e-06)
(0 0.004 6.9813240968e-06)
(0.0005 0.004 6.9813240968e-06)
(0.001 0.004 6.9813240968e-06)
(0.0015 0.004 6.9813240968e-06)
(0.002 0.004 6.9813240968e-06)
(0.0025 0.004 6.9813240968e-06)
(0.003 0.004 6.9813240968e-06)
(0.0035 0.004 6.9813240968e-06)
(0.004 0.004 6.9813240968e-06)
(0.0045 0.004 6.9813240968e-06)
(0.005 0.004 6.9813240968e-06)
(0.0055 0.004 6.9813240968e-06)
(0.006 0.004 6.9813240968e-06)
(0.0065 0.004 6.9813240968e-06)
(0.007 0.004 6.9813240968e-06)
(0.0075 0.004 6.9813240968e-06)
(0.008 0.004 6.9813240968e-06)
(0.0085 0.004 6.9813240968e-06)
(0.009 0.004 6.9813240968e-06)
(0.0095 0.004 6.9813240968e-06)
(0.01 0.004 6.9813240968e-06)
(0.0105 0.004 6.9813240968e-06)
(0.011 0.004 6.9813240968e-06)
(0.0115 0.004 6.9813240968e-06)
(0.012 0.004 6.9813240968e-06)
(0.0125 0.004 6.9813240968e-06)
(0.013 0.004 6.9813240968e-06)
(0.0135 0.004 6.9813240968e-06)
(0.014 0.004 6.9813240968e-06)
(0.0145 0.004 6.9813240968e-06)
(0.015 0.004 6.9813240968e-06)
(0.0155 0.004 6.9813240968e-06)
(0.016 0.004 6.9813240968e-06)
(0.0165 0.004 6.9813240968e-06)
(0.017 0.004 6.9813240968e-06)
(0.0175 0.004 6.9813240968e-06)
(0.018 0.004 6.9813240968e-06)
(0.0185 0.004 6.9813240968e-06)
(0.019 0.004 6.9813240968e-06)
(0.0195 0.004 6.9813240968e-06)
(0.02 0.004 6.9813240968e-06)
(0.0205 0.004 6.9813240968e-06)
(0.021 0.004 6.9813240968e-06)
(0.0215 0.004 6.9813240968e-06)
(0.022 0.004 6.9813240968e-06)
(0.0225 0.004 6.9813240968e-06)
(0.023 0.004 6.9813240968e-06)
(0.0235 0.004 6.9813240968e-06)
(0.024 0.004 6.9813240968e-06)
(0.0245 0.004 6.9813240968e-06)
(0.025 0.004 6.9813240968e-06)
(0.0255 0.004 6.9813240968e-06)
(0.026 0.004 6.9813240968e-06)
(0.0265 0.004 6.9813240968e-06)
(0.027 0.004 6.9813240968e-06)
(0.0275 0.004 6.9813240968e-06)
(0.028 0.004 6.9813240968e-06)
(0.0285 0.004 6.9813240968e-06)
(0.029 0.004 6.9813240968e-06)
(0.0295 0.004 6.9813240968e-06)
(0.03 0.004 6.9813240968e-06)
(0 0.0045 7.8539896089e-06)
(0.0005 0.0045 7.8539896089e-06)
(0.001 0.0045 7.8539896089e-06)
(0.0015 0.0045 7.8539896089e-06)
(0.002 0.0045 7.8539896089e-06)
(0.0025 0.0045 7.8539896089e-06)
(0.003 0.0045 7.8539896089e-06)
(0.0035 0.0045 7.8539896089e-06)
(0.004 0.0045 7.8539896089e-06)
(0.0045 0.0045 7.8539896089e-06)
(0.005 0.0045 7.8539896089e-06)
(0.0055 0.0045 7.8539896089e-06)
(0.006 0.0045 7.8539896089e-06)
(0.0065 0.0045 7.8539896089e-06)
(0.007 0.0045 7.8539896089e-06)
(0.0075 0.0045 7.8539896089e-06)
(0.008 0.0045 7.8539896089e-06)
(0.0085 0.0045 7.8539896089e-06)
(0.009 0.0045 7.8539896089e-06)
(0.0095 0.0045 7.8539896089e-06)
(0.01 0.0045 7.8539896089e-06)
(0.0105 0.0045 7.8539896089e-06)
(0.011 0.0045 7.8539896089e-06)
(0.0115 0.0045 7.8539896089e-06)
(0.012 0.0045 7.8539896089e-06)
(0.0125 0.0045 7.8539896089e-06)
(0.013 0.0045 7.8539896089e-06)
(0.0135 0.0045 7.8539896089e-06)
(0.014 0.0045 7.8539896089e-06)
(0.0145 0.0045 7.8539896089e-06)
(0.015 0.0045 7.8539896089e-06)
(0.0155 0.0045 7.8539896089e-06)
(0.016 0.0045 7.8539896089e-06)
(0.0165 0.0045 7.8539896089e-06)
(0.017 0.0045 7.8539896089e-06)
(0.0175 0.0045 7.8539896089e-06)
(0.018 0.0045 7.8539896089e-06)
(0.0185 0.0045 7.8539896089e-06)
(0.019 0.0045 7.8539896089e-06)
(0.0195 0.0045 7.8539896089e-06)
(0.02 0.0045 7.8539896089e-06)
(0.0205 0.0045 7.8539896089e-06)
(0.021 0.0045 7.8539896089e-06)
(0.0215 0.0045 7.8539896089e-06)
(0.022 0.0045 7.8539896089e-06)
(0.0225 0.0045 7.8539896089e-06)
(0.023 0.0045 7.8539896089e-06)
(0.0235 0.0045 7.8539896089e-06)
(0.024 0.0045 7.8539896089e-06)
(0.0245 0.0045 7.8539896089e-06)
(0.025 0.0045 7.8539896089e-06)
(0.0255 0.0045 7.8539896089e-06)
(0.026 0.0045 7.8539896089e-06)
(0.0265 0.0045 7.8539896089e-06)
(0.027 0.0045 7.8539896089e-06)
(0.0275 0.0045 7.8539896089e-06)
(0.028 0.0045 7.8539896089e-06)
(0.0285 0.0045 7.8539896089e-06)
(0.029 0.0045 7.8539896089e-06)
(0.0295 0.0045 7.8539896089e-06)
(0.03 0.0045 7.8539896089e-06)
(0 0.005 8.726655121e-06)
(0.0005 0.005 8.726655121e-06)
(0.001 0.005 8.726655121e-06)
(0.0015 0.005 8.726655121e-06)
(0.002 0.005 8.726655121e-06)
(0.0025 0.005 8.726655121e-06)
(0.003 0.005 8.726655121e-06)
(0.0035 0.005 8.726655121e-06)
(0.004 0.005 8.726655121e-06)
(0.0045 0.005 8.726655121e-06)
(0.005 0.005 8.726655121e-06)
(0.0055 0.005 8.726655121e-06)
(0.006 0.005 8.726655121e-06)
(0.0065 0.005 8.726655121e-06)
(0.007 0.005 8.726655121e-06)
(0.0075 0.005 8.726655121e-06)
(0.008 0.005 8.726655121e-06)
(0.0085 0.005 8.726655121e-06)
(0.009 0.005 8.726655121e-06)
(0.0095 0.005 8.726655121e-06)
(0.01 0.005 8.726655121e-06)
(0.0105 0.005 8.726655121e-06)
(0.011 0.005 8.726655121e-06)
(0.0115 0.005 8.726655121e-06)
(0.012 0.005 8.726655121e-06)
(0.0125 0.005 8.726655121e-06)
(0.013 0.005 8.726655121e-06)
(0.0135 0.005 8.726655121e-06)
(0.014 0.005 8.726655121e-06)
(0.0145 0.005 8.726655121e-06)
(0.015 0.005 8.726655121e-06)
(0.0155 0.005 8.726655121e-06)
(0.016 0.005 8.726655121e-06)
(0.0165 0.005 8.726655121e-06)
(0.017 0.005 8.726655121e-06)
(0.0175 0.005 8.726655121e-06)
(0.018 0.005 8.726655121e-06)
(0.0185 0.005 8.726655121e-06)
(0.019 0.005 8.726655121e-06)
(0.0195 0.005 8.726655121e-06)
(0.02 0.005 8.726655121e-06)
(0.0205 0.005 8.726655121e-06)
(0.021 0.005 8.726655121e-06)
(0.0215 0.005 8.726655121e-06)
(0.022 0.005 8.726655121e-06)
(0.0225 0.005 8.726655121e-06)
(0.023 0.005 8.726655121e-06)
(0.0235 0.005 8.726655121e-06)
(0.024 0.005 8.726655121e-06)
(0.0245 0.005 8.726655121e-06)
(0.025 0.005 8.726655121e-06)
(0.0255 0.005 8.726655121e-06)
(0.026 0.005 8.726655121e-06)
(0.0265 0.005 8.726655121e-06)
(0.027 0.005 8.726655121e-06)
(0.0275 0.005 8.726655121e-06)
(0.028 0.005 8.726655121e-06)
(0.0285 0.005 8.726655121e-06)
(0.029 0.005 8.726655121e-06)
(0.0295 0.005 8.726655121e-06)
(0.03 0.005 8.726655121e-06)
(0 0.0055 -9.5993206331e-06)
(0.0005 0.0055 -9.5993206331e-06)
(0.001 0.0055 -9.5993206331e-06)
(0.0015 0.0055 -9.5993206331e-06)
(0.002 0.0055 -9.5993206331e-06)
(0.0025 0.0055 -9.5993206331e-06)
(0.003 0.0055 -9.5993206331e-06)
(0.0035 0.0055 -9.5993206331e-06)
(0.004 0.0055 -9.5993206331e-06)
(0.0045 0.0055 -9.5993206331e-06)
(0.005 0.0055 -9.5993206331e-06)
(0.0055 0.0055 -9.5993206331e-06)
(0.006 0.0055 -9.5993206331e-06)
(0.0065 0.0055 -9.5993206331e-06)
(0.007 0.0055 -9.5993206331e-06)
(0.0075 0.0055 -9.5993206331e-06)
(0.008 0.0055 -9.5993206331e-06)
(0.0085 0.0055 -9.5993206331e-06)
(0.009 0.0055 -9.5993206331e-06)
(0.0095 0.0055 -9.5993206331e-06)
(0.01 0.0055 -9.5993206331e-06)
(0.0105 0.0055 -9.5993206331e-06)
(0.011 0.0055 -9.5993206331e-06)
(0.0115 0.0055 -9.5993206331e-06)
(0.012 0.0055 -9.5993206331e-06)
(0.0125 0.0055 -9.5993206331e-06)
(0.013 0.0055 -9.5993206331e-06)
(0.0135 0.0055 -9.5993206331e-06)
(0.014 0.0055 -9.5993206331e-06)
(0.0145 0.0055 -9.5993206331e-06)
(0.015 0.0055 -9.5993206331e-06)
(0.0155 0.0055 -9.5993206331e-06)
(0.016 0.0055 -9.5993206331e-06)
(0.0165 0.0055 -9.5993206331e-06)
(0.017 0.0055 -9.5993206331e-06)
(0.0175 0.0055 -9.5993206331e-06)
(0.018 0.0055 -9.5993206331e-06)
(0.0185 0.0055 -9.5993206331e-06)
(0.019 0.0055 -9.5993206331e-06)
(0.0195 0.0055 -9.5993206331e-06)
(0.02 0.0055 -9.5993206331e-06)
(0.0205 0.0055 -9.5993206331e-06)
(0.021 0.0055 -9.5993206331e-06)
(0.0215 0.0055 -9.5993206331e-06)
(0.022 0.0055 -9.5993206331e-06)
(0.0225 0.0055 -9.5993206331e-06)
(0.023 0.0055 -9.5993206331e-06)
(0.0235 0.0055 -9.5993206331e-06)
(0.024 0.0055 -9.5993206331e-06)
(0.0245 0.0055 -9.5993206331e-06)
(0.025 0.0055 -9.5993206331e-06)
(0.0255 0.0055 -9.5993206331e-06)
(0.026 0.0055 -9.5993206331e-06)
(0.0265 0.0055 -9.5993206331e-06)
(0.027 0.0055 -9.5993206331e-06)
(0.0275 0.0055 -9.5993206331e-06)
(0.028 0.0055 -9.5993206331e-06)
(0.0285 0.0055 -9.5993206331e-06)
(0.029 0.0055 -9.5993206331e-06)
(0.0295 0.0055 -9.5993206331e-06)
(0.03 0.0055 -9.5993206331e-06)
(0 0.006 -1.04719861452e-05)
(0.0005 0.006 -1.04719861452e-05)
(0.001 0.006 -1.04719861452e-05)
(0.0015 0.006 -1.04719861452e-05)
(0.002 0.006 -1.04719861452e-05)
(0.0025 0.006 -1.04719861452e-05)
(0.003 0.006 -1.04719861452e-05)
(0.0035 0.006 -1.04719861452e-05)
(0.004 0.006 -1.04719861452e-05)
(0.0045 0.006 -1.04719861452e-05)
(0.005 0.006 -1.04719861452e-05)
(0.0055 0.006 -1.04719861452e-05)
(0.006 0.006 -1.04719861452e-05)
(0.0065 0.006 -1.04719861452e-05)
(0.007 0.006 -1.04719861452e-05)
(0.0075 0.006 -1.04719861452e-05)
(0.008 0.006 -1.04719861452e-05)
(0.0085 0.006 -1.04719861452e-05)
(0.009 0.006 -1.04719861452e-05)
(0.0095 0.006 -1.04719861452e-05)
(0.01 0.006 -1.04719861452e-05)
(0.0105 0.006 -1.04719861452e-05)
(0.011 0.006 -1.04719861452e-05)
(0.0115 0.006 -1.04719861452e-05)
(0.012 0.006 -1.04719861452e-05)
(0.0125 0.006 -1.04719861452e-05)
(0.013 0.006 -1.04719861452e-05)
(0.0135 0.006 -1.04719861452e-05)
(0.014 0.006 -1.04719861452e-05)
(0.0145 0.006 -1.04719861452e-05)
(0.015 0.006 -1.04719861452e-05)
(0.0155 0.006 -1.04719861452e-05)
(0.016 0.006 -1.04719861452e-05)
(0.0165 0.006 -1.04719861452e-05)
(0.017 0.006 -1.04719861452e-05)
(0.0175 0.006 -1.04719861452e-05)
(0.018 0.006 -1.04719861452e-05)
(0.0185 0.006 -1.04719861452e-05)
(0.019 0.006 -1.04719861452e-05)
(0.0195 0.006 -1.04719861452e-05)
(0.02 0.006 -1.04719861452e-05)
(0.0205 0.006 -1.04719861452e-05)
(0.021 0.006 -1.04719861452e-05)
(0.0215 0.006 -1.04719861452e-05)
(0.022 0.006 -1.04719861452e-05)
(0.0225 0.006 -1.04719861452e-05)
(0.023 0.006 -1.04719861452e-05)
(0.0235 0.006 -1.04719861452e-05)
(0.024 0.006 -1.04719861452e-05)
(0.0245 0.006 -1.04719861452e-05)
(0.025 0.006 -1.04719861452e-05)
(0.0255 0.006 -1.04719861452e-05)
(0.026 0.006 -1.04719861452e-05)
(0.0265 0.006 -1.04719861452e-05)
(0.027 0.006 -1.04719861452e-05)
(0.0275 0.006 -1.04719861452e-05)
(0.028 0.006 -1.04719861452e-05)
(0.0285 0.006 -1.04719861452e-05)
(0.029 0.006 -1.04719861452e-05)
(0.0295 0.006 -1.04719861452e-05)
(0.03 0.006 -1.04719861452e-05)
(0 0.0065 -1.13446516573e-05)
(0.0005 0.0065 -1.13446516573e-05)
(0.001 0.0065 -1.13446516573e-05)
(0.0015 0.0065 -1.13446516573e-05)
(0.002 0.0065 -1.13446516573e-05)
(0.0025 0.0065 -1.13446516573e-05)
(0.003 0.0065 -1.13446516573e-05)
(0.0035 0.0065 -1.13446516573e-05)
(0.004 0.0065 -1.13446516573e-05)
(0.0045 0.0065 -1.13446516573e-05)
(0.005 0.0065 -1.13446516573e-05)
(0.0055 0.0065 -1.13446516573e-05)
(0.006 0.0065 -1.13446516573e-05)
(0.0065 0.0065 -1.13446516573e-05)
(0.007 0.0065 -1.13446516573e-05)
(0.0075 0.0065 -1.13446516573e-05)
(0.008 0.0065 -1.13446516573e-05)
(0.0085 0.0065 -1.13446516573e-05)
(0.009 0.0065 -1.13446516573e-05)
(0.0095 0.0065 -1.13446516573e-05)
(0.01 0.0065 -1.13446516573e-05)
(0.0105 0.0065 -1.13446516573e-05)
(0.011 0.0065 -1.13446516573e-05)
(0.0115 0.0065 -1.13446516573e-05)
(0.012 0.0065 -1.13446516573e-05)
(0.0125 0.0065 -1.13446516573e-05)
(0.013 0.0065 -1.13446516573e-05)
(0.0135 0.0065 -1.13446516573e-05)
(0.014 0.0065 -1.13446516573e-05)
(0.0145 0.0065 -1.13446516573e-05)
(0.015 0.0065 -1.13446516573e-05)
(0.0155 0.0065 -1.13446516573e-05)
(0.016 0.0065 -1.13446516573e-05)
(0.0165 0.0065 -1.13446516573e-05)
(0.017 0.0065 -1.13446516573e-05)
(0.0175 0.0065 -1.13446516573e-05)
(0.018 0.0065 -1.13446516573e-05)
(0.0185 0.0065 -1.13446516573e-05)
(0.019 0.0065 -1.13446516573e-05)
(0.0195 0.0065 -1.13446516573e-05)
(0.02 0.0065 -1.13446516573e-05)
(0.0205 0.0065 -1.13446516573e-05)
(0.021 0.0065 -1.13446516573e-05)
(0.0215 0.0065 -1.13446516573e-05)
(0.022 0.0065 -1.13446516573e-05)
(0.0225 0.0065 -1.13446516573e-05)
(0.023 0.0065 -1.13446516573e-05)
(0.0235 0.0065 -1.13446516573e-05)
(0.024 0.0065 -1.13446516573e-05)
(0.0245 0.0065 -1.13446516573e-05)
(0.025 0.0065 -1.13446516573e-05)
(0.0255 0.0065 -1.13446516573e-05)
(0.026 0.0065 -1.13446516573e-05)
(0.0265 0.0065 -1.13446516573e-05)
(0.027 0.0065 -1.13446516573e-05)
(0.0275 0.0065 -1.13446516573e-05)
(0.028 0.0065 -1.13446516573e-05)
(0.0285 0.0065 -1.13446516573e-05)
(0.029 0.0065 -1.13446516573e-05)
(0.0295 0.0065 -1.13446516573e-05)
(0.03 0.0065 -1.13446516573e-05)
(0 0.007 -1.22173171694e-05)
(0.0005 0.007 -1.22173171694e-05)
(0.001 0.007 -1.22173171694e-05)
(0.0015 0.007 -1.22173171694e-05)
(0.002 0.007 -1.22173171694e-05)
(0.0025 0.007 -1.22173171694e-05)
(0.003 0.007 -1.22173171694e-05)
(0.0035 0.007 -1.22173171694e-05)
(0.004 0.007 -1.22173171694e-05)
(0.0045 0.007 -1.22173171694e-05)
(0.005 0.007 -1.22173171694e-05)
(0.0055 0.007 -1.22173171694e-05)
(0.006 0.007 -1.22173171694e-05)
(0.0065 0.007 -1.22173171694e-05)
(0.007 0.007 -1.22173171694e-05)
(0.0075 0.007 -1.22173171694e-05)
(0.008 0.007 -1.22173171694e-05)
(0.0085 0.007 -1.22173171694e-05)
(0.009 0.007 -1.22173171694e-05)
(0.0095 0.007 -1.22173171694e-05)
(0.01 0.007 -1.22173171694e-05)
(0.0105 0.007 -1.22173171694e-05)
(0.011 0.007 -1.22173171694e-05)
(0.0115 0.007 -1.22173171694e-05)
(0.012 0.007 -1.22173171694e-05)
(0.0125 0.007 -1.22173171694e-05)
(0.013 0.007 -1.22173171694e-05)
(0.0135 0.007 -1.22173171694e-05)
(0.014 0.007 -1.22173171694e-05)
(0.0145 0.007 -1.22173171694e-05)
(0.015 0.007 -1.22173171694e-05)
(0.0155 0.007 -1.22173171694e-05)
(0.016 0.007 -1.22173171694e-05)
(0.0165 0.007 -1.22173171694e-05)
(0.017 0.007 -1.22173171694e-05)
(0.0175 0.007 -1.22173171694e-05)
(0.018 0.007 -1.22173171694e-05)
(0.0185 0.007 -1.22173171694e-05)
(0.019 0.007 -1.22173171694e-05)
(0.0195 0.007 -1.22173171694e-05)
(0.02 0.007 -1.22173171694e-05)
(0.0205 0.007 -1.22173171694e-05)
(0.021 0.007 -1.22173171694e-05)
(0.0215 0.007 -1.22173171694e-05)
(0.022 0.007 -1.22173171694e-05)
(0.0225 0.007 -1.22173171694e-05)
(0.023 0.007 -1.22173171694e-05)
(0.0235 0.007 -1.22173171694e-05)
(0.024 0.007 -1.22173171694e-05)
(0.0245 0.007 -1.22173171694e-05)
(0.025 0.007 -1.22173171694e-05)
(0.0255 0.007 -1.22173171694e-05)
(0.026 0.007 -1.22173171694e-05)
(0.0265 0.007 -1.22173171694e-05)
(0.027 0.007 -1.22173171694e-05)
(0.0275 0.007 -1.22173171694e-05)
(0.028 0.007 -1.22173171694e-05)
(0.0285 0.007 -1.22173171694e-05)
(0.029 0.007 -1.22173171694e-05)
(0.0295 0.007 -1.22173171694e-05)
(0.03 0.007 -1.22173171694e-05)
(0 0.0075 -1.30899826815e-05)
(0.0005 0.0075 -1.30899826815e-05)
(0.001 0.0075 -1.30899826815e-05)
(0.0015 0.0075 -1.30899826815e-05)
(0.002 0.0075 -1.30899826815e-05)
(0.0025 0.0075 -1.30899826815e-05)
(0.003 0.0075 -1.30899826815e-05)
(0.0035 0.0075 -1.30899826815e-05)
(0.004 0.0075 -1.30899826815e-05)
(0.0045 0.0075 -1.30899826815e-05)
(0.005 0.0075 -1.30899826815e-05)
(0.0055 0.0075 -1.30899826815e-05)
(0.006 0.0075 -1.30899826815e-05)
(0.0065 0.0075 -1.30899826815e-05)
(0.007 0.0075 -1.30899826815e-05)
(0.0075 0.0075 -1.30899826815e-05)
(0.008 0.0075 -1.30899826815e-05)
(0.0085 0.0075 -1.30899826815e-05)
(0.009 0.0075 -1.30899826815e-05)
(0.0095 0.0075 -1.30899826815e-05)
(0.01 0.0075 -1.30899826815e-05)
(0.0105 0.0075 -1.30899826815e-05)
(0.011 0.0075 -1.30899826815e-05)
(0.0115 0.0075 -1.30899826815e-05)
(0.012 0.0075 -1.30899826815e-05)
(0.0125 0.0075 -1.30899826815e-05)
(0.013 0.0075 -1.30899826815e-05)
(0.0135 0.0075 -1.30899826815e-05)
(0.014 0.0075 -1.30899826815e-05)
(0.0145 0.0075 -1.30899826815e-05)
(0.015 0.0075 -1.30899826815e-05)
(0.0155 0.0075 -1.30899826815e-05)
(0.016 0.0075 -1.30899826815e-05)
(0.0165 0.0075 -1.30899826815e-05)
(0.017 0.0075 -1.30899826815e-05)
(0.0175 0.0075 -1.30899826815e-05)
(0.018 0.0075 -1.30899826815e-05)
(0.0185 0.0075 -1.30899826815e-05)
(0.019 0.0075 -1.30899826815e-05)
(0.0195 0.0075 -1.30899826815e-05)
(0.02 0.0075 -1.30899826815e-05)
(0.0205 0.0075 -1.30899826815e-05)
(0.021 0.0075 -1.30899826815e-05)
(0.0215 0.0075 -1.30899826815e-05)
(0.022 0.0075 -1.30899826815e-05)
(0.0225 0.0075 -1.30899826815e-05)
(0.023 0.0075 -1.30899826815e-05)
(0.0235 0.0075 -1.30899826815e-05)
(0.024 0.0075 -1.30899826815e-05)
(0.0245 0.0075 -1.30899826815e-05)
(0.025 0.0075 -1.30899826815e-05)
(0.0255 0.0075 -1.30899826815e-05)
(0.026 0.0075 -1.30899826815e-05)
(0.0265 0.0075 -1.30899826815e-05)
(0.027 0.0075 -1.30899826815e-05)
(0.0275 0.0075 -1.30899826815e-05)
(0.028 0.0075 -1.30899826815e-05)
(0.0285 0.0075 -1.30899826815e-05)
(0.029 0.0075 -1.30899826815e-05)
(0.0295 0.0075 -1.30899826815e-05)
(0.03 0.0075 -1.30899826815e-05)
(0 0.008 -1.39626481936e-05)
(0.0005 0.008 -1.39626481936e-05)
(0.001 0.008 -1.39626481936e-05)
(0.0015 0.008 -1.39626481936e-05)
(0.002 0.008 -1.39626481936e-05)
(0.0025 0.008 -1.39626481936e-05)
(0.003 0.008 -1.39626481936e-05)
(0.0035 0.008 -1.39626481936e-05)
(0.004 0.008 -1.39626481936e-05)
(0.0045 0.008 -1.39626481936e-05)
(0.005 0.008 -1.39626481936e-05)
(0.0055 0.008 -1.39626481936e-05)
(0.006 0.008 -1.39626481936e-05)
(0.0065 0.008 -1.39626481936e-05)
(0.007 0.008 -1.39626481936e-05)
(0.0075 0.008 -1.39626481936e-05)
(0.008 0.008 -1.39626481936e-05)
(0.0085 0.008 -1.39626481936e-05)
(0.009 0.008 -1.39626481936e-05)
(0.0095 0.008 -1.39626481936e-05)
(0.01 0.008 -1.39626481936e-05)
(0.0105 0.008 -1.39626481936e-05)
(0.011 0.008 -1.39626481936e-05)
(0.0115 0.008 -1.39626481936e-05)
(0.012 0.008 -1.39626481936e-05)
(0.0125 0.008 -1.39626481936e-05)
(0.013 0.008 -1.39626481936e-05)
(0.0135 0.008 -1.39626481936e-05)
(0.014 0.008 -1.39626481936e-05)
(0.0145 0.008 -1.39626481936e-05)
(0.015 0.008 -1.39626481936e-05)
(0.0155 0.008 -1.39626481936e-05)
(0.016 0.008 -1.39626481936e-05)
(0.0165 0.008 -1.39626481936e-05)
(0.017 0.008 -1.39626481936e-05)
(0.0175 0.008 -1.39626481936e-05)
(0.018 0.008 -1.39626481936e-05)
(0.0185 0.008 -1.39626481936e-05)
(0.019 0.008 -1.39626481936e-05)
(0.0195 0.008 -1.39626481936e-05)
(0.02 0.008 -1.39626481936e-05)
(0.0205 0.008 -1.39626481936e-05)
(0.021 0.008 -1.39626481936e-05)
(0.0215 0.008 -1.39626481936e-05)
(0.022 0.008 -1.39626481936e-05)
(0.0225 0.008 -1.39626481936e-05)
(0.023 0.008 -1.39626481936e-05)
(0.0235 0.008 -1.39626481936e-05)
(0.024 0.008 -1.39626481936e-05)
(0.0245 0.008 -1.39626481936e-05)
(0.025 0.008 -1.39626481936e-05)
(0.0255 0.008 -1.39626481936e-05)
(0.026 0.008 -1.39626481936e-05)
(0.0265 0.008 -1.39626481936e-05)
(0.027 0.008 -1.39626481936e-05)
(0.0275 0.008 -1.39626481936e-05)
(0.028 0.008 -1.39626481936e-05)
(0.0285 0.008 -1.39626481936e-05)
(0.029 0.008 -1.39626481936e-05)
(0.0295 0.008 -1.39626481936e-05)
(0.03 0.008 -1.39626481936e-05)
(0 0.0085 -1.48353137057e-05)
(0.0005 0.0085 -1.48353137057e-05)
(0.001 0.0085 -1.48353137057e-05)
(0.0015 0.0085 -1.48353137057e-05)
(0.002 0.0085 -1.48353137057e-05)
(0.0025 0.0085 -1.48353137057e-05)
(0.003 0.0085 -1.48353137057e-05)
(0.0035 0.0085 -1.48353137057e-05)
(0.004 0.0085 -1.48353137057e-05)
(0.0045 0.0085 -1.48353137057e-05)
(0.005 0.0085 -1.48353137057e-05)
(0.0055 0.0085 -1.48353137057e-05)
(0.006 0.0085 -1.48353137057e-05)
(0.0065 0.0085 -1.48353137057e-05)
(0.007 0.0085 -1.48353137057e-05)
(0.0075 0.0085 -1.48353137057e-05)
(0.008 0.0085 -1.48353137057e-05)
(0.0085 0.0085 -1.48353137057e-05)
(0.009 0.0085 -1.48353137057e-05)
(0.0095 0.0085 -1.48353137057e-05)
(0.01 0.0085 -1.48353137057e-05)
(0.0105 0.0085 -1.48353137057e-05)
(0.011 0.0085 -1.48353137057e-05)
(0.0115 0.0085 -1.48353137057e-05)
(0.012 0.0085 -1.48353137057e-05)
(0.0125 0.0085 -1.48353137057e-05)
(0.013 0.0085 -1.48353137057e-05)
(0.0135 0.0085 -1.48353137057e-05)
(0.014 0.0085 -1.48353137057e-05)
(0.0145 0.0085 -1.48353137057e-05)
(0.015 0.0085 -1.48353137057e-05)
(0.0155 0.0085 -1.48353137057e-05)
(0.016 0.0085 -1.48353137057e-05)
(0.0165 0.0085 -1.48353137057e-05)
(0.017 0.0085 -1.48353137057e-05)
(0.0175 0.0085 -1.48353137057e-05)
(0.018 0.0085 -1.48353137057e-05)
(0.0185 0.0085 -1.48353137057e-05)
(0.019 0.0085 -1.48353137057e-05)
(0.0195 0.0085 -1.48353137057e-05)
(0.02 0.0085 -1.48353137057e-05)
(0.0205 0.0085 -1.48353137057e-05)
(0.021 0.0085 -1.48353137057e-05)
(0.0215 0.0085 -1.48353137057e-05)
(0.022 0.0085 -1.48353137057e-05)
(0.0225 0.0085 -1.48353137057e-05)
(0.023 0.0085 -1.48353137057e-05)
(0.0235 0.0085 -1.48353137057e-05)
(0.024 0.0085 -1.48353137057e-05)
(0.0245 0.0085 -1.48353137057e-05)
(0.025 0.0085 -1.48353137057e-05)
(0.0255 0.0085 -1.48353137057e-05)
(0.026 0.0085 -1.48353137057e-05)
(0.0265 0.0085 -1.48353137057e-05)
(0.027 0.0085 -1.48353137057e-05)
(0.0275 0.0085 -1.48353137057e-05)
(0.028 0.0085 -1.48353137057e-05)
(0.0285 0.0085 -1.48353137057e-05)
(0.029 0.0085 -1.48353137057e-05)
(0.0295 0.0085 -1.48353137057e-05)
(0.03 0.0085 -1.48353137057e-05)
(0 0.009 -1.57079792178e-05)
(0.0005 0.009 -1.57079792178e-05)
(0.001 0.009 -1.57079792178e-05)
(0.0015 0.009 -1.57079792178e-05)
(0.002 0.009 -1.57079792178e-05)
(0.0025 0.009 -1.57079792178e-05)
(0.003 0.009 -1.57079792178e-05)
(0.0035 0.009 -1.57079792178e-05)
(0.004 0.009 -1.57079792178e-05)
(0.0045 0.009 -1.57079792178e-05)
(0.005 0.009 -1.57079792178e-05)
(0.0055 0.009 -1.57079792178e-05)
(0.006 0.009 -1.57079792178e-05)
(0.0065 0.009 -1.57079792178e-05)
(0.007 0.009 -1.57079792178e-05)
(0.0075 0.009 -1.57079792178e-05)
(0.008 0.009 -1.57079792178e-05)
(0.0085 0.009 -1.57079792178e-05)
(0.009 0.009 -1.57079792178e-05)
(0.0095 0.009 -1.57079792178e-05)
(0.01 0.009 -1.57079792178e-05)
(0.0105 0.009 -1.57079792178e-05)
(0.011 0.009 -1.57079792178e-05)
(0.0115 0.009 -1.57079792178e-05)
(0.012 0.009 -1.57079792178e-05)
(0.0125 0.009 -1.57079792178e-05)
(0.013 0.009 -1.57079792178e-05)
(0.0135 0.009 -1.57079792178e-05)
(0.014 0.009 -1.57079792178e-05)
(0.0145 0.009 -1.57079792178e-05)
(0.015 0.009 -1.57079792178e-05)
(0.0155 0.009 -1.57079792178e-05)
(0.016 0.009 -1.57079792178e-05)
(0.0165 0.009 -1.57079792178e-05)
(0.017 0.009 -1.57079792178e-05)
(0.0175 0.009 -1.57079792178e-05)
(0.018 0.009 -1.57079792178e-05)
(0.0185 0.009 -1.57079792178e-05)
(0.019 0.009 -1.57079792178e-05)
(0.0195 0.009 -1.57079792178e-05)
(0.02 0.009 -1.57079792178e-05)
(0.0205 0.009 -1.57079792178e-05)
(0.021 0.009 -1.57079792178e-05)
(0.0215 0.009 -1.57079792178e-05)
(0.022 0.009 -1.57079792178e-05)
(0.0225 0.009 -1.57079792178e-05)
(0.023 0.009 -1.57079792178e-05)
(0.0235 0.009 -1.57079792178e-05)
(0.024 0.009 -1.57079792178e-05)
(0.0245 0.009 -1.57079792178e-05)
(0.025 0.009 -1.57079792178e-05)
(0.0255 0.009 -1.57079792178e-05)
(0.026 0.009 -1.57079792178e-05)
(0.0265 0.009 -1.57079792178e-05)
(0.027 0.009 -1.57079792178e-05)
(0.0275 0.009 -1.57079792178e-05)
(0.028 0.009 -1.57079792178e-05)
(0.0285 0.009 -1.57079792178e-05)
(0.029 0.009 -1.57079792178e-05)
(0.0295 0.009 -1.57079792178e-05)
(0.03 0.009 -1.57079792178e-05)
(0 0.0095 -1.65806447299e-05)
(0.0005 0.0095 -1.65806447299e-05)
(0.001 0.0095 -1.65806447299e-05)
(0.0015 0.0095 -1.65806447299e-05)
(0.002 0.0095 -1.65806447299e-05)
(0.0025 0.0095 -1.65806447299e-05)
(0.003 0.0095 -1.65806447299e-05)
(0.0035 0.0095 -1.65806447299e-05)
(0.004 0.0095 -1.65806447299e-05)
(0.0045 0.0095 -1.65806447299e-05)
(0.005 0.0095 -1.65806447299e-05)
(0.0055 0.0095 -1.65806447299e-05)
(0.006 0.0095 -1.65806447299e-05)
(0.0065 0.0095 -1.65806447299e-05)
(0.007 0.0095 -1.65806447299e-05)
(0.0075 0.0095 -1.65806447299e-05)
(0.008 0.0095 -1.65806447299e-05)
(0.0085 0.0095 -1.65806447299e-05)
(0.009 0.0095 -1.65806447299e-05)
(0.0095 0.0095 -1.65806447299e-05)
(0.01 0.0095 -1.65806447299e-05)
(0.0105 0.0095 -1.65806447299e-05)
(0.011 0.0095 -1.65806447299e-05)
(0.0115 0.0095 -1.65806447299e-05)
(0.012 0.0095 -1.65806447299e-05)
(0.0125 0.0095 -1.65806447299e-05)
(0.013 0.0095 -1.65806447299e-05)
(0.0135 0.0095 -1.65806447299e-05)
(0.014 0.0095 -1.65806447299e-05)
(0.0145 0.0095 -1.65806447299e-05)
(0.015 0.0095 -1.65806447299e-05)
(0.0155 0.0095 -1.65806447299e-05)
(0.016 0.0095 -1.65806447299e-05)
(0.0165 0.0095 -1.65806447299e-05)
(0.017 0.0095 -1.65806447299e-05)
(0.0175 0.0095 -1.65806447299e-05)
(0.018 0.0095 -1.65806447299e-05)
(0.0185 0.0095 -1.65806447299e-05)
(0.019 0.0095 -1.65806447299e-05)
(0.0195 0.0095 -1.65806447299e-05)
(0.02 0.0095 -1.65806447299e-05)
(0.0205 0.0095 -1.65806447299e-05)
(0.021 0.0095 -1.65806447299e-05)
(0.0215 0.0095 -1.65806447299e-05)
(0.022 0.0095 -1.65806447299e-05)
(0.0225 0.0095 -1.65806447299e-05)
(0.023 0.0095 -1.65806447299e-05)
(0.0235 0.0095 -1.65806447299e-05)
(0.024 0.0095 -1.65806447299e-05)
(0.0245 0.0095 -1.65806447299e-05)
(0.025 0.0095 -1.65806447299e-05)
(0.0255 0.0095 -1.65806447299e-05)
(0.026 0.0095 -1.65806447299e-05)
(0.0265 0.0095 -1.65806447299e-05)
(0.027 0.0095 -1.65806447299e-05)
(0.0275 0.0095 -1.65806447299e-05)
(0.028 0.0095 -1.65806447299e-05)
(0.0285 0.0095 -1.65806447299e-05)
(0.029 0.0095 -1.65806447299e-05)
(0.0295 0.0095 -1.65806447299e-05)
(0.03 0.0095 -1.65806447299e-05)
(0 0.01 -1.7453310242e-05)
(0.0005 0.01 -1.7453310242e-05)
(0.001 0.01 -1.7453310242e-05)
(0.0015 0.01 -1.7453310242e-05)
(0.002 0.01 -1.7453310242e-05)
(0.0025 0.01 -1.7453310242e-05)
(0.003 0.01 -1.7453310242e-05)
(0.0035 0.01 -1.7453310242e-05)
(0.004 0.01 -1.7453310242e-05)
(0.0045 0.01 -1.7453310242e-05)
(0.005 0.01 -1.7453310242e-05)
(0.0055 0.01 -1.7453310242e-05)
(0.006 0.01 -1.7453310242e-05)
(0.0065 0.01 -1.7453310242e-05)
(0.007 0.01 -1.7453310242e-05)
(0.0075 0.01 -1.7453310242e-05)
(0.008 0.01 -1.7453310242e-05)
(0.0085 0.01 -1.7453310242e-05)
(0.009 0.01 -1.7453310242e-05)
(0.0095 0.01 -1.7453310242e-05)
(0.01 0.01 -1.7453310242e-05)
(0.0105 0.01 -1.7453310242e-05)
(0.011 0.01 -1.7453310242e-05)
(0.0115 0.01 -1.7453310242e-05)
(0.012 0.01 -1.7453310242e-05)
(0.0125 0.01 -1.7453310242e-05)
(0.013 0.01 -1.7453310242e-05)
(0.0135 0.01 -1.7453310242e-05)
(0.014 0.01 -1.7453310242e-05)
(0.0145 0.01 -1.7453310242e-05)
(0.015 0.01 -1.7453310242e-05)
(0.0155 0.01 -1.7453310242e-05)
(0.016 0.01 -1.7453310242e-05)
(0.0165 0.01 -1.7453310242e-05)
(0.017 0.01 -1.7453310242e-05)
(0.0175 0.01 -1.7453310242e-05)
(0.018 0.01 -1.7453310242e-05)
(0.0185 0.01 -1.7453310242e-05)
(0.019 0.01 -1.7453310242e-05)
(0.0195 0.01 -1.7453310242e-05)
(0.02 0.01 -1.7453310242e-05)
(0.0205 0.01 -1.7453310242e-05)
(0.021 0.01 -1.7453310242e-05)
(0.0215 0.01 -1.7453310242e-05)
(0.022 0.01 -1.7453310242e-05)
(0.0225 0.01 -1.7453310242e-05)
(0.023 0.01 -1.7453310242e-05)
(0.0235 0.01 -1.7453310242e-05)
(0.024 0.01 -1.7453310242e-05)
(0.0245 0.01 -1.7453310242e-05)
(0.025 0.01 -1.7453310242e-05)
(0.0255 0.01 -1.7453310242e-05)
(0.026 0.01 -1.7453310242e-05)
(0.0265 0.01 -1.7453310242e-05)
(0.027 0.01 -1.7453310242e-05)
(0.0275 0.01 -1.7453310242e-05)
(0.028 0.01 -1.7453310242e-05)
(0.0285 0.01 -1.7453310242e-05)
(0.029 0.01 -1.7453310242e-05)
(0.0295 0.01 -1.7453310242e-05)
(0.03 0.01 -1.7453310242e-05)
(0 0.0055 9.5993206331e-06)
(0.0005 0.0055 9.5993206331e-06)
(0.001 0.0055 9.5993206331e-06)
(0.0015 0.0055 9.5993206331e-06)
(0.002 0.0055 9.5993206331e-06)
(0.0025 0.0055 9.5993206331e-06)
(0.003 0.0055 9.5993206331e-06)
(0.0035 0.0055 9.5993206331e-06)
(0.004 0.0055 9.5993206331e-06)
(0.0045 0.0055 9.5993206331e-06)
(0.005 0.0055 9.5993206331e-06)
(0.0055 0.0055 9.5993206331e-06)
(0.006 0.0055 9.5993206331e-06)
(0.0065 0.0055 9.5993206331e-06)
(0.007 0.0055 9.5993206331e-06)
(0.0075 0.0055 9.5993206331e-06)
(0.008 0.0055 9.5993206331e-06)
(0.0085 0.0055 9.5993206331e-06)
(0.009 0.0055 9.5993206331e-06)
(0.0095 0.0055 9.5993206331e-06)
(0.01 0.0055 9.5993206331e-06)
(0.0105 0.0055 9.5993206331e-06)
(0.011 0.0055 9.5993206331e-06)
(0.0115 0.0055 9.5993206331e-06)
(0.012 0.0055 9.5993206331e-06)
(0.0125 0.0055 9.5993206331e-06)
(0.013 0.0055 9.5993206331e-06)
(0.0135 0.0055 9.5993206331e-06)
(0.014 0.0055 9.5993206331e-06)
(0.0145 0.0055 9.5993206331e-06)
(0.015 0.0055 9.5993206331e-06)
(0.0155 0.0055 9.5993206331e-06)
(0.016 0.0055 9.5993206331e-06)
(0.0165 0.0055 9.5993206331e-06)
(0.017 0.0055 9.5993206331e-06)
(0.0175 0.0055 9.5993206331e-06)
(0.018 0.0055 9.5993206331e-06)
(0.0185 0.0055 9.5993206331e-06)
(0.019 0.0055 9.5993206331e-06)
(0.0195 0.0055 9.5993206331e-06)
(0.02 0.0055 9.5993206331e-06)
(0.0205 0.0055 9.5993206331e-06)
(0.021 0.0055 9.5993206331e-06)
(0.0215 0.0055 9.5993206331e-06)
(0.022 0.0055 9.5993206331e-06)
(0.0225 0.0055 9.5993206331e-06)
(0.023 0.0055 9.5993206331e-06)
(0.0235 0.0055 9.5993206331e-06)
(0.024 0.0055 9.5993206331e-06)
(0.0245 0.0055 9.5993206331e-06)
(0.025 0.0055 9.5993206331e-06)
(0.0255 0.0055 9.5993206331e-06)
(0.026 0.0055 9.5993206331e-06)
(0.0265 0.0055 9.5993206331e-06)
(0.027 0.0055 9.5993206331e-06)
(0.0275 0.0055 9.5993206331e-06)
(0.028 0.0055 9.5993206331e-06)
(0.0285 0.0055 9.5993206331e-06)
(0.029 0.0055 9.5993206331e-06)
(0.0295 0.0055 9.5993206331e-06)
(0.03 0.0055 9.5993206331e-06)
(0 0.006 1.04719861452e-05)
(0.0005 0.006 1.04719861452e-05)
(0.001 0.006 1.04719861452e-05)
(0.0015 0.006 1.04719861452e-05)
(0.002 0.006 1.04719861452e-05)
(0.0025 0.006 1.04719861452e-05)
(0.003 0.006 1.04719861452e-05)
(0.0035 0.006 1.04719861452e-05)
(0.004 0.006 1.04719861452e-05)
(0.0045 0.006 1.04719861452e-05)
(0.005 0.006 1.04719861452e-05)
(0.0055 0.006 1.04719861452e-05)
(0.006 0.006 1.04719861452e-05)
(0.0065 0.006 1.04719861452e-05)
(0.007 0.006 1.04719861452e-05)
(0.0075 0.006 1.04719861452e-05)
(0.008 0.006 1.04719861452e-05)
(0.0085 0.006 1.04719861452e-05)
(0.009 0.006 1.04719861452e-05)
(0.0095 0.006 1.04719861452e-05)
(0.01 0.006 1.04719861452e-05)
(0.0105 0.006 1.04719861452e-05)
(0.011 0.006 1.04719861452e-05)
(0.0115 0.006 1.04719861452e-05)
(0.012 0.006 1.04719861452e-05)
(0.0125 0.006 1.04719861452e-05)
(0.013 0.006 1.04719861452e-05)
(0.0135 0.006 1.04719861452e-05)
(0.014 0.006 1.04719861452e-05)
(0.0145 0.006 1.04719861452e-05)
(0.015 0.006 1.04719861452e-05)
(0.0155 0.006 1.04719861452e-05)
(0.016 0.006 1.04719861452e-05)
(0.0165 0.006 1.04719861452e-05)
(0.017 0.006 1.04719861452e-05)
(0.0175 0.006 1.04719861452e-05)
(0.018 0.006 1.04719861452e-05)
(0.0185 0.006 1.04719861452e-05)
(0.019 0.006 1.04719861452e-05)
(0.0195 0.006 1.04719861452e-05)
(0.02 0.006 1.04719861452e-05)
(0.0205 0.006 1.04719861452e-05)
(0.021 0.006 1.04719861452e-05)
(0.0215 0.006 1.04719861452e-05)
(0.022 0.006 1.04719861452e-05)
(0.0225 0.006 1.04719861452e-05)
(0.023 0.006 1.04719861452e-05)
(0.0235 0.006 1.04719861452e-05)
(0.024 0.006 1.04719861452e-05)
(0.0245 0.006 1.04719861452e-05)
(0.025 0.006 1.04719861452e-05)
(0.0255 0.006 1.04719861452e-05)
(0.026 0.006 1.04719861452e-05)
(0.0265 0.006 1.04719861452e-05)
(0.027 0.006 1.04719861452e-05)
(0.0275 0.006 1.04719861452e-05)
(0.028 0.006 1.04719861452e-05)
(0.0285 0.006 1.04719861452e-05)
(0.029 0.006 1.04719861452e-05)
(0.0295 0.006 1.04719861452e-05)
(0.03 0.006 1.04719861452e-05)
(0 0.0065 1.13446516573e-05)
(0.0005 0.0065 1.13446516573e-05)
(0.001 0.0065 1.13446516573e-05)
(0.0015 0.0065 1.13446516573e-05)
(0.002 0.0065 1.13446516573e-05)
(0.0025 0.0065 1.13446516573e-05)
(0.003 0.0065 1.13446516573e-05)
(0.0035 0.0065 1.13446516573e-05)
(0.004 0.0065 1.13446516573e-05)
(0.0045 0.0065 1.13446516573e-05)
(0.005 0.0065 1.13446516573e-05)
(0.0055 0.0065 1.13446516573e-05)
(0.006 0.0065 1.13446516573e-05)
(0.0065 0.0065 1.13446516573e-05)
(0.007 0.0065 1.13446516573e-05)
(0.0075 0.0065 1.13446516573e-05)
(0.008 0.0065 1.13446516573e-05)
(0.0085 0.0065 1.13446516573e-05)
(0.009 0.0065 1.13446516573e-05)
(0.0095 0.0065 1.13446516573e-05)
(0.01 0.0065 1.13446516573e-05)
(0.0105 0.0065 1.13446516573e-05)
(0.011 0.0065 1.13446516573e-05)
(0.0115 0.0065 1.13446516573e-05)
(0.012 0.0065 1.13446516573e-05)
(0.0125 0.0065 1.13446516573e-05)
(0.013 0.0065 1.13446516573e-05)
(0.0135 0.0065 1.13446516573e-05)
(0.014 0.0065 1.13446516573e-05)
(0.0145 0.0065 1.13446516573e-05)
(0.015 0.0065 1.13446516573e-05)
(0.0155 0.0065 1.13446516573e-05)
(0.016 0.0065 1.13446516573e-05)
(0.0165 0.0065 1.13446516573e-05)
(0.017 0.0065 1.13446516573e-05)
(0.0175 0.0065 1.13446516573e-05)
(0.018 0.0065 1.13446516573e-05)
(0.0185 0.0065 1.13446516573e-05)
(0.019 0.0065 1.13446516573e-05)
(0.0195 0.0065 1.13446516573e-05)
(0.02 0.0065 1.13446516573e-05)
(0.0205 0.0065 1.13446516573e-05)
(0.021 0.0065 1.13446516573e-05)
(0.0215 0.0065 1.13446516573e-05)
(0.022 0.0065 1.13446516573e-05)
(0.0225 0.0065 1.13446516573e-05)
(0.023 0.0065 1.13446516573e-05)
(0.0235 0.0065 1.13446516573e-05)
(0.024 0.0065 1.13446516573e-05)
(0.0245 0.0065 1.13446516573e-05)
(0.025 0.0065 1.13446516573e-05)
(0.0255 0.0065 1.13446516573e-05)
(0.026 0.0065 1.13446516573e-05)
(0.0265 0.0065 1.13446516573e-05)
(0.027 0.0065 1.13446516573e-05)
(0.0275 0.0065 1.13446516573e-05)
(0.028 0.0065 1.13446516573e-05)
(0.0285 0.0065 1.13446516573e-05)
(0.029 0.0065 1.13446516573e-05)
(0.0295 0.0065 1.13446516573e-05)
(0.03 0.0065 1.13446516573e-05)
(0 0.007 1.22173171694e-05)
(0.0005 0.007 1.22173171694e-05)
(0.001 0.007 1.22173171694e-05)
(0.0015 0.007 1.22173171694e-05)
(0.002 0.007 1.22173171694e-05)
(0.0025 0.007 1.22173171694e-05)
(0.003 0.007 1.22173171694e-05)
(0.0035 0.007 1.22173171694e-05)
(0.004 0.007 1.22173171694e-05)
(0.0045 0.007 1.22173171694e-05)
(0.005 0.007 1.22173171694e-05)
(0.0055 0.007 1.22173171694e-05)
(0.006 0.007 1.22173171694e-05)
(0.0065 0.007 1.22173171694e-05)
(0.007 0.007 1.22173171694e-05)
(0.0075 0.007 1.22173171694e-05)
(0.008 0.007 1.22173171694e-05)
(0.0085 0.007 1.22173171694e-05)
(0.009 0.007 1.22173171694e-05)
(0.0095 0.007 1.22173171694e-05)
(0.01 0.007 1.22173171694e-05)
(0.0105 0.007 1.22173171694e-05)
(0.011 0.007 1.22173171694e-05)
(0.0115 0.007 1.22173171694e-05)
(0.012 0.007 1.22173171694e-05)
(0.0125 0.007 1.22173171694e-05)
(0.013 0.007 1.22173171694e-05)
(0.0135 0.007 1.22173171694e-05)
(0.014 0.007 1.22173171694e-05)
(0.0145 0.007 1.22173171694e-05)
(0.015 0.007 1.22173171694e-05)
(0.0155 0.007 1.22173171694e-05)
(0.016 0.007 1.22173171694e-05)
(0.0165 0.007 1.22173171694e-05)
(0.017 0.007 1.22173171694e-05)
(0.0175 0.007 1.22173171694e-05)
(0.018 0.007 1.22173171694e-05)
(0.0185 0.007 1.22173171694e-05)
(0.019 0.007 1.22173171694e-05)
(0.0195 0.007 1.22173171694e-05)
(0.02 0.007 1.22173171694e-05)
(0.0205 0.007 1.22173171694e-05)
(0.021 0.007 1.22173171694e-05)
(0.0215 0.007 1.22173171694e-05)
(0.022 0.007 1.22173171694e-05)
(0.0225 0.007 1.22173171694e-05)
(0.023 0.007 1.22173171694e-05)
(0.0235 0.007 1.22173171694e-05)
(0.024 0.007 1.22173171694e-05)
(0.0245 0.007 1.22173171694e-05)
(0.025 0.007 1.22173171694e-05)
(0.0255 0.007 1.22173171694e-05)
(0.026 0.007 1.22173171694e-05)
(0.0265 0.007 1.22173171694e-05)
(0.027 0.007 1.22173171694e-05)
(0.0275 0.007 1.22173171694e-05)
(0.028 0.007 1.22173171694e-05)
(0.0285 0.007 1.22173171694e-05)
(0.029 0.007 1.22173171694e-05)
(0.0295 0.007 1.22173171694e-05)
(0.03 0.007 1.22173171694e-05)
(0 0.0075 1.30899826815e-05)
(0.0005 0.0075 1.30899826815e-05)
(0.001 0.0075 1.30899826815e-05)
(0.0015 0.0075 1.30899826815e-05)
(0.002 0.0075 1.30899826815e-05)
(0.0025 0.0075 1.30899826815e-05)
(0.003 0.0075 1.30899826815e-05)
(0.0035 0.0075 1.30899826815e-05)
(0.004 0.0075 1.30899826815e-05)
(0.0045 0.0075 1.30899826815e-05)
(0.005 0.0075 1.30899826815e-05)
(0.0055 0.0075 1.30899826815e-05)
(0.006 0.0075 1.30899826815e-05)
(0.0065 0.0075 1.30899826815e-05)
(0.007 0.0075 1.30899826815e-05)
(0.0075 0.0075 1.30899826815e-05)
(0.008 0.0075 1.30899826815e-05)
(0.0085 0.0075 1.30899826815e-05)
(0.009 0.0075 1.30899826815e-05)
(0.0095 0.0075 1.30899826815e-05)
(0.01 0.0075 1.30899826815e-05)
(0.0105 0.0075 1.30899826815e-05)
(0.011 0.0075 1.30899826815e-05)
(0.0115 0.0075 1.30899826815e-05)
(0.012 0.0075 1.30899826815e-05)
(0.0125 0.0075 1.30899826815e-05)
(0.013 0.0075 1.30899826815e-05)
(0.0135 0.0075 1.30899826815e-05)
(0.014 0.0075 1.30899826815e-05)
(0.0145 0.0075 1.30899826815e-05)
(0.015 0.0075 1.30899826815e-05)
(0.0155 0.0075 1.30899826815e-05)
(0.016 0.0075 1.30899826815e-05)
(0.0165 0.0075 1.30899826815e-05)
(0.017 0.0075 1.30899826815e-05)
(0.0175 0.0075 1.30899826815e-05)
(0.018 0.0075 1.30899826815e-05)
(0.0185 0.0075 1.30899826815e-05)
(0.019 0.0075 1.30899826815e-05)
(0.0195 0.0075 1.30899826815e-05)
(0.02 0.0075 1.30899826815e-05)
(0.0205 0.0075 1.30899826815e-05)
(0.021 0.0075 1.30899826815e-05)
(0.0215 0.0075 1.30899826815e-05)
(0.022 0.0075 1.30899826815e-05)
(0.0225 0.0075 1.30899826815e-05)
(0.023 0.0075 1.30899826815e-05)
(0.0235 0.0075 1.30899826815e-05)
(0.024 0.0075 1.30899826815e-05)
(0.0245 0.0075 1.30899826815e-05)
(0.025 0.0075 1.30899826815e-05)
(0.0255 0.0075 1.30899826815e-05)
(0.026 0.0075 1.30899826815e-05)
(0.0265 0.0075 1.30899826815e-05)
(0.027 0.0075 1.30899826815e-05)
(0.0275 0.0075 1.30899826815e-05)
(0.028 0.0075 1.30899826815e-05)
(0.0285 0.0075 1.30899826815e-05)
(0.029 0.0075 1.30899826815e-05)
(0.0295 0.0075 1.30899826815e-05)
(0.03 0.0075 1.30899826815e-05)
(0 0.008 1.39626481936e-05)
(0.0005 0.008 1.39626481936e-05)
(0.001 0.008 1.39626481936e-05)
(0.0015 0.008 1.39626481936e-05)
(0.002 0.008 1.39626481936e-05)
(0.0025 0.008 1.39626481936e-05)
(0.003 0.008 1.39626481936e-05)
(0.0035 0.008 1.39626481936e-05)
(0.004 0.008 1.39626481936e-05)
(0.0045 0.008 1.39626481936e-05)
(0.005 0.008 1.39626481936e-05)
(0.0055 0.008 1.39626481936e-05)
(0.006 0.008 1.39626481936e-05)
(0.0065 0.008 1.39626481936e-05)
(0.007 0.008 1.39626481936e-05)
(0.0075 0.008 1.39626481936e-05)
(0.008 0.008 1.39626481936e-05)
(0.0085 0.008 1.39626481936e-05)
(0.009 0.008 1.39626481936e-05)
(0.0095 0.008 1.39626481936e-05)
(0.01 0.008 1.39626481936e-05)
(0.0105 0.008 1.39626481936e-05)
(0.011 0.008 1.39626481936e-05)
(0.0115 0.008 1.39626481936e-05)
(0.012 0.008 1.39626481936e-05)
(0.0125 0.008 1.39626481936e-05)
(0.013 0.008 1.39626481936e-05)
(0.0135 0.008 1.39626481936e-05)
(0.014 0.008 1.39626481936e-05)
(0.0145 0.008 1.39626481936e-05)
(0.015 0.008 1.39626481936e-05)
(0.0155 0.008 1.39626481936e-05)
(0.016 0.008 1.39626481936e-05)
(0.0165 0.008 1.39626481936e-05)
(0.017 0.008 1.39626481936e-05)
(0.0175 0.008 1.39626481936e-05)
(0.018 0.008 1.39626481936e-05)
(0.0185 0.008 1.39626481936e-05)
(0.019 0.008 1.39626481936e-05)
(0.0195 0.008 1.39626481936e-05)
(0.02 0.008 1.39626481936e-05)
(0.0205 0.008 1.39626481936e-05)
(0.021 0.008 1.39626481936e-05)
(0.0215 0.008 1.39626481936e-05)
(0.022 0.008 1.39626481936e-05)
(0.0225 0.008 1.39626481936e-05)
(0.023 0.008 1.39626481936e-05)
(0.0235 0.008 1.39626481936e-05)
(0.024 0.008 1.39626481936e-05)
(0.0245 0.008 1.39626481936e-05)
(0.025 0.008 1.39626481936e-05)
(0.0255 0.008 1.39626481936e-05)
(0.026 0.008 1.39626481936e-05)
(0.0265 0.008 1.39626481936e-05)
(0.027 0.008 1.39626481936e-05)
(0.0275 0.008 1.39626481936e-05)
(0.028 0.008 1.39626481936e-05)
(0.0285 0.008 1.39626481936e-05)
(0.029 0.008 1.39626481936e-05)
(0.0295 0.008 1.39626481936e-05)
(0.03 0.008 1.39626481936e-05)
(0 0.0085 1.48353137057e-05)
(0.0005 0.0085 1.48353137057e-05)
(0.001 0.0085 1.48353137057e-05)
(0.0015 0.0085 1.48353137057e-05)
(0.002 0.0085 1.48353137057e-05)
(0.0025 0.0085 1.48353137057e-05)
(0.003 0.0085 1.48353137057e-05)
(0.0035 0.0085 1.48353137057e-05)
(0.004 0.0085 1.48353137057e-05)
(0.0045 0.0085 1.48353137057e-05)
(0.005 0.0085 1.48353137057e-05)
(0.0055 0.0085 1.48353137057e-05)
(0.006 0.0085 1.48353137057e-05)
(0.0065 0.0085 1.48353137057e-05)
(0.007 0.0085 1.48353137057e-05)
(0.0075 0.0085 1.48353137057e-05)
(0.008 0.0085 1.48353137057e-05)
(0.0085 0.0085 1.48353137057e-05)
(0.009 0.0085 1.48353137057e-05)
(0.0095 0.0085 1.48353137057e-05)
(0.01 0.0085 1.48353137057e-05)
(0.0105 0.0085 1.48353137057e-05)
(0.011 0.0085 1.48353137057e-05)
(0.0115 0.0085 1.48353137057e-05)
(0.012 0.0085 1.48353137057e-05)
(0.0125 0.0085 1.48353137057e-05)
(0.013 0.0085 1.48353137057e-05)
(0.0135 0.0085 1.48353137057e-05)
(0.014 0.0085 1.48353137057e-05)
(0.0145 0.0085 1.48353137057e-05)
(0.015 0.0085 1.48353137057e-05)
(0.0155 0.0085 1.48353137057e-05)
(0.016 0.0085 1.48353137057e-05)
(0.0165 0.0085 1.48353137057e-05)
(0.017 0.0085 1.48353137057e-05)
(0.0175 0.0085 1.48353137057e-05)
(0.018 0.0085 1.48353137057e-05)
(0.0185 0.0085 1.48353137057e-05)
(0.019 0.0085 1.48353137057e-05)
(0.0195 0.0085 1.48353137057e-05)
(0.02 0.0085 1.48353137057e-05)
(0.0205 0.0085 1.48353137057e-05)
(0.021 0.0085 1.48353137057e-05)
(0.0215 0.0085 1.48353137057e-05)
(0.022 0.0085 1.48353137057e-05)
(0.0225 0.0085 1.48353137057e-05)
(0.023 0.0085 1.48353137057e-05)
(0.0235 0.0085 1.48353137057e-05)
(0.024 0.0085 1.48353137057e-05)
(0.0245 0.0085 1.48353137057e-05)
(0.025 0.0085 1.48353137057e-05)
(0.0255 0.0085 1.48353137057e-05)
(0.026 0.0085 1.48353137057e-05)
(0.0265 0.0085 1.48353137057e-05)
(0.027 0.0085 1.48353137057e-05)
(0.0275 0.0085 1.48353137057e-05)
(0.028 0.0085 1.48353137057e-05)
(0.0285 0.0085 1.48353137057e-05)
(0.029 0.0085 1.48353137057e-05)
(0.0295 0.0085 1.48353137057e-05)
(0.03 0.0085 1.48353137057e-05)
(0 0.009 1.57079792178e-05)
(0.0005 0.009 1.57079792178e-05)
(0.001 0.009 1.57079792178e-05)
(0.0015 0.009 1.57079792178e-05)
(0.002 0.009 1.57079792178e-05)
(0.0025 0.009 1.57079792178e-05)
(0.003 0.009 1.57079792178e-05)
(0.0035 0.009 1.57079792178e-05)
(0.004 0.009 1.57079792178e-05)
(0.0045 0.009 1.57079792178e-05)
(0.005 0.009 1.57079792178e-05)
(0.0055 0.009 1.57079792178e-05)
(0.006 0.009 1.57079792178e-05)
(0.0065 0.009 1.57079792178e-05)
(0.007 0.009 1.57079792178e-05)
(0.0075 0.009 1.57079792178e-05)
(0.008 0.009 1.57079792178e-05)
(0.0085 0.009 1.57079792178e-05)
(0.009 0.009 1.57079792178e-05)
(0.0095 0.009 1.57079792178e-05)
(0.01 0.009 1.57079792178e-05)
(0.0105 0.009 1.57079792178e-05)
(0.011 0.009 1.57079792178e-05)
(0.0115 0.009 1.57079792178e-05)
(0.012 0.009 1.57079792178e-05)
(0.0125 0.009 1.57079792178e-05)
(0.013 0.009 1.57079792178e-05)
(0.0135 0.009 1.57079792178e-05)
(0.014 0.009 1.57079792178e-05)
(0.0145 0.009 1.57079792178e-05)
(0.015 0.009 1.57079792178e-05)
(0.0155 0.009 1.57079792178e-05)
(0.016 0.009 1.57079792178e-05)
(0.0165 0.009 1.57079792178e-05)
(0.017 0.009 1.57079792178e-05)
(0.0175 0.009 1.57079792178e-05)
(0.018 0.009 1.57079792178e-05)
(0.0185 0.009 1.57079792178e-05)
(0.019 0.009 1.57079792178e-05)
(0.0195 0.009 1.57079792178e-05)
(0.02 0.009 1.57079792178e-05)
(0.0205 0.009 1.57079792178e-05)
(0.021 0.009 1.57079792178e-05)
(0.0215 0.009 1.57079792178e-05)
(0.022 0.009 1.57079792178e-05)
(0.0225 0.009 1.57079792178e-05)
(0.023 0.009 1.57079792178e-05)
(0.0235 0.009 1.57079792178e-05)
(0.024 0.009 1.57079792178e-05)
(0.0245 0.009 1.57079792178e-05)
(0.025 0.009 1.57079792178e-05)
(0.0255 0.009 1.57079792178e-05)
(0.026 0.009 1.57079792178e-05)
(0.0265 0.009 1.57079792178e-05)
(0.027 0.009 1.57079792178e-05)
(0.0275 0.009 1.57079792178e-05)
(0.028 0.009 1.57079792178e-05)
(0.0285 0.009 1.57079792178e-05)
(0.029 0.009 1.57079792178e-05)
(0.0295 0.009 1.57079792178e-05)
(0.03 0.009 1.57079792178e-05)
(0 0.0095 1.65806447299e-05)
(0.0005 0.0095 1.65806447299e-05)
(0.001 0.0095 1.65806447299e-05)
(0.0015 0.0095 1.65806447299e-05)
(0.002 0.0095 1.65806447299e-05)
(0.0025 0.0095 1.65806447299e-05)
(0.003 0.0095 1.65806447299e-05)
(0.0035 0.0095 1.65806447299e-05)
(0.004 0.0095 1.65806447299e-05)
(0.0045 0.0095 1.65806447299e-05)
(0.005 0.0095 1.65806447299e-05)
(0.0055 0.0095 1.65806447299e-05)
(0.006 0.0095 1.65806447299e-05)
(0.0065 0.0095 1.65806447299e-05)
(0.007 0.0095 1.65806447299e-05)
(0.0075 0.0095 1.65806447299e-05)
(0.008 0.0095 1.65806447299e-05)
(0.0085 0.0095 1.65806447299e-05)
(0.009 0.0095 1.65806447299e-05)
(0.0095 0.0095 1.65806447299e-05)
(0.01 0.0095 1.65806447299e-05)
(0.0105 0.0095 1.65806447299e-05)
(0.011 0.0095 1.65806447299e-05)
(0.0115 0.0095 1.65806447299e-05)
(0.012 0.0095 1.65806447299e-05)
(0.0125 0.0095 1.65806447299e-05)
(0.013 0.0095 1.65806447299e-05)
(0.0135 0.0095 1.65806447299e-05)
(0.014 0.0095 1.65806447299e-05)
(0.0145 0.0095 1.65806447299e-05)
(0.015 0.0095 1.65806447299e-05)
(0.0155 0.0095 1.65806447299e-05)
(0.016 0.0095 1.65806447299e-05)
(0.0165 0.0095 1.65806447299e-05)
(0.017 0.0095 1.65806447299e-05)
(0.0175 0.0095 1.65806447299e-05)
(0.018 0.0095 1.65806447299e-05)
(0.0185 0.0095 1.65806447299e-05)
(0.019 0.0095 1.65806447299e-05)
(0.0195 0.0095 1.65806447299e-05)
(0.02 0.0095 1.65806447299e-05)
(0.0205 0.0095 1.65806447299e-05)
(0.021 0.0095 1.65806447299e-05)
(0.0215 0.0095 1.65806447299e-05)
(0.022 0.0095 1.65806447299e-05)
(0.0225 0.0095 1.65806447299e-05)
(0.023 0.0095 1.65806447299e-05)
(0.0235 0.0095 1.65806447299e-05)
(0.024 0.0095 1.65806447299e-05)
(0.0245 0.0095 1.65806447299e-05)
(0.025 0.0095 1.65806447299e-05)
(0.0255 0.0095 1.65806447299e-05)
(0.026 0.0095 1.65806447299e-05)
(0.0265 0.0095 1.65806447299e-05)
(0.027 0.0095 1.65806447299e-05)
(0.0275 0.0095 1.65806447299e-05)
(0.028 0.0095 1.65806447299e-05)
(0.0285 0.0095 1.65806447299e-05)
(0.029 0.0095 1.65806447299e-05)
(0.0295 0.0095 1.65806447299e-05)
(0.03 0.0095 1.65806447299e-05)
(0 0.01 1.7453310242e-05)
(0.0005 0.01 1.7453310242e-05)
(0.001 0.01 1.7453310242e-05)
(0.0015 0.01 1.7453310242e-05)
(0.002 0.01 1.7453310242e-05)
(0.0025 0.01 1.7453310242e-05)
(0.003 0.01 1.7453310242e-05)
(0.0035 0.01 1.7453310242e-05)
(0.004 0.01 1.7453310242e-05)
(0.0045 0.01 1.7453310242e-05)
(0.005 0.01 1.7453310242e-05)
(0.0055 0.01 1.7453310242e-05)
(0.006 0.01 1.7453310242e-05)
(0.0065 0.01 1.7453310242e-05)
(0.007 0.01 1.7453310242e-05)
(0.0075 0.01 1.7453310242e-05)
(0.008 0.01 1.7453310242e-05)
(0.0085 0.01 1.7453310242e-05)
(0.009 0.01 1.7453310242e-05)
(0.0095 0.01 1.7453310242e-05)
(0.01 0.01 1.7453310242e-05)
(0.0105 0.01 1.7453310242e-05)
(0.011 0.01 1.7453310242e-05)
(0.0115 0.01 1.7453310242e-05)
(0.012 0.01 1.7453310242e-05)
(0.0125 0.01 1.7453310242e-05)
(0.013 0.01 1.7453310242e-05)
(0.0135 0.01 1.7453310242e-05)
(0.014 0.01 1.7453310242e-05)
(0.0145 0.01 1.7453310242e-05)
(0.015 0.01 1.7453310242e-05)
(0.0155 0.01 1.7453310242e-05)
(0.016 0.01 1.7453310242e-05)
(0.0165 0.01 1.7453310242e-05)
(0.017 0.01 1.7453310242e-05)
(0.0175 0.01 1.7453310242e-05)
(0.018 0.01 1.7453310242e-05)
(0.0185 0.01 1.7453310242e-05)
(0.019 0.01 1.7453310242e-05)
(0.0195 0.01 1.7453310242e-05)
(0.02 0.01 1.7453310242e-05)
(0.0205 0.01 1.7453310242e-05)
(0.021 0.01 1.7453310242e-05)
(0.0215 0.01 1.7453310242e-05)
(0.022 0.01 1.7453310242e-05)
(0.0225 0.01 1.7453310242e-05)
(0.023 0.01 1.7453310242e-05)
(0.0235 0.01 1.7453310242e-05)
(0.024 0.01 1.7453310242e-05)
(0.0245 0.01 1.7453310242e-05)
(0.025 0.01 1.7453310242e-05)
(0.0255 0.01 1.7453310242e-05)
(0.026 0.01 1.7453310242e-05)
(0.0265 0.01 1.7453310242e-05)
(0.027 0.01 1.7453310242e-05)
(0.0275 0.01 1.7453310242e-05)
(0.028 0.01 1.7453310242e-05)
(0.0285 0.01 1.7453310242e-05)
(0.029 0.01 1.7453310242e-05)
(0.0295 0.01 1.7453310242e-05)
(0.03 0.01 1.7453310242e-05)
)


// ************************************************************************* //
