/*--------------------------------*- C++ -*----------------------------------*\
| =========                 |                                                 |
| \\      /  F ield         | OpenFOAM: The Open Source CFD Toolbox           |
|  \\    /   O peration     | Version:  2406                                  |
|   \\  /    A nd           | Website:  www.openfoam.com                      |
|    \\/     M anipulation  |                                                 |
\*---------------------------------------------------------------------------*/
FoamFile
{
    version     2.0;
    format      ascii;
    arch        "LSB;label=32;scalar=64";
    class       regIOobject;
    location    "constant/polyMesh";
    object      cellZones;
    meta
    {
        names           1 ( rotatingZone );
    }
}
// * * * * * * * * * * * * * * * * * * * * * * * * * * * * * * * * * * * * * //

1
(rotatingZone
{
    type            cellZone;
    cellLabels      List<label> 
1148
(
1018
1281
1282
1283
1534
2593
2599
2649
2652
2655
2656
2662
2663
2669
2701
2708
2712
2715
2718
2764
3071
3073
3075
3080
3122
3138
3145
3573
3580
3587
3594
3667
3672
3679
3681
3683
3686
3744
3749
3756
3757
3759
3763
3764
3766
3770
3824
3831
4126
4129
4131
4133
4136
4138
4140
4145
4164
4186
4193
4241
4248
4250
4252
4255
4256
4258
4267
4269
4270
4272
4276
4285
4293
4297
4298
4300
4304
4306
4308
4311
4312
4314
4321
4353
4376
4378
4382
4384
4444
4458
4500
4507
4563
4572
4575
4578
4581
4584
4591
4606
4608
4613
4615
4620
4622
4627
4629
4640
4955
5018
5019
5022
5039
5046
5048
5050
5123
5137
5138
5141
5158
5159
5162
5172
5207
5214
5215
5218
5235
5236
5240
5263
5264
5267
5277
5284
5305
5307
5310
5326
5348
5349
5353
5355
5359
5360
5361
5366
5368
5372
5377
5378
5382
5385
5390
5392
5424
5427
5433
5434
5438
5441
5447
5448
5508
5512
5516
5518
5521
5523
5527
5528
5529
5534
5551
5552
5556
5557
5562
5564
5568
5572
5574
5578
5582
5587
5588
5607
5608
5612
5613
5618
5619
5620
5625
5626
5627
5632
5649
5650
5683
5687
5691
5693
5711
5713
5716
5718
5719
5722
5796
5817
5873
5887
5957
5963
5965
5968
5970
5972
5975
5985
5999
6012
6013
6016
6019
6020
6023
6026
6027
6030
6033
6034
6037
6055
8753
8757
8758
9209
9212
9214
9216
9218
9220
9223
9225
9228
9591
9593
9595
12318
12319
12321
12325
12326
12329
12477
12478
12482
12483
12487
12489
12490
12494
12496
12498
12499
12501
12505
12506
12508
12511
12515
12516
12519
12520
12523
12624
12626
12629
12631
12633
12635
12637
12641
12643
12645
12648
12650
12651
12655
12657
12780
12782
12785
13564
13566
13569
13571
13572
13575
13579
13580
13581
13998
14000
14003
14005
14006
14010
14013
14014
14016
14019
14020
14023
14026
14027
14030
14034
14035
14036
14040
14041
14044
14047
14048
14051
14055
14056
14057
14074
14076
14080
14082
14083
14085
14089
14092
14093
14096
14098
14101
14102
14103
14108
14110
14113
14115
14117
14118
14121
14124
14126
14128
14145
14146
14148
14152
14154
14156
14243
14244
14247
14249
14251
14255
14257
14258
14261
14264
14267
14268
14270
14271
14276
14278
14279
14282
14285
14288
14289
14291
14292
14297
14299
14300
14302
14306
14309
14310
14313
14314
14316
14320
14321
14324
14327
14328
14332
14333
14334
14339
14341
14344
14346
14348
14350
14353
14354
14355
14360
14362
14365
14367
14369
14370
14374
14375
14376
14381
14383
14386
14388
14439
14441
14443
14474
14475
14479
14482
14483
14486
14488
14489
14493
14496
14497
14500
14621
14622
14626
14628
14630
14633
14649
14650
14654
14656
14658
14661
14712
14713
14717
14719
14721
14723
14727
14728
14730
14733
14734
14737
14741
14742
14744
14747
14748
14752
14754
14755
14759
14761
14762
14765
14769
14770
14772
14775
14776
14779
14783
14784
14786
14789
14790
14793
14797
14798
14800
14803
14804
14807
14811
14812
14814
14817
14819
14822
15040
15044
15046
15047
15051
15053
15055
15056
15060
15061
15065
15067
15068
15072
15073
15076
15077
15080
15145
15149
15151
15152
15156
15157
15160
15161
15164
15166
15170
15171
15173
15177
15178
15181
15182
15184
15187
15191
15193
15194
15198
15199
15202
15203
15206
15208
15212
15214
15215
15219
15221
15223
15224
15228
15229
15233
15235
15236
15240
15241
15244
15245
15248
15250
15254
15256
15257
15261
15262
15265
15266
15269
17674
17678
17679
17892
17895
17897
17899
17901
17904
19906
19910
19912
19913
19917
19919
19921
19922
19924
19928
19929
19932
19934
19938
19939
19942
19944
19947
19948
19952
19954
19956
19959
19961
19962
19966
19968
19971
19972
19973
20034
20035
20036
20041
20042
20045
20048
20049
20052
20054
20055
20058
20062
20063
20066
20068
20070
20073
20076
20077
20080
20124
20125
20129
20132
20133
20136
20138
20139
20143
20146
20147
20150
20152
20153
20156
20160
20161
20164
20166
20167
20171
20174
20175
20178
20180
20182
20185
20188
20189
20192
20194
20195
20199
20202
20203
20206
29099
29102
29105
29107
29108
29110
29113
29117
29118
30590
30593
30596
30598
30600
30602
30604
30608
30609
30612
30615
30617
30618
30622
30624
30626
30627
30631
39779
39782
39785
39787
39789
39791
39793
39797
39798
39800
39803
39806
39808
39810
39812
39814
39818
39819
39821
39825
39826
39828
39832
39833
39836
39837
39841
39842
39846
39847
39849
39853
39855
39857
39858
39862
39863
39866
39869
39871
39872
39874
39877
39881
39882
39885
39888
39890
39891
39895
39897
39899
39900
39904
39905
39908
39911
39913
39915
39917
39919
39923
39924
39926
39929
39932
39934
39936
39938
39940
39944
39945
39947
39950
39953
39955
39957
39959
39961
39965
39966
39968
39972
39973
39975
39979
39980
39983
39984
39988
40158
40161
40162
40164
40168
40169
40172
40173
40177
40178
40182
40184
40185
40189
40191
40193
40194
40198
40199
40203
40205
40206
40210
40212
40214
40215
40219
40221
40222
40225
40228
40229
40233
40236
40237
40240
40242
40245
40247
40249
40250
40254
40255
40259
40261
40263
40265
40268
40270
40272
40275
40278
40279
40282
40284
40287
40289
40291
40293
40296
40297
40301
40303
40431
40433
40436
40438
40439
40442
40446
40447
40449
40452
40455
40457
40459
40460
40463
40465
40469
40470
40473
40475
40478
40480
40481
40485
40488
40489
40492
40494
40497
40499
40501
40502
40506
40507
40511
40513
40515
40516
40519
40522
40523
40526
40530
40531
40533
40536
40539
40541
40543
40544
40547
40549
40553
40554
40557
40559
40562
40564
40566
40569
40572
40573
40576
40578
40581
40583
40585
40587
40590
40591
40595
40597
40599
40601
40604
40606
40608
40611
40614
40615
40618
40620
40623
40625
40627
40629
40632
40633
40637
40639
40641
40643
40646
40648
40650
40653
40656
40657
40660
40662
40665
40667
40669
40671
40674
40675
40679
40681
41040
41042
41045
41061
41062
41064
41068
41069
41072
41075
41077
41080
41096
41099
41101
41102
41106
41108
41110
41111
41115
41158
41162
41163
41165
41169
41170
41173
41174
41178
41179
41183
41184
41186
41190
41192
41194
41195
41199
41201
41204
41206
41207
41211
41213
41215
41216
41220
41264
41266
41268
41271
41273
41275
41279
41280
41281
41327
41328
41330
41334
41335
41337
41342
41343
41344
41348
41349
41351
41355
41357
41359
41363
41364
41365
41369
41371
41373
41376
41378
41380
41384
41385
41386
41431
41435
41437
41439
41441
41444
41446
41448
41451
41452
41456
41458
41460
41462
41465
41467
41469
41472
41473
41477
41479
41480
41484
41486
41488
41489
41493
41620
41624
41625
41628
41629
41632
41635
41637
41639
41641
41645
41646
41649
41650
41653
41656
41658
41660
41662
41666
41667
41669
41673
41674
41677
41678
41680
41683
41687
41688
41691
41692
41695
41698
41700
41702
41704
41708
41709
41712
41714
41717
41719
41721
41723
41725
41729
41730
41732
41736
41737
41740
41741
41743
41746
41750
41752
41754
41756
41759
41761
41763
41766
41767
41771
41773
41775
41777
41780
41782
41784
41787
41788
41792
41794
41795
41799
41801
41803
41804
41808
)
;
}
)

// ************************************************************************* //
