/*--------------------------------*- C++ -*----------------------------------*\
| =========                 |                                                 |
| \\      /  F ield         | OpenFOAM: The Open Source CFD Toolbox           |
|  \\    /   O peration     | Version:  2406                                  |
|   \\  /    A nd           | Website:  www.openfoam.com                      |
|    \\/     M anipulation  |                                                 |
\*---------------------------------------------------------------------------*/
FoamFile
{
    version     2.0;
    format      ascii;
    arch        "LSB;label=32;scalar=64";
    class       regIOobject;
    location    "constant/polyMesh";
    object      faceZones;
    meta
    {
        names           1 ( rotatingZone );
    }
}
// * * * * * * * * * * * * * * * * * * * * * * * * * * * * * * * * * * * * * //

1
(rotatingZone
{
    type            faceZone;
    faceLabels      List<label> 
2448
(
6693
6696
8384
8385
8390
8392
8396
8398
10039
10042
16661
16696
16742
16771
16914
16929
16936
16963
16969
17002
17048
17051
17065
17076
17082
17107
17111
17140
17313
17315
17355
17357
17373
17375
17388
17389
17400
17402
17576
17650
19200
19203
19211
19216
19223
19226
19253
19257
19258
19462
19465
19563
19565
19566
19614
19616
21104
21155
21204
21263
21298
21299
21346
21388
21425
21426
21610
21616
21632
21698
21752
21754
21755
21788
21791
21834
21843
21851
21867
22057
22060
22087
22089
22090
22135
22138
22140
22143
22150
22151
22172
22175
22178
22181
22190
22191
22211
22213
22214
22374
22411
22447
22449
22450
23328
23331
23345
23347
23354
23359
23364
23366
23381
23384
23391
23394
23401
23403
23419
23429
23433
23439
23552
23555
23566
23579
23611
23662
23698
23705
23716
23736
23742
23759
23833
23838
23853
23931
23942
23951
23961
23978
24035
24039
24043
24056
24076
24085
24091
24104
24107
24108
24112
24117
24119
24176
24186
24191
24198
24221
24223
24239
24255
24264
24268
24274
24321
24322
24343
24347
24348
24351
24357
24359
24377
24380
24386
24389
24395
24397
24409
24413
24414
24417
24422
24424
24471
24472
24557
24703
24711
24728
24825
24827
24834
24839
24845
24847
24863
24864
24866
24871
24878
24880
25225
25228
25244
25314
25316
25338
25410
25453
25597
25609
25628
25648
25756
25777
25807
25826
25891
25983
25986
26000
26017
26019
26028
26041
26049
26051
26056
26067
26084
26101
26114
26117
26133
26200
26201
26204
26208
26214
26216
26235
26236
26239
26243
26249
26251
26271
26272
26275
26279
26286
26288
26309
26310
26313
26317
26324
26326
26390
26393
26418
28183
28184
28185
28186
28191
28529
28534
28537
28540
28541
28542
28543
28552
28553
28654
28655
28656
28658
28666
28679
28684
28687
28695
28696
28697
28698
28702
28703
28803
28860
28865
28873
28938
28944
28954
28991
29013
29014
29015
29019
29078
29083
29088
29089
29097
29181
29186
29191
29192
29193
29202
29252
29253
29254
29339
29347
29352
29399
29400
29401
29403
29406
29424
29429
29432
29435
29436
29437
29445
29446
29540
29544
29548
29550
29560
29688
29693
29696
29699
29700
29701
29702
29711
29712
29765
29766
29767
29769
29792
29793
29794
29796
29909
29913
29915
29922
29924
29925
29931
29932
30022
30023
30024
30026
30061
30063
30086
30087
30112
30113
30114
30116
30117
30118
30125
30128
30134
30137
30155
30160
30162
30164
30167
30169
30193
30196
30198
30203
30207
30208
30223
30227
30237
30242
30245
30247
30253
30260
30263
30264
30276
30283
30294
30297
30298
30303
30317
30329
30344
30347
30358
30368
30383
30386
30390
30397
30400
30417
30427
30431
30440
30447
30449
30464
30474
30478
30530
30545
30574
30668
30672
30677
30689
30715
30722
30727
30731
30732
30747
30751
30762
30765
30766
30771
30779
30787
30809
30811
30813
30816
30818
30842
30845
30863
30864
30890
30891
30909
30910
30912
30913
30921
30925
30951
30953
30958
30961
30966
30975
30979
30990
30992
30994
30998
31006
31011
31014
31015
31028
31032
31042
31047
31050
31052
31071
31072
31101
31102
31127
31128
31130
31131
31132
31134
31141
31143
31146
31148
31172
31175
31177
31179
31182
31184
31208
31211
31213
31215
31218
31220
31244
31247
31261
31262
31291
31292
31317
31318
31320
31321
31322
31324
31389
31401
31502
31507
31514
31525
31536
31538
31540
31544
31646
31650
31652
31653
31659
31661
31668
31672
31678
31679
31681
31682
31685
31694
31706
32079
32080
32082
32089
32100
32154
32155
32157
32164
32196
32234
32316
32317
32324
32359
32360
32367
32377
32421
32427
32431
32442
32449
32454
32498
32566
32567
32569
32576
32582
32586
32592
32603
32607
32613
32654
32655
32662
32700
32701
32703
32710
32721
32741
32747
32749
32750
32753
32761
32765
32771
32773
32774
32777
32785
32789
32795
32796
32798
32799
32802
32811
32816
32822
32823
32825
32826
32829
32838
32900
32901
32903
32910
46550
46552
46568
46573
46574
46577
48979
48981
48993
48996
49004
49007
49014
49015
49025
49027
49034
49035
49045
49048
49051
49057
49059
49067
50887
50891
50893
50902
50903
50908
62914
62921
62925
62935
62941
62944
62948
62954
62957
62972
62977
62978
63239
63257
63272
63277
63296
63302
63353
63363
63373
63415
63424
63433
63442
63470
63476
63498
63507
63512
63519
63522
63524
63527
63530
63541
63544
63561
63570
63573
63590
63599
63607
63611
63619
63637
63640
63646
63658
63678
63681
63690
63695
63698
63947
63950
63952
63957
63959
63966
63972
63973
63980
63982
63988
63989
63996
63998
64015
64018
64026
64029
64035
64037
64048
64051
64058
64061
64063
64065
64080
64083
64090
64093
64359
64365
64367
64437
64440
64448
66427
66430
66432
66437
66439
66446
66449
66454
66455
66456
66458
66468
66481
66484
66486
66489
66491
66492
67616
67622
67627
67635
67641
67646
67667
67672
67692
67737
67740
67746
67757
67760
67762
67786
67791
67798
67807
67812
67813
67814
67817
67826
67830
67835
67836
67837
67840
67849
67863
67865
67868
67870
67872
67873
67887
67892
67893
67894
67897
67906
67910
67915
67916
67917
67920
67929
67943
67945
67948
67950
67952
67953
68033
68035
68040
68042
68050
68054
68062
68066
68068
68072
68080
68081
68100
68101
68112
68116
68117
68119
68132
68134
68143
68146
68160
68161
68164
68167
68168
68171
68181
68187
68193
68194
68205
68208
68215
68217
68220
68223
68225
68228
68230
68238
68242
68245
68247
68255
68257
68260
68268
68272
68278
68286
68290
68296
68299
68304
68307
68319
68322
68331
68339
68345
68354
68366
68383
68405
68420
68439
68450
68537
68543
68552
68563
68569
68594
68615
68631
68642
68652
68661
68665
68708
68711
68713
68716
68718
68726
68729
68735
68744
68756
68762
68773
68787
68801
68803
68810
68813
68814
68817
68827
68833
68839
68841
68844
68848
68859
68860
68874
68875
68886
68890
68891
68893
68900
68903
68915
68929
68934
68942
68961
68975
68977
68984
68989
68992
69004
69007
69009
69012
69014
69022
69031
69033
69036
69039
69059
69060
69063
69066
69067
69070
69080
69086
69092
69093
69104
69107
69114
69116
69123
69125
69133
69136
69149
69150
69153
69156
69157
69160
69170
69176
69182
69183
69194
69197
69204
69206
69213
69215
69218
69221
69239
69240
69243
69246
69247
69250
69260
69266
69272
69273
69284
69287
69294
69296
69328
69337
69340
69495
69498
69507
69646
69649
69651
69653
69656
69669
69672
69678
69680
69681
69683
69688
69691
69694
69696
69698
69701
69714
69717
69723
69725
69726
69728
69733
70248
70250
70253
70254
70256
70264
70267
70269
70272
70277
70279
70283
70289
70293
70298
70304
70308
70313
70316
70318
70321
70332
70334
70341
70391
70400
70406
70415
70418
70421
70428
70437
70443
70452
70455
70458
70464
70471
70473
70476
70478
70481
70482
70484
70492
70494
70498
70507
70517
70524
70527
70533
70537
70541
70556
70563
70566
70573
70575
70578
70589
70591
70594
70595
70597
70605
70607
70611
70614
70616
70618
70628
70633
70640
70642
70644
70645
70648
70652
70656
70659
70661
70663
70673
70678
70685
70687
70689
70690
70693
70697
70701
70704
70706
70708
70718
70723
70730
70732
70734
70735
70738
70742
70746
70749
70751
70753
70763
70768
70775
70777
70779
70780
70783
70788
70790
70792
70798
70800
70804
71571
71573
71581
71584
71587
71593
71594
71596
71604
71607
71610
71616
71619
71621
71623
71625
71627
71638
71639
71641
71649
71652
71656
71661
71662
71664
71671
71676
71679
71681
71686
71689
71692
71694
71696
71704
71709
71720
71725
71728
71739
71744
71750
71754
71762
71824
71835
71840
71843
71854
71859
71865
71869
71877
71878
71887
71890
71898
71906
71911
71919
71922
71926
71937
71939
71946
71951
71954
71956
71960
71962
71969
71974
71977
71979
71983
71988
71990
71992
71994
72000
72005
72014
72017
72025
72033
72038
72046
72049
72053
72064
72066
72074
72077
72081
72086
72087
72089
72097
72100
72104
72109
72112
72114
72117
72118
72121
72131
72132
72134
72142
72145
72149
72154
72155
72157
72164
72169
72172
72174
72179
72182
72185
72187
72189
72197
72200
72202
72210
72213
72217
72222
72223
72225
72232
72237
72240
72242
72247
72250
72253
72255
72257
72265
81986
81988
81997
82003
82004
82007
82728
82730
82736
82740
82743
82748
82758
82761
82770
82773
82787
82790
91361
91372
91376
91381
91394
91397
91412
91429
91442
91488
91504
91516
91534
91547
91550
91555
91565
91569
91576
91586
91590
91607
91612
91621
91645
91648
91661
91669
91679
91685
91699
91702
91708
91711
91723
91726
91729
91731
91741
91745
91748
91753
91759
91761
91767
91771
91773
91777
91780
91782
91791
91795
91797
91801
91804
91816
91817
91821
91822
91825
92028
92033
92036
92043
92055
92059
92072
92081
92084
92086
92089
92097
92102
92111
92114
92116
92119
92127
92131
92137
92138
92141
92143
92154
92162
92170
92172
92174
92176
92184
92189
92193
92196
92203
92205
92214
92219
92227
92229
92231
92233
92241
92252
92260
92267
92280
92284
92290
92348
92353
92362
92377
92381
92387
92392
92396
92399
92416
92424
92427
92440
92444
92446
92448
92450
92462
92467
92475
92477
92479
92481
92489
92493
92499
92502
92521
92529
92532
92545
92549
92552
92554
92556
92570
92575
92583
92585
92587
92589
92597
92602
92606
92608
92614
92616
92624
92629
92637
92639
92641
92643
92651
92656
92660
92662
92664
92666
92678
92683
92691
92693
92695
92697
92705
114599
114601
114607
114610
114614
114618
114619
114625
114626
114629
114631
114639
114645
114647
114654
114658
114659
114661
118049
118051
118057
118060
118064
118068
118070
118074
118077
118084
118086
118091
118095
118097
118104
118108
118109
118111
118120
118122
118135
118137
118145
118147
118150
118152
118170
118172
118180
118182
118188
118190
118192
118194
118208
118211
140339
140346
140352
140360
140368
140372
140377
140386
140388
140392
140396
140406
140415
140420
140427
140433
140440
140446
140458
140477
140488
140493
140528
140534
140557
140561
140585
140653
140674
140684
140689
140718
140724
140747
140751
140775
140781
140788
140794
140801
140806
140813
140819
140828
140830
140832
140839
140845
140850
140854
140861
140869
140877
140881
140885
140892
140898
140903
140907
140914
140922
140930
140934
140940
140960
140963
140972
140992
140995
141007
141010
141026
141029
141047
141050
141058
141075
141083
141090
141093
141109
141110
141117
141123
141127
141133
141136
141150
141158
141162
141171
141173
141185
141187
141194
141196
141199
141201
141217
141219
141226
141228
141234
141236
141238
141240
141254
141257
141258
141260
141266
141269
141273
141277
141279
141283
141286
141293
141295
141300
141304
141306
141313
141317
141318
141320
141323
141325
141331
141334
141338
141342
141344
141348
141350
141356
141358
141362
141366
141368
141375
141379
141380
141382
141385
141387
141393
141396
141400
141404
141406
141410
141412
141418
141420
141424
141428
141430
141437
141441
141442
141444
141447
141450
141458
141463
141464
141467
141470
141473
141481
141486
141487
141490
141496
141498
141499
141501
141506
141508
141976
141984
141987
141995
142003
142006
142012
142015
142019
142024
142030
142035
142040
142050
142055
142063
142065
142071
142073
142076
142085
142088
142091
142095
142096
142099
142108
142111
142114
142118
142122
142124
142125
142127
142132
142134
142135
142138
142147
142150
142153
142157
142158
142161
142170
142173
142176
142180
142184
142186
142187
142189
142194
142196
142198
142203
142204
142206
142209
142217
142222
142225
142227
142229
142233
142245
142252
142254
142256
142257
142260
142264
142268
142271
142276
142279
142281
142284
142287
142290
142292
142294
142297
142307
142308
142310
142317
142319
142321
142323
142326
142329
142332
142337
142340
142346
142349
142352
142354
142361
142365
142372
142379
142381
142383
142384
142387
142391
142395
142398
142403
142406
142408
142411
142414
142417
142419
142425
142428
142434
142435
142437
142444
142446
142448
142450
142458
142465
142469
142476
142486
142491
142500
142504
142506
142512
142520
142522
142529
142537
142541
142544
142552
142553
142666
142671
142677
142685
142695
142700
142709
142713
142715
142721
142729
142731
142738
142746
142750
142753
142761
142762
142765
142768
142773
142781
142785
142789
142808
142811
142814
142822
142829
142832
142837
142841
142845
142856
142863
142867
142871
142874
142876
142880
142883
142888
142891
142894
142896
142898
142902
142914
142921
142923
142925
142926
142929
142933
142937
142940
142945
142948
142950
142953
142956
142959
142961
142963
142966
142976
142977
142979
142986
142988
142990
142992
142994
142999
143001
143014
143018
143022
143041
143044
143047
143055
143062
143065
143070
143074
143078
143089
143096
143100
143104
143107
143110
143115
143118
143124
143127
143130
143132
143139
143143
143150
143157
143159
143161
143162
143165
143169
143173
143176
143181
143184
143186
143189
143192
143195
143197
143203
143206
143212
143213
143215
143222
143224
143226
143228
143231
143234
143236
143240
143243
143248
143251
143254
143256
143263
143267
143274
143281
143283
143285
143286
143289
143293
143297
143300
143305
143308
143310
143313
143316
143319
143321
143327
143330
143336
143337
143339
143346
143348
143350
143352
143355
143358
143360
143364
143367
143372
143375
143378
143380
143387
143391
143398
143405
143407
143409
143410
143413
143417
143421
143424
143429
143432
143434
143437
143440
143443
143445
143451
143454
143460
143461
143463
143470
143472
143474
143476
144386
144390
144393
144400
144403
144411
144422
144430
144435
144447
144454
144458
144463
144470
144474
144491
144497
144499
144513
144517
144519
144524
144526
144532
144584
144586
144592
144596
144599
144604
144607
144609
144619
144623
144626
144631
144637
144639
144641
144643
144651
144655
144663
144674
144678
144683
144696
144699
144708
144712
144721
144728
144738
144741
144746
144759
144762
144771
144775
144784
144787
144797
144803
144811
144821
144827
144838
144841
144850
144856
144865
144871
144877
144887
144891
144901
144904
144913
144922
144924
144930
144934
144936
144940
144943
144945
144954
144958
144960
144964
144970
144972
144974
144976
144984
144988
145121
145125
145128
145135
145137
145142
145147
145151
145154
145161
145163
145168
145172
145182
145183
145186
145187
145189
145201
145209
145213
145222
145227
145234
145247
145251
145253
145262
145269
145272
145281
145286
145293
145306
145310
145312
145315
145321
145324
145338
145344
145347
145361
145371
145374
145380
145386
145388
145401
145405
145412
145420
145430
145433
145440
145444
145446
145452
145454
145458
145463
145467
145469
145475
145477
145481
145485
145495
145496
145499
145500
145502
145628
145630
145638
145641
145645
145650
145653
145656
145659
145664
145667
145673
145676
145678
145681
145686
145688
145692
145693
145695
145703
145706
145710
145715
145718
145721
145724
145729
145732
145738
145741
145743
145746
145751
145753
145757
145758
145760
145767
145770
145773
145777
145778
145780
145787
145790
145793
145797
145800
145802
145804
145805
145807
145813
145816
145828
145832
145840
145847
145851
145858
145864
145866
145869
145881
145885
145892
145897
145903
145911
145917
145919
145922
145932
145935
145938
145948
145951
145957
145960
145963
145966
145978
145982
145989
145995
145998
146005
146011
146013
146016
146028
146032
146039
146044
146050
146058
146064
146066
146069
146079
146082
146085
146095
146098
146104
146107
146110
146111
146119
146124
146132
146137
146139
146152
146156
146162
146167
146175
146180
146188
146193
146195
146208
146212
146218
146223
146230
146235
146240
146247
146252
146257
146262
146264
146270
146278
146283
146291
146296
146297
146308
146312
146318
146323
146331
146336
146345
146348
146353
146361
146365
146371
146376
146383
146388
146393
146400
146405
146410
146415
146417
146423
146425
146433
146436
146440
146445
146448
146451
146453
146457
146460
146465
146468
146470
146473
146478
146480
146484
146485
146487
146495
146498
146502
146507
146510
146513
146515
146519
146522
146527
146530
146532
146535
146540
146542
146546
146547
146549
146556
146559
146562
146566
146567
146569
146576
146579
146582
146586
146589
146591
146593
146594
146596
146602
)
;
    flipMap         List<bool> 
2448
(
0
0
0
0
0
0
0
0
0
0
1
1
0
0
1
1
1
1
1
1
0
0
0
0
0
0
0
0
0
0
0
0
0
0
0
0
0
0
1
0
0
0
0
0
0
0
0
0
0
0
0
0
0
0
0
0
1
1
1
1
0
0
0
0
0
0
1
1
1
1
0
0
0
0
0
0
0
0
0
0
0
0
0
0
0
0
0
0
0
0
0
0
0
0
0
0
0
0
0
1
0
0
0
0
0
0
0
0
0
0
0
0
0
0
0
0
0
0
1
0
0
1
0
0
1
1
1
1
1
0
1
1
0
1
1
1
1
1
1
1
1
1
0
0
1
1
0
0
0
0
0
0
0
0
0
0
0
0
0
0
1
1
1
0
0
1
0
0
0
0
0
0
0
0
0
0
0
0
0
0
0
0
0
0
0
0
0
0
1
0
1
1
1
1
0
0
0
0
1
1
0
0
0
0
0
0
1
0
0
1
1
1
0
1
0
1
1
1
1
1
1
0
0
1
1
1
0
0
1
1
0
0
0
1
0
0
1
1
1
0
0
0
0
1
1
0
0
0
0
1
1
0
0
0
0
1
1
0
0
0
0
0
0
1
0
0
0
0
1
1
0
0
0
0
0
0
0
0
0
0
0
0
1
1
0
0
0
0
0
0
0
0
1
1
1
1
1
1
1
1
0
0
0
1
1
0
0
0
0
1
0
0
0
0
0
0
0
0
1
1
1
0
0
0
0
1
1
0
0
0
0
0
0
0
1
0
0
0
0
1
0
0
0
0
0
0
0
0
0
0
0
0
0
0
0
0
1
0
0
0
0
0
0
0
0
0
0
0
1
1
1
1
0
0
0
0
0
0
0
0
0
0
0
0
0
0
0
0
0
0
1
0
0
1
0
1
1
0
0
0
1
0
0
1
0
1
0
0
1
0
1
1
1
1
1
1
1
1
1
0
1
1
1
0
1
0
1
1
1
0
1
1
1
1
1
1
1
1
1
0
0
1
0
1
0
0
1
0
0
0
0
0
0
0
0
0
0
1
1
1
1
0
0
0
0
0
0
0
1
0
0
1
0
1
0
0
1
0
1
0
0
1
0
1
1
0
0
0
1
1
1
1
0
0
0
0
0
0
0
0
0
0
0
0
0
0
0
0
0
0
0
0
0
0
0
0
1
1
1
1
0
0
0
0
0
0
1
1
1
0
1
1
0
0
1
0
1
0
0
0
0
0
0
1
0
0
0
0
0
0
1
0
0
0
1
1
0
0
0
1
1
1
0
0
1
0
0
1
1
1
1
1
1
1
1
1
0
0
0
1
1
0
0
1
0
0
0
0
1
0
0
0
1
1
1
0
0
0
0
0
1
0
0
0
0
0
1
0
0
0
0
0
0
1
0
0
0
0
0
0
0
0
0
1
0
0
0
0
0
0
0
0
0
0
0
0
0
0
0
0
0
0
1
0
0
0
0
0
1
0
0
0
0
0
1
1
1
1
1
1
1
0
0
1
0
0
1
1
1
1
1
1
1
1
1
1
1
1
1
1
1
1
1
1
1
0
0
0
0
0
0
0
0
0
0
0
0
0
0
0
0
0
0
0
0
1
0
0
1
0
0
0
0
0
0
0
0
0
0
0
0
0
0
0
0
0
0
0
0
0
0
0
0
0
0
0
0
0
1
1
1
1
0
0
1
0
0
0
0
0
1
0
0
0
0
0
0
0
0
0
0
0
1
1
1
1
1
1
1
1
1
1
0
0
1
0
0
0
0
0
1
0
0
0
0
0
1
0
0
0
0
0
0
0
0
0
0
0
1
0
0
0
0
0
1
0
0
0
0
0
0
0
0
0
0
0
0
0
0
0
1
0
0
0
0
0
0
0
0
0
0
0
0
0
0
0
0
0
0
0
0
0
0
0
1
0
0
0
0
0
0
0
1
0
0
0
0
0
1
0
0
0
0
0
1
1
1
1
1
1
1
0
0
1
0
0
1
1
1
1
1
1
1
1
1
1
1
1
1
1
1
1
1
1
1
1
1
1
0
0
0
0
0
0
0
1
0
0
0
0
0
0
0
0
0
0
1
0
0
0
0
0
0
0
0
0
0
0
0
0
0
0
1
0
0
0
0
0
0
1
0
0
1
0
0
0
0
0
0
0
0
0
0
0
0
0
0
0
1
0
0
0
0
0
0
0
0
0
0
0
0
0
0
0
0
0
1
0
0
0
0
0
0
0
0
0
0
0
0
0
0
0
0
0
1
0
0
0
0
0
0
0
1
1
1
1
0
0
1
0
0
0
0
0
1
0
0
0
0
0
1
0
0
0
0
0
1
0
0
0
0
0
1
0
0
0
0
0
1
0
0
0
0
0
1
1
1
1
1
1
1
0
0
1
0
0
1
1
1
1
1
1
1
1
1
1
1
1
1
1
1
1
0
0
0
0
0
1
0
0
1
0
0
1
0
0
1
0
0
1
0
0
1
0
0
0
0
0
1
0
0
0
0
0
1
0
0
0
0
0
1
0
0
0
0
0
1
0
0
0
0
0
1
0
0
0
0
0
1
0
0
0
0
0
1
0
0
0
0
0
1
0
0
0
0
0
1
0
0
0
0
0
0
0
1
0
0
0
0
0
1
0
0
0
1
0
0
0
0
0
0
0
1
0
0
0
0
0
1
0
0
0
1
0
0
0
0
0
1
1
1
1
1
1
1
1
1
1
1
1
1
1
1
1
1
1
0
1
0
0
1
0
1
0
0
0
0
1
0
0
0
0
0
1
0
0
0
1
0
0
0
0
0
0
1
0
0
1
0
1
0
0
0
0
1
0
0
0
0
0
1
0
0
0
1
0
0
0
0
0
0
0
1
0
0
0
0
0
1
0
0
0
1
0
0
0
0
0
0
0
1
0
0
0
0
0
1
0
0
0
1
0
0
0
0
0
0
0
1
0
0
0
0
0
1
0
0
0
0
0
0
0
0
0
1
1
1
1
1
1
1
1
1
1
1
1
1
1
1
0
1
0
0
1
0
0
0
0
0
0
0
0
1
0
0
0
0
0
0
0
0
0
1
0
0
0
0
0
1
0
0
0
0
0
1
0
0
0
1
0
0
0
0
0
1
1
1
1
0
0
1
0
0
0
0
0
1
0
0
0
0
0
1
0
0
0
0
0
1
0
0
0
0
0
1
0
0
0
0
0
1
0
0
0
0
0
1
1
1
1
1
1
1
1
1
1
1
1
1
0
0
1
0
0
1
0
0
0
0
0
1
0
0
0
0
0
1
0
0
1
0
0
1
0
0
0
0
0
1
0
0
0
0
0
1
0
0
0
0
0
1
0
0
0
0
0
1
0
0
0
0
0
1
0
0
0
0
0
0
0
0
0
1
0
1
0
0
0
0
0
0
0
1
0
0
0
0
0
0
0
1
0
1
0
0
0
0
0
0
0
1
0
0
0
0
0
0
0
0
0
0
0
0
0
0
0
0
0
0
0
0
0
1
1
1
1
1
1
1
1
1
1
1
1
1
1
1
1
1
1
1
1
1
1
1
1
1
1
1
1
1
1
1
1
1
1
1
1
1
1
1
1
1
1
1
1
1
0
0
1
1
0
0
0
1
0
0
0
1
1
0
0
0
1
0
0
0
0
0
0
0
0
0
0
0
0
0
0
0
0
0
0
0
0
0
1
1
0
0
0
1
0
0
0
0
0
0
0
0
0
0
0
0
0
0
0
0
0
0
0
0
0
0
0
1
0
1
0
0
0
0
0
0
0
1
0
0
0
0
0
0
0
1
0
1
0
0
0
0
0
0
0
1
0
0
0
0
0
0
0
1
0
1
0
0
0
0
0
0
0
1
0
0
0
0
0
1
0
0
0
0
0
1
0
0
0
0
0
0
0
1
0
1
1
1
1
1
1
1
1
1
0
1
0
0
1
0
0
0
1
0
0
1
0
0
0
0
0
1
0
0
0
0
0
0
0
1
0
0
0
1
0
0
0
0
0
1
0
0
0
0
0
0
0
1
0
1
0
0
0
0
0
1
0
0
0
0
0
1
0
0
0
0
0
0
0
1
0
0
0
1
0
0
0
0
0
0
0
1
0
0
0
1
0
0
0
0
0
1
0
0
0
0
0
1
0
0
0
0
0
0
0
1
0
0
0
1
0
0
0
0
0
0
0
1
0
0
0
1
1
1
1
1
1
1
1
1
1
1
1
1
1
1
1
1
1
1
1
1
1
1
1
1
1
1
1
1
1
1
1
1
1
1
1
1
0
0
1
0
0
1
0
0
0
1
0
1
0
0
0
1
0
1
0
0
0
0
0
1
0
0
0
0
0
1
0
0
0
0
0
0
0
1
0
0
0
1
0
0
0
0
0
0
0
1
0
0
0
1
0
0
1
0
0
1
0
0
0
1
0
1
0
0
0
1
0
1
0
0
0
0
0
1
0
0
0
0
0
1
0
0
0
0
0
0
0
1
0
0
0
1
0
0
0
0
0
0
0
1
0
0
0
1
0
0
0
0
0
1
0
0
0
0
0
1
0
0
0
0
0
0
0
1
0
0
0
1
0
0
0
0
0
0
0
1
0
0
0
1
0
0
0
0
0
1
0
0
0
0
0
1
0
0
0
0
0
0
0
1
0
0
0
1
0
0
0
0
0
0
0
1
0
0
0
1
0
0
0
0
0
1
1
1
1
1
1
1
0
0
1
0
0
1
0
0
0
0
0
0
0
1
0
0
0
0
0
1
0
0
0
0
0
0
0
1
0
1
1
1
1
1
1
1
1
1
1
1
1
1
1
1
1
1
1
0
1
0
0
1
0
0
0
1
0
1
0
0
1
0
0
0
1
0
0
1
0
0
0
0
0
1
0
0
0
0
0
0
0
1
0
1
0
0
0
0
0
1
0
0
0
0
0
1
0
0
0
0
0
1
1
1
1
1
1
1
1
1
1
1
1
1
1
1
1
1
1
1
0
0
1
0
0
1
0
0
1
0
0
1
0
0
1
0
0
1
0
0
0
0
0
1
0
0
0
0
0
1
0
0
0
0
0
0
0
1
0
0
0
1
0
0
0
0
0
1
0
0
0
0
0
0
0
1
0
0
0
1
0
0
0
0
0
1
0
0
0
0
0
0
0
1
0
0
0
0
0
1
0
0
0
1
0
0
0
0
0
1
1
1
1
1
1
1
1
1
1
1
1
1
1
1
1
1
1
1
1
1
1
1
1
1
1
1
1
1
1
1
1
1
1
1
1
1
1
1
1
1
1
1
1
1
1
1
1
1
1
1
1
1
1
0
1
0
1
0
0
1
0
0
0
1
0
1
0
0
1
0
0
0
1
0
0
1
0
1
0
0
0
1
0
1
0
0
1
0
0
0
1
0
1
0
0
1
0
0
0
1
0
0
1
0
1
0
0
0
0
1
0
0
0
1
0
0
0
0
0
1
0
0
0
0
0
0
0
1
0
0
0
1
0
0
0
0
0
1
0
0
0
0
0
0
0
1
0
0
0
0
0
1
0
0
0
1
0
0
0
0
0
)
;
}
)

// ************************************************************************* //
