/*--------------------------------*- C++ -*----------------------------------*\
| =========                 |                                                 |
| \\      /  F ield         | OpenFOAM: The Open Source CFD Toolbox           |
|  \\    /   O peration     | Version:  2406                                  |
|   \\  /    A nd           | Website:  www.openfoam.com                      |
|    \\/     M anipulation  |                                                 |
\*---------------------------------------------------------------------------*/
FoamFile
{
    version     2.0;
    format      ascii;
    arch        "LSB;label=32;scalar=64";
    note        "nPoints:2482  nCells:1200  nFaces:4840  nInternalFaces:2360";
    class       labelList;
    location    "constant/polyMesh";
    object      neighbour;
}
// * * * * * * * * * * * * * * * * * * * * * * * * * * * * * * * * * * * * * //


2360
(
1
20
990
1000
2
21
1010
3
22
1020
4
23
1030
5
24
1040
6
25
1050
7
26
1060
8
27
1070
9
28
1080
10
29
1090
11
30
1100
12
31
1110
13
32
1120
14
33
1130
15
34
1140
16
35
1150
17
36
1160
18
37
1170
19
38
1180
39
400
1190
21
40
980
22
41
23
42
24
43
25
44
26
45
27
46
28
47
29
48
30
49
31
50
32
51
33
52
34
53
35
54
36
55
37
56
38
57
39
58
59
410
41
60
970
42
61
43
62
44
63
45
64
46
65
47
66
48
67
49
68
50
69
51
70
52
71
53
72
54
73
55
74
56
75
57
76
58
77
59
78
79
420
61
80
960
62
81
63
82
64
83
65
84
66
85
67
86
68
87
69
88
70
89
71
90
72
91
73
92
74
93
75
94
76
95
77
96
78
97
79
98
99
430
81
100
950
82
101
83
102
84
103
85
104
86
105
87
106
88
107
89
108
90
109
91
110
92
111
93
112
94
113
95
114
96
115
97
116
98
117
99
118
119
440
101
120
940
102
121
103
122
104
123
105
124
106
125
107
126
108
127
109
128
110
129
111
130
112
131
113
132
114
133
115
134
116
135
117
136
118
137
119
138
139
450
121
140
930
122
141
123
142
124
143
125
144
126
145
127
146
128
147
129
148
130
149
131
150
132
151
133
152
134
153
135
154
136
155
137
156
138
157
139
158
159
460
141
160
920
142
161
143
162
144
163
145
164
146
165
147
166
148
167
149
168
150
169
151
170
152
171
153
172
154
173
155
174
156
175
157
176
158
177
159
178
179
470
161
180
910
162
181
163
182
164
183
165
184
166
185
167
186
168
187
169
188
170
189
171
190
172
191
173
192
174
193
175
194
176
195
177
196
178
197
179
198
199
480
181
200
900
182
201
183
202
184
203
185
204
186
205
187
206
188
207
189
208
190
209
191
210
192
211
193
212
194
213
195
214
196
215
197
216
198
217
199
218
219
490
201
220
890
202
221
203
222
204
223
205
224
206
225
207
226
208
227
209
228
210
229
211
230
212
231
213
232
214
233
215
234
216
235
217
236
218
237
219
238
239
500
221
240
880
222
241
223
242
224
243
225
244
226
245
227
246
228
247
229
248
230
249
231
250
232
251
233
252
234
253
235
254
236
255
237
256
238
257
239
258
259
510
241
260
870
242
261
243
262
244
263
245
264
246
265
247
266
248
267
249
268
250
269
251
270
252
271
253
272
254
273
255
274
256
275
257
276
258
277
259
278
279
520
261
280
860
262
281
263
282
264
283
265
284
266
285
267
286
268
287
269
288
270
289
271
290
272
291
273
292
274
293
275
294
276
295
277
296
278
297
279
298
299
530
281
300
850
282
301
283
302
284
303
285
304
286
305
287
306
288
307
289
308
290
309
291
310
292
311
293
312
294
313
295
314
296
315
297
316
298
317
299
318
319
540
301
320
840
302
321
303
322
304
323
305
324
306
325
307
326
308
327
309
328
310
329
311
330
312
331
313
332
314
333
315
334
316
335
317
336
318
337
319
338
339
550
321
340
830
322
341
323
342
324
343
325
344
326
345
327
346
328
347
329
348
330
349
331
350
332
351
333
352
334
353
335
354
336
355
337
356
338
357
339
358
359
560
341
360
820
342
361
343
362
344
363
345
364
346
365
347
366
348
367
349
368
350
369
351
370
352
371
353
372
354
373
355
374
356
375
357
376
358
377
359
378
379
570
361
380
810
362
381
363
382
364
383
365
384
366
385
367
386
368
387
369
388
370
389
371
390
372
391
373
392
374
393
375
394
376
395
377
396
378
397
379
398
399
580
381
790
800
382
780
383
770
384
760
385
750
386
740
387
730
388
720
389
710
390
700
391
690
392
680
393
670
394
660
395
650
396
640
397
630
398
620
399
610
590
600
401
410
1190
402
411
1191
403
412
1192
404
413
1193
405
414
1194
406
415
1195
407
416
1196
408
417
1197
409
418
1198
419
1199
411
420
412
421
413
422
414
423
415
424
416
425
417
426
418
427
419
428
429
421
430
422
431
423
432
424
433
425
434
426
435
427
436
428
437
429
438
439
431
440
432
441
433
442
434
443
435
444
436
445
437
446
438
447
439
448
449
441
450
442
451
443
452
444
453
445
454
446
455
447
456
448
457
449
458
459
451
460
452
461
453
462
454
463
455
464
456
465
457
466
458
467
459
468
469
461
470
462
471
463
472
464
473
465
474
466
475
467
476
468
477
469
478
479
471
480
472
481
473
482
474
483
475
484
476
485
477
486
478
487
479
488
489
481
490
482
491
483
492
484
493
485
494
486
495
487
496
488
497
489
498
499
491
500
492
501
493
502
494
503
495
504
496
505
497
506
498
507
499
508
509
501
510
502
511
503
512
504
513
505
514
506
515
507
516
508
517
509
518
519
511
520
512
521
513
522
514
523
515
524
516
525
517
526
518
527
519
528
529
521
530
522
531
523
532
524
533
525
534
526
535
527
536
528
537
529
538
539
531
540
532
541
533
542
534
543
535
544
536
545
537
546
538
547
539
548
549
541
550
542
551
543
552
544
553
545
554
546
555
547
556
548
557
549
558
559
551
560
552
561
553
562
554
563
555
564
556
565
557
566
558
567
559
568
569
561
570
562
571
563
572
564
573
565
574
566
575
567
576
568
577
569
578
579
571
580
572
581
573
582
574
583
575
584
576
585
577
586
578
587
579
588
589
581
590
582
591
583
592
584
593
585
594
586
595
587
596
588
597
589
598
599
591
600
592
601
593
602
594
603
595
604
596
605
597
606
598
607
599
608
609
601
610
602
611
603
612
604
613
605
614
606
615
607
616
608
617
609
618
619
611
620
612
621
613
622
614
623
615
624
616
625
617
626
618
627
619
628
629
621
630
622
631
623
632
624
633
625
634
626
635
627
636
628
637
629
638
639
631
640
632
641
633
642
634
643
635
644
636
645
637
646
638
647
639
648
649
641
650
642
651
643
652
644
653
645
654
646
655
647
656
648
657
649
658
659
651
660
652
661
653
662
654
663
655
664
656
665
657
666
658
667
659
668
669
661
670
662
671
663
672
664
673
665
674
666
675
667
676
668
677
669
678
679
671
680
672
681
673
682
674
683
675
684
676
685
677
686
678
687
679
688
689
681
690
682
691
683
692
684
693
685
694
686
695
687
696
688
697
689
698
699
691
700
692
701
693
702
694
703
695
704
696
705
697
706
698
707
699
708
709
701
710
702
711
703
712
704
713
705
714
706
715
707
716
708
717
709
718
719
711
720
712
721
713
722
714
723
715
724
716
725
717
726
718
727
719
728
729
721
730
722
731
723
732
724
733
725
734
726
735
727
736
728
737
729
738
739
731
740
732
741
733
742
734
743
735
744
736
745
737
746
738
747
739
748
749
741
750
742
751
743
752
744
753
745
754
746
755
747
756
748
757
749
758
759
751
760
752
761
753
762
754
763
755
764
756
765
757
766
758
767
759
768
769
761
770
762
771
763
772
764
773
765
774
766
775
767
776
768
777
769
778
779
771
780
772
781
773
782
774
783
775
784
776
785
777
786
778
787
779
788
789
781
790
782
791
783
792
784
793
785
794
786
795
787
796
788
797
789
798
799
791
800
792
801
793
802
794
803
795
804
796
805
797
806
798
807
799
808
809
801
810
802
811
803
812
804
813
805
814
806
815
807
816
808
817
809
818
819
811
820
812
821
813
822
814
823
815
824
816
825
817
826
818
827
819
828
829
821
830
822
831
823
832
824
833
825
834
826
835
827
836
828
837
829
838
839
831
840
832
841
833
842
834
843
835
844
836
845
837
846
838
847
839
848
849
841
850
842
851
843
852
844
853
845
854
846
855
847
856
848
857
849
858
859
851
860
852
861
853
862
854
863
855
864
856
865
857
866
858
867
859
868
869
861
870
862
871
863
872
864
873
865
874
866
875
867
876
868
877
869
878
879
871
880
872
881
873
882
874
883
875
884
876
885
877
886
878
887
879
888
889
881
890
882
891
883
892
884
893
885
894
886
895
887
896
888
897
889
898
899
891
900
892
901
893
902
894
903
895
904
896
905
897
906
898
907
899
908
909
901
910
902
911
903
912
904
913
905
914
906
915
907
916
908
917
909
918
919
911
920
912
921
913
922
914
923
915
924
916
925
917
926
918
927
919
928
929
921
930
922
931
923
932
924
933
925
934
926
935
927
936
928
937
929
938
939
931
940
932
941
933
942
934
943
935
944
936
945
937
946
938
947
939
948
949
941
950
942
951
943
952
944
953
945
954
946
955
947
956
948
957
949
958
959
951
960
952
961
953
962
954
963
955
964
956
965
957
966
958
967
959
968
969
961
970
962
971
963
972
964
973
965
974
966
975
967
976
968
977
969
978
979
971
980
972
981
973
982
974
983
975
984
976
985
977
986
978
987
979
988
989
981
990
982
991
983
992
984
993
985
994
986
995
987
996
988
997
989
998
999
991
1000
992
1001
993
1002
994
1003
995
1004
996
1005
997
1006
998
1007
999
1008
1009
1001
1010
1002
1011
1003
1012
1004
1013
1005
1014
1006
1015
1007
1016
1008
1017
1009
1018
1019
1011
1020
1012
1021
1013
1022
1014
1023
1015
1024
1016
1025
1017
1026
1018
1027
1019
1028
1029
1021
1030
1022
1031
1023
1032
1024
1033
1025
1034
1026
1035
1027
1036
1028
1037
1029
1038
1039
1031
1040
1032
1041
1033
1042
1034
1043
1035
1044
1036
1045
1037
1046
1038
1047
1039
1048
1049
1041
1050
1042
1051
1043
1052
1044
1053
1045
1054
1046
1055
1047
1056
1048
1057
1049
1058
1059
1051
1060
1052
1061
1053
1062
1054
1063
1055
1064
1056
1065
1057
1066
1058
1067
1059
1068
1069
1061
1070
1062
1071
1063
1072
1064
1073
1065
1074
1066
1075
1067
1076
1068
1077
1069
1078
1079
1071
1080
1072
1081
1073
1082
1074
1083
1075
1084
1076
1085
1077
1086
1078
1087
1079
1088
1089
1081
1090
1082
1091
1083
1092
1084
1093
1085
1094
1086
1095
1087
1096
1088
1097
1089
1098
1099
1091
1100
1092
1101
1093
1102
1094
1103
1095
1104
1096
1105
1097
1106
1098
1107
1099
1108
1109
1101
1110
1102
1111
1103
1112
1104
1113
1105
1114
1106
1115
1107
1116
1108
1117
1109
1118
1119
1111
1120
1112
1121
1113
1122
1114
1123
1115
1124
1116
1125
1117
1126
1118
1127
1119
1128
1129
1121
1130
1122
1131
1123
1132
1124
1133
1125
1134
1126
1135
1127
1136
1128
1137
1129
1138
1139
1131
1140
1132
1141
1133
1142
1134
1143
1135
1144
1136
1145
1137
1146
1138
1147
1139
1148
1149
1141
1150
1142
1151
1143
1152
1144
1153
1145
1154
1146
1155
1147
1156
1148
1157
1149
1158
1159
1151
1160
1152
1161
1153
1162
1154
1163
1155
1164
1156
1165
1157
1166
1158
1167
1159
1168
1169
1161
1170
1162
1171
1163
1172
1164
1173
1165
1174
1166
1175
1167
1176
1168
1177
1169
1178
1179
1171
1180
1172
1181
1173
1182
1174
1183
1175
1184
1176
1185
1177
1186
1178
1187
1179
1188
1189
1181
1190
1182
1191
1183
1192
1184
1193
1185
1194
1186
1195
1187
1196
1188
1197
1189
1198
1199
1191
1192
1193
1194
1195
1196
1197
1198
1199
)


// ************************************************************************* //
