/*--------------------------------*- C++ -*----------------------------------*\
| =========                 |                                                 |
| \\      /  F ield         | OpenFOAM: The Open Source CFD Toolbox           |
|  \\    /   O peration     | Version:  2406                                  |
|   \\  /    A nd           | Website:  www.openfoam.com                      |
|    \\/     M anipulation  |                                                 |
\*---------------------------------------------------------------------------*/
FoamFile
{
    version     2.0;
    format      ascii;
    arch        "LSB;label=32;scalar=64";
    class       vectorField;
    location    "constant/polyMesh";
    object      points;
}
// * * * * * * * * * * * * * * * * * * * * * * * * * * * * * * * * * * * * * //


2482
(
(-0.000496133 -0.000496133 0)
(-0.000448639 -0.000515282 0)
(-0.000400612 -0.000532813 0)
(-0.000352023 -0.000548591 0)
(-0.000302897 -0.000562529 0)
(-0.000253274 -0.000574534 0)
(-0.000203205 -0.000584512 0)
(-0.000152757 -0.000592376 0)
(-0.00010201 -0.000598051 0)
(-5.10579e-05 -0.000601479 0)
(1.67349e-14 -0.000602626 0)
(5.10579e-05 -0.000601479 0)
(0.00010201 -0.000598051 0)
(0.000152757 -0.000592376 0)
(0.000203205 -0.000584512 0)
(0.000253274 -0.000574534 0)
(0.000302897 -0.000562529 0)
(0.000352023 -0.000548591 0)
(0.000400612 -0.000532813 0)
(0.000448639 -0.000515282 0)
(0.000496133 -0.000496133 0)
(-0.000515282 -0.000448639 0)
(-0.000466045 -0.000466045 0)
(-0.000416116 -0.000481845 0)
(-0.000365564 -0.000495999 0)
(-0.000314458 -0.000508456 0)
(-0.00026286 -0.000519153 0)
(-0.000210834 -0.00052802 0)
(-0.000158451 -0.000534994 0)
(-0.000105792 -0.000540018 0)
(-5.29441e-05 -0.000543051 0)
(1.40451e-14 -0.000544064 0)
(5.29441e-05 -0.000543051 0)
(0.000105792 -0.000540018 0)
(0.000158451 -0.000534994 0)
(0.000210834 -0.00052802 0)
(0.00026286 -0.000519153 0)
(0.000314458 -0.000508456 0)
(0.000365564 -0.000495999 0)
(0.000416116 -0.000481845 0)
(0.000466045 -0.000466045 0)
(0.000515282 -0.000448639 0)
(-0.000532813 -0.000400612 0)
(-0.000481845 -0.000416116 0)
(-0.000430163 -0.000430163 0)
(-0.000377833 -0.000442707 0)
(-0.000324939 -0.000453713 0)
(-0.000271558 -0.000463139 0)
(-0.000217763 -0.000470934 0)
(-0.000163628 -0.000477053 0)
(-0.000109232 -0.000481454 0)
(-5.46607e-05 -0.000484108 0)
(1.61137e-14 -0.000484995 0)
(5.46607e-05 -0.000484108 0)
(0.000109232 -0.000481454 0)
(0.000163628 -0.000477053 0)
(0.000217763 -0.000470934 0)
(0.000271558 -0.000463139 0)
(0.000324939 -0.000453713 0)
(0.000377833 -0.000442707 0)
(0.000430163 -0.000430163 0)
(0.000481845 -0.000416116 0)
(0.000532813 -0.000400612 0)
(-0.000548591 -0.000352023 0)
(-0.000495999 -0.000365564 0)
(-0.000442707 -0.000377833 0)
(-0.000388772 -0.000388772 0)
(-0.000334282 -0.000398355 0)
(-0.000279315 -0.000406546 0)
(-0.000223945 -0.000413309 0)
(-0.000168249 -0.00041861 0)
(-0.000112306 -0.000422419 0)
(-5.61949e-05 -0.000424714 0)
(1.64065e-14 -0.000425481 0)
(5.61949e-05 -0.000424714 0)
(0.000112306 -0.000422419 0)
(0.000168249 -0.00041861 0)
(0.000223945 -0.000413309 0)
(0.000279315 -0.000406546 0)
(0.000334282 -0.000398355 0)
(0.000388772 -0.000388772 0)
(0.000442707 -0.000377833 0)
(0.000495999 -0.000365564 0)
(0.000548591 -0.000352023 0)
(-0.000562529 -0.000302897 0)
(-0.000508456 -0.000314458 0)
(-0.000453713 -0.000324939 0)
(-0.000398355 -0.000334282 0)
(-0.000342459 -0.000342459 0)
(-0.000286101 -0.000349441 0)
(-0.000229355 -0.0003552 0)
(-0.000172294 -0.000359709 0)
(-0.000114996 -0.000362947 0)
(-5.75383e-05 -0.000364897 0)
(1.16512e-14 -0.000365548 0)
(5.75383e-05 -0.000364897 0)
(0.000114996 -0.000362947 0)
(0.000172294 -0.000359709 0)
(0.000229355 -0.0003552 0)
(0.000286101 -0.000349441 0)
(0.000342459 -0.000342459 0)
(0.000398355 -0.000334282 0)
(0.000453713 -0.000324939 0)
(0.000508456 -0.000314458 0)
(0.000562529 -0.000302897 0)
(-0.000574534 -0.000253274 0)
(-0.000519153 -0.00026286 0)
(-0.000463139 -0.000271558 0)
(-0.000406546 -0.000279315 0)
(-0.000349441 -0.000286101 0)
(-0.000291893 -0.000291893 0)
(-0.00023397 -0.000296666 0)
(-0.000175746 -0.000300402 0)
(-0.000117292 -0.000303083 0)
(-5.86846e-05 -0.000304697 0)
(4.31812e-15 -0.000305236 0)
(5.86846e-05 -0.000304697 0)
(0.000117292 -0.000303083 0)
(0.000175746 -0.000300402 0)
(0.00023397 -0.000296666 0)
(0.000291893 -0.000291893 0)
(0.000349441 -0.000286101 0)
(0.000406546 -0.000279315 0)
(0.000463139 -0.000271558 0)
(0.000519153 -0.00026286 0)
(0.000574534 -0.000253274 0)
(-0.000584512 -0.000203205 0)
(-0.00052802 -0.000210834 0)
(-0.000470934 -0.000217763 0)
(-0.000413309 -0.000223945 0)
(-0.0003552 -0.000229355 0)
(-0.000296666 -0.00023397 0)
(-0.000237774 -0.000237774 0)
(-0.000178589 -0.000240749 0)
(-0.000119183 -0.000242883 0)
(-5.9629e-05 -0.000244168 0)
(-5.86314e-15 -0.000244596 0)
(5.9629e-05 -0.000244168 0)
(0.000119183 -0.000242883 0)
(0.000178589 -0.000240749 0)
(0.000237774 -0.000237774 0)
(0.000296666 -0.00023397 0)
(0.0003552 -0.000229355 0)
(0.000413309 -0.000223945 0)
(0.000470934 -0.000217763 0)
(0.00052802 -0.000210834 0)
(0.000584512 -0.000203205 0)
(-0.000592376 -0.000152757 0)
(-0.000534994 -0.000158451 0)
(-0.000477053 -0.000163628 0)
(-0.00041861 -0.000168249 0)
(-0.000359709 -0.000172294 0)
(-0.000300402 -0.000175746 0)
(-0.000240749 -0.000178589 0)
(-0.000180813 -0.000180813 0)
(-0.000120662 -0.000182408 0)
(-6.03675e-05 -0.000183368 0)
(-2.28706e-14 -0.000183688 0)
(6.03675e-05 -0.000183368 0)
(0.000120662 -0.000182408 0)
(0.000180813 -0.000180813 0)
(0.000240749 -0.000178589 0)
(0.000300402 -0.000175746 0)
(0.000359709 -0.000172294 0)
(0.00041861 -0.000168249 0)
(0.000477053 -0.000163628 0)
(0.000534994 -0.000158451 0)
(0.000592376 -0.000152757 0)
(-0.000598051 -0.00010201 0)
(-0.000540018 -0.000105792 0)
(-0.000481454 -0.000109232 0)
(-0.000422419 -0.000112306 0)
(-0.000362947 -0.000114996 0)
(-0.000303083 -0.000117292 0)
(-0.000242883 -0.000119183 0)
(-0.000182408 -0.000120662 0)
(-0.000121723 -0.000121723 0)
(-6.08971e-05 -0.000122361 0)
(-4.29958e-14 -0.000122574 0)
(6.08971e-05 -0.000122361 0)
(0.000121723 -0.000121723 0)
(0.000182408 -0.000120662 0)
(0.000242883 -0.000119183 0)
(0.000303083 -0.000117292 0)
(0.000362947 -0.000114996 0)
(0.000422419 -0.000112306 0)
(0.000481454 -0.000109232 0)
(0.000540018 -0.000105792 0)
(0.000598051 -0.00010201 0)
(-0.000601479 -5.10579e-05 0)
(-0.000543051 -5.29441e-05 0)
(-0.000484108 -5.46607e-05 0)
(-0.000424714 -5.61949e-05 0)
(-0.000364897 -5.75383e-05 0)
(-0.000304697 -5.86846e-05 0)
(-0.000244168 -5.9629e-05 0)
(-0.000183368 -6.03675e-05 0)
(-0.000122361 -6.08971e-05 0)
(-6.12157e-05 -6.12157e-05 0)
(-6.22337e-14 -6.13221e-05 0)
(6.12157e-05 -6.12157e-05 0)
(0.000122361 -6.08971e-05 0)
(0.000183368 -6.03675e-05 0)
(0.000244168 -5.9629e-05 0)
(0.000304697 -5.86846e-05 0)
(0.000364897 -5.75383e-05 0)
(0.000424714 -5.61949e-05 0)
(0.000484108 -5.46607e-05 0)
(0.000543051 -5.29441e-05 0)
(0.000601479 -5.10579e-05 0)
(-0.000602626 5.09171e-15 0)
(-0.000544064 4.54169e-15 0)
(-0.000484995 2.72576e-15 0)
(-0.000425481 -1.17674e-16 0)
(-0.000365548 -2.29262e-15 0)
(-0.000305236 -9.65935e-15 0)
(-0.000244596 -2.71666e-14 0)
(-0.000183688 -5.31029e-14 0)
(-0.000122574 -7.89904e-14 0)
(-6.13221e-05 -9.73648e-14 0)
(-8.08669e-14 -1.0722e-13 0)
(6.13221e-05 -1.13132e-13 0)
(0.000122574 -1.18708e-13 0)
(0.000183688 -1.21259e-13 0)
(0.000244596 -1.16177e-13 0)
(0.000305236 -1.03734e-13 0)
(0.000365548 -8.40403e-14 0)
(0.000425481 -5.67306e-14 0)
(0.000484995 -2.96837e-14 0)
(0.000544064 -1.11758e-14 0)
(0.000602626 8.24986e-16 0)
(-0.000601479 5.10579e-05 0)
(-0.000543051 5.29441e-05 0)
(-0.000484108 5.46607e-05 0)
(-0.000424714 5.61949e-05 0)
(-0.000364897 5.75383e-05 0)
(-0.000304697 5.86846e-05 0)
(-0.000244168 5.9629e-05 0)
(-0.000183368 6.03675e-05 0)
(-0.000122361 6.08971e-05 0)
(-6.12157e-05 6.12157e-05 0)
(-9.44007e-14 6.13221e-05 0)
(6.12157e-05 6.12157e-05 0)
(0.000122361 6.08971e-05 0)
(0.000183368 6.03675e-05 0)
(0.000244168 5.9629e-05 0)
(0.000304697 5.86846e-05 0)
(0.000364897 5.75383e-05 0)
(0.000424714 5.61949e-05 0)
(0.000484108 5.46607e-05 0)
(0.000543051 5.29441e-05 0)
(0.000601479 5.10579e-05 0)
(-0.000598051 0.00010201 0)
(-0.000540018 0.000105792 0)
(-0.000481454 0.000109232 0)
(-0.000422419 0.000112306 0)
(-0.000362947 0.000114996 0)
(-0.000303083 0.000117292 0)
(-0.000242883 0.000119183 0)
(-0.000182408 0.000120662 0)
(-0.000121723 0.000121723 0)
(-6.08971e-05 0.000122361 0)
(-1.05726e-13 0.000122574 0)
(6.08971e-05 0.000122361 0)
(0.000121723 0.000121723 0)
(0.000182408 0.000120662 0)
(0.000242883 0.000119183 0)
(0.000303083 0.000117292 0)
(0.000362947 0.000114996 0)
(0.000422419 0.000112306 0)
(0.000481454 0.000109232 0)
(0.000540018 0.000105792 0)
(0.000598051 0.00010201 0)
(-0.000592376 0.000152757 0)
(-0.000534994 0.000158451 0)
(-0.000477053 0.000163628 0)
(-0.00041861 0.000168249 0)
(-0.000359709 0.000172294 0)
(-0.000300402 0.000175746 0)
(-0.000240749 0.000178589 0)
(-0.000180813 0.000180813 0)
(-0.000120662 0.000182408 0)
(-6.03675e-05 0.000183368 0)
(-1.09558e-13 0.000183688 0)
(6.03675e-05 0.000183368 0)
(0.000120662 0.000182408 0)
(0.000180813 0.000180813 0)
(0.000240749 0.000178589 0)
(0.000300402 0.000175746 0)
(0.000359709 0.000172294 0)
(0.00041861 0.000168249 0)
(0.000477053 0.000163628 0)
(0.000534994 0.000158451 0)
(0.000592376 0.000152757 0)
(-0.000584512 0.000203205 0)
(-0.00052802 0.000210834 0)
(-0.000470934 0.000217763 0)
(-0.000413309 0.000223945 0)
(-0.0003552 0.000229355 0)
(-0.000296666 0.00023397 0)
(-0.000237774 0.000237774 0)
(-0.000178589 0.000240749 0)
(-0.000119183 0.000242883 0)
(-5.9629e-05 0.000244168 0)
(-1.00652e-13 0.000244596 0)
(5.9629e-05 0.000244168 0)
(0.000119183 0.000242883 0)
(0.000178589 0.000240749 0)
(0.000237774 0.000237774 0)
(0.000296666 0.00023397 0)
(0.0003552 0.000229355 0)
(0.000413309 0.000223945 0)
(0.000470934 0.000217763 0)
(0.00052802 0.000210834 0)
(0.000584512 0.000203205 0)
(-0.000574534 0.000253274 0)
(-0.000519153 0.00026286 0)
(-0.000463139 0.000271558 0)
(-0.000406546 0.000279315 0)
(-0.000349441 0.000286101 0)
(-0.000291893 0.000291893 0)
(-0.00023397 0.000296666 0)
(-0.000175746 0.000300402 0)
(-0.000117292 0.000303083 0)
(-5.86846e-05 0.000304697 0)
(-8.7985e-14 0.000305236 0)
(5.86846e-05 0.000304697 0)
(0.000117292 0.000303083 0)
(0.000175746 0.000300402 0)
(0.00023397 0.000296666 0)
(0.000291893 0.000291893 0)
(0.000349441 0.000286101 0)
(0.000406546 0.000279315 0)
(0.000463139 0.000271558 0)
(0.000519153 0.00026286 0)
(0.000574534 0.000253274 0)
(-0.000562529 0.000302897 0)
(-0.000508456 0.000314458 0)
(-0.000453713 0.000324939 0)
(-0.000398355 0.000334282 0)
(-0.000342459 0.000342459 0)
(-0.000286101 0.000349441 0)
(-0.000229355 0.0003552 0)
(-0.000172294 0.000359709 0)
(-0.000114996 0.000362947 0)
(-5.75383e-05 0.000364897 0)
(-6.98256e-14 0.000365548 0)
(5.75383e-05 0.000364897 0)
(0.000114996 0.000362947 0)
(0.000172294 0.000359709 0)
(0.000229355 0.0003552 0)
(0.000286101 0.000349441 0)
(0.000342459 0.000342459 0)
(0.000398355 0.000334282 0)
(0.000453713 0.000324939 0)
(0.000508456 0.000314458 0)
(0.000562529 0.000302897 0)
(-0.000548591 0.000352023 0)
(-0.000495999 0.000365564 0)
(-0.000442707 0.000377833 0)
(-0.000388772 0.000388772 0)
(-0.000334282 0.000398355 0)
(-0.000279315 0.000406546 0)
(-0.000223945 0.000413309 0)
(-0.000168249 0.00041861 0)
(-0.000112306 0.000422419 0)
(-5.61949e-05 0.000424714 0)
(-4.31375e-14 0.000425481 0)
(5.61949e-05 0.000424714 0)
(0.000112306 0.000422419 0)
(0.000168249 0.00041861 0)
(0.000223945 0.000413309 0)
(0.000279315 0.000406546 0)
(0.000334282 0.000398355 0)
(0.000388772 0.000388772 0)
(0.000442707 0.000377833 0)
(0.000495999 0.000365564 0)
(0.000548591 0.000352023 0)
(-0.000532813 0.000400612 0)
(-0.000481845 0.000416116 0)
(-0.000430163 0.000430163 0)
(-0.000377833 0.000442707 0)
(-0.000324939 0.000453713 0)
(-0.000271558 0.000463139 0)
(-0.000217763 0.000470934 0)
(-0.000163628 0.000477053 0)
(-0.000109232 0.000481454 0)
(-5.46607e-05 0.000484108 0)
(-1.17931e-14 0.000484995 0)
(5.46607e-05 0.000484108 0)
(0.000109232 0.000481454 0)
(0.000163628 0.000477053 0)
(0.000217763 0.000470934 0)
(0.000271558 0.000463139 0)
(0.000324939 0.000453713 0)
(0.000377833 0.000442707 0)
(0.000430163 0.000430163 0)
(0.000481845 0.000416116 0)
(0.000532813 0.000400612 0)
(-0.000515282 0.000448639 0)
(-0.000466045 0.000466045 0)
(-0.000416116 0.000481845 0)
(-0.000365564 0.000495999 0)
(-0.000314458 0.000508456 0)
(-0.00026286 0.000519153 0)
(-0.000210834 0.00052802 0)
(-0.000158451 0.000534994 0)
(-0.000105792 0.000540018 0)
(-5.29441e-05 0.000543051 0)
(1.7214e-14 0.000544064 0)
(5.29441e-05 0.000543051 0)
(0.000105792 0.000540018 0)
(0.000158451 0.000534994 0)
(0.000210834 0.00052802 0)
(0.00026286 0.000519153 0)
(0.000314458 0.000508456 0)
(0.000365564 0.000495999 0)
(0.000416116 0.000481845 0)
(0.000466045 0.000466045 0)
(0.000515282 0.000448639 0)
(-0.000496133 0.000496133 0)
(-0.000448639 0.000515282 0)
(-0.000400612 0.000532813 0)
(-0.000352023 0.000548591 0)
(-0.000302897 0.000562529 0)
(-0.000253274 0.000574534 0)
(-0.000203205 0.000584512 0)
(-0.000152757 0.000592376 0)
(-0.00010201 0.000598051 0)
(-5.10579e-05 0.000601479 0)
(3.56973e-14 0.000602626 0)
(5.10579e-05 0.000601479 0)
(0.00010201 0.000598051 0)
(0.000152757 0.000592376 0)
(0.000203205 0.000584512 0)
(0.000253274 0.000574534 0)
(0.000302897 0.000562529 0)
(0.000352023 0.000548591 0)
(0.000400612 0.000532813 0)
(0.000448639 0.000515282 0)
(0.000496133 0.000496133 0)
(-0.000496133 -0.000496133 0.0001)
(-0.000448639 -0.000515282 0.0001)
(-0.000400612 -0.000532813 0.0001)
(-0.000352023 -0.000548591 0.0001)
(-0.000302897 -0.000562529 0.0001)
(-0.000253274 -0.000574534 0.0001)
(-0.000203205 -0.000584512 0.0001)
(-0.000152757 -0.000592376 0.0001)
(-0.00010201 -0.000598051 0.0001)
(-5.10579e-05 -0.000601479 0.0001)
(1.67349e-14 -0.000602626 0.0001)
(5.10579e-05 -0.000601479 0.0001)
(0.00010201 -0.000598051 0.0001)
(0.000152757 -0.000592376 0.0001)
(0.000203205 -0.000584512 0.0001)
(0.000253274 -0.000574534 0.0001)
(0.000302897 -0.000562529 0.0001)
(0.000352023 -0.000548591 0.0001)
(0.000400612 -0.000532813 0.0001)
(0.000448639 -0.000515282 0.0001)
(0.000496133 -0.000496133 0.0001)
(-0.000515282 -0.000448639 0.0001)
(-0.000466045 -0.000466045 0.0001)
(-0.000416116 -0.000481845 0.0001)
(-0.000365564 -0.000495999 0.0001)
(-0.000314458 -0.000508456 0.0001)
(-0.00026286 -0.000519153 0.0001)
(-0.000210834 -0.00052802 0.0001)
(-0.000158451 -0.000534994 0.0001)
(-0.000105792 -0.000540018 0.0001)
(-5.29441e-05 -0.000543051 0.0001)
(1.40451e-14 -0.000544064 0.0001)
(5.29441e-05 -0.000543051 0.0001)
(0.000105792 -0.000540018 0.0001)
(0.000158451 -0.000534994 0.0001)
(0.000210834 -0.00052802 0.0001)
(0.00026286 -0.000519153 0.0001)
(0.000314458 -0.000508456 0.0001)
(0.000365564 -0.000495999 0.0001)
(0.000416116 -0.000481845 0.0001)
(0.000466045 -0.000466045 0.0001)
(0.000515282 -0.000448639 0.0001)
(-0.000532813 -0.000400612 0.0001)
(-0.000481845 -0.000416116 0.0001)
(-0.000430163 -0.000430163 0.0001)
(-0.000377833 -0.000442707 0.0001)
(-0.000324939 -0.000453713 0.0001)
(-0.000271558 -0.000463139 0.0001)
(-0.000217763 -0.000470934 0.0001)
(-0.000163628 -0.000477053 0.0001)
(-0.000109232 -0.000481454 0.0001)
(-5.46607e-05 -0.000484108 0.0001)
(1.61137e-14 -0.000484995 0.0001)
(5.46607e-05 -0.000484108 0.0001)
(0.000109232 -0.000481454 0.0001)
(0.000163628 -0.000477053 0.0001)
(0.000217763 -0.000470934 0.0001)
(0.000271558 -0.000463139 0.0001)
(0.000324939 -0.000453713 0.0001)
(0.000377833 -0.000442707 0.0001)
(0.000430163 -0.000430163 0.0001)
(0.000481845 -0.000416116 0.0001)
(0.000532813 -0.000400612 0.0001)
(-0.000548591 -0.000352023 0.0001)
(-0.000495999 -0.000365564 0.0001)
(-0.000442707 -0.000377833 0.0001)
(-0.000388772 -0.000388772 0.0001)
(-0.000334282 -0.000398355 0.0001)
(-0.000279315 -0.000406546 0.0001)
(-0.000223945 -0.000413309 0.0001)
(-0.000168249 -0.00041861 0.0001)
(-0.000112306 -0.000422419 0.0001)
(-5.61949e-05 -0.000424714 0.0001)
(1.64065e-14 -0.000425481 0.0001)
(5.61949e-05 -0.000424714 0.0001)
(0.000112306 -0.000422419 0.0001)
(0.000168249 -0.00041861 0.0001)
(0.000223945 -0.000413309 0.0001)
(0.000279315 -0.000406546 0.0001)
(0.000334282 -0.000398355 0.0001)
(0.000388772 -0.000388772 0.0001)
(0.000442707 -0.000377833 0.0001)
(0.000495999 -0.000365564 0.0001)
(0.000548591 -0.000352023 0.0001)
(-0.000562529 -0.000302897 0.0001)
(-0.000508456 -0.000314458 0.0001)
(-0.000453713 -0.000324939 0.0001)
(-0.000398355 -0.000334282 0.0001)
(-0.000342459 -0.000342459 0.0001)
(-0.000286101 -0.000349441 0.0001)
(-0.000229355 -0.0003552 0.0001)
(-0.000172294 -0.000359709 0.0001)
(-0.000114996 -0.000362947 0.0001)
(-5.75383e-05 -0.000364897 0.0001)
(1.16512e-14 -0.000365548 0.0001)
(5.75383e-05 -0.000364897 0.0001)
(0.000114996 -0.000362947 0.0001)
(0.000172294 -0.000359709 0.0001)
(0.000229355 -0.0003552 0.0001)
(0.000286101 -0.000349441 0.0001)
(0.000342459 -0.000342459 0.0001)
(0.000398355 -0.000334282 0.0001)
(0.000453713 -0.000324939 0.0001)
(0.000508456 -0.000314458 0.0001)
(0.000562529 -0.000302897 0.0001)
(-0.000574534 -0.000253274 0.0001)
(-0.000519153 -0.00026286 0.0001)
(-0.000463139 -0.000271558 0.0001)
(-0.000406546 -0.000279315 0.0001)
(-0.000349441 -0.000286101 0.0001)
(-0.000291893 -0.000291893 0.0001)
(-0.00023397 -0.000296666 0.0001)
(-0.000175746 -0.000300402 0.0001)
(-0.000117292 -0.000303083 0.0001)
(-5.86846e-05 -0.000304697 0.0001)
(4.31812e-15 -0.000305236 0.0001)
(5.86846e-05 -0.000304697 0.0001)
(0.000117292 -0.000303083 0.0001)
(0.000175746 -0.000300402 0.0001)
(0.00023397 -0.000296666 0.0001)
(0.000291893 -0.000291893 0.0001)
(0.000349441 -0.000286101 0.0001)
(0.000406546 -0.000279315 0.0001)
(0.000463139 -0.000271558 0.0001)
(0.000519153 -0.00026286 0.0001)
(0.000574534 -0.000253274 0.0001)
(-0.000584512 -0.000203205 0.0001)
(-0.00052802 -0.000210834 0.0001)
(-0.000470934 -0.000217763 0.0001)
(-0.000413309 -0.000223945 0.0001)
(-0.0003552 -0.000229355 0.0001)
(-0.000296666 -0.00023397 0.0001)
(-0.000237774 -0.000237774 0.0001)
(-0.000178589 -0.000240749 0.0001)
(-0.000119183 -0.000242883 0.0001)
(-5.9629e-05 -0.000244168 0.0001)
(-5.86314e-15 -0.000244596 0.0001)
(5.9629e-05 -0.000244168 0.0001)
(0.000119183 -0.000242883 0.0001)
(0.000178589 -0.000240749 0.0001)
(0.000237774 -0.000237774 0.0001)
(0.000296666 -0.00023397 0.0001)
(0.0003552 -0.000229355 0.0001)
(0.000413309 -0.000223945 0.0001)
(0.000470934 -0.000217763 0.0001)
(0.00052802 -0.000210834 0.0001)
(0.000584512 -0.000203205 0.0001)
(-0.000592376 -0.000152757 0.0001)
(-0.000534994 -0.000158451 0.0001)
(-0.000477053 -0.000163628 0.0001)
(-0.00041861 -0.000168249 0.0001)
(-0.000359709 -0.000172294 0.0001)
(-0.000300402 -0.000175746 0.0001)
(-0.000240749 -0.000178589 0.0001)
(-0.000180813 -0.000180813 0.0001)
(-0.000120662 -0.000182408 0.0001)
(-6.03675e-05 -0.000183368 0.0001)
(-2.28706e-14 -0.000183688 0.0001)
(6.03675e-05 -0.000183368 0.0001)
(0.000120662 -0.000182408 0.0001)
(0.000180813 -0.000180813 0.0001)
(0.000240749 -0.000178589 0.0001)
(0.000300402 -0.000175746 0.0001)
(0.000359709 -0.000172294 0.0001)
(0.00041861 -0.000168249 0.0001)
(0.000477053 -0.000163628 0.0001)
(0.000534994 -0.000158451 0.0001)
(0.000592376 -0.000152757 0.0001)
(-0.000598051 -0.00010201 0.0001)
(-0.000540018 -0.000105792 0.0001)
(-0.000481454 -0.000109232 0.0001)
(-0.000422419 -0.000112306 0.0001)
(-0.000362947 -0.000114996 0.0001)
(-0.000303083 -0.000117292 0.0001)
(-0.000242883 -0.000119183 0.0001)
(-0.000182408 -0.000120662 0.0001)
(-0.000121723 -0.000121723 0.0001)
(-6.08971e-05 -0.000122361 0.0001)
(-4.29958e-14 -0.000122574 0.0001)
(6.08971e-05 -0.000122361 0.0001)
(0.000121723 -0.000121723 0.0001)
(0.000182408 -0.000120662 0.0001)
(0.000242883 -0.000119183 0.0001)
(0.000303083 -0.000117292 0.0001)
(0.000362947 -0.000114996 0.0001)
(0.000422419 -0.000112306 0.0001)
(0.000481454 -0.000109232 0.0001)
(0.000540018 -0.000105792 0.0001)
(0.000598051 -0.00010201 0.0001)
(-0.000601479 -5.10579e-05 0.0001)
(-0.000543051 -5.29441e-05 0.0001)
(-0.000484108 -5.46607e-05 0.0001)
(-0.000424714 -5.61949e-05 0.0001)
(-0.000364897 -5.75383e-05 0.0001)
(-0.000304697 -5.86846e-05 0.0001)
(-0.000244168 -5.9629e-05 0.0001)
(-0.000183368 -6.03675e-05 0.0001)
(-0.000122361 -6.08971e-05 0.0001)
(-6.12157e-05 -6.12157e-05 0.0001)
(-6.22337e-14 -6.13221e-05 0.0001)
(6.12157e-05 -6.12157e-05 0.0001)
(0.000122361 -6.08971e-05 0.0001)
(0.000183368 -6.03675e-05 0.0001)
(0.000244168 -5.9629e-05 0.0001)
(0.000304697 -5.86846e-05 0.0001)
(0.000364897 -5.75383e-05 0.0001)
(0.000424714 -5.61949e-05 0.0001)
(0.000484108 -5.46607e-05 0.0001)
(0.000543051 -5.29441e-05 0.0001)
(0.000601479 -5.10579e-05 0.0001)
(-0.000602626 5.09171e-15 0.0001)
(-0.000544064 4.54169e-15 0.0001)
(-0.000484995 2.72576e-15 0.0001)
(-0.000425481 -1.17674e-16 0.0001)
(-0.000365548 -2.29262e-15 0.0001)
(-0.000305236 -9.65935e-15 0.0001)
(-0.000244596 -2.71666e-14 0.0001)
(-0.000183688 -5.31029e-14 0.0001)
(-0.000122574 -7.89904e-14 0.0001)
(-6.13221e-05 -9.73648e-14 0.0001)
(-8.08669e-14 -1.0722e-13 0.0001)
(6.13221e-05 -1.13132e-13 0.0001)
(0.000122574 -1.18708e-13 0.0001)
(0.000183688 -1.21259e-13 0.0001)
(0.000244596 -1.16177e-13 0.0001)
(0.000305236 -1.03734e-13 0.0001)
(0.000365548 -8.40403e-14 0.0001)
(0.000425481 -5.67306e-14 0.0001)
(0.000484995 -2.96837e-14 0.0001)
(0.000544064 -1.11758e-14 0.0001)
(0.000602626 8.24986e-16 0.0001)
(-0.000601479 5.10579e-05 0.0001)
(-0.000543051 5.29441e-05 0.0001)
(-0.000484108 5.46607e-05 0.0001)
(-0.000424714 5.61949e-05 0.0001)
(-0.000364897 5.75383e-05 0.0001)
(-0.000304697 5.86846e-05 0.0001)
(-0.000244168 5.9629e-05 0.0001)
(-0.000183368 6.03675e-05 0.0001)
(-0.000122361 6.08971e-05 0.0001)
(-6.12157e-05 6.12157e-05 0.0001)
(-9.44007e-14 6.13221e-05 0.0001)
(6.12157e-05 6.12157e-05 0.0001)
(0.000122361 6.08971e-05 0.0001)
(0.000183368 6.03675e-05 0.0001)
(0.000244168 5.9629e-05 0.0001)
(0.000304697 5.86846e-05 0.0001)
(0.000364897 5.75383e-05 0.0001)
(0.000424714 5.61949e-05 0.0001)
(0.000484108 5.46607e-05 0.0001)
(0.000543051 5.29441e-05 0.0001)
(0.000601479 5.10579e-05 0.0001)
(-0.000598051 0.00010201 0.0001)
(-0.000540018 0.000105792 0.0001)
(-0.000481454 0.000109232 0.0001)
(-0.000422419 0.000112306 0.0001)
(-0.000362947 0.000114996 0.0001)
(-0.000303083 0.000117292 0.0001)
(-0.000242883 0.000119183 0.0001)
(-0.000182408 0.000120662 0.0001)
(-0.000121723 0.000121723 0.0001)
(-6.08971e-05 0.000122361 0.0001)
(-1.05726e-13 0.000122574 0.0001)
(6.08971e-05 0.000122361 0.0001)
(0.000121723 0.000121723 0.0001)
(0.000182408 0.000120662 0.0001)
(0.000242883 0.000119183 0.0001)
(0.000303083 0.000117292 0.0001)
(0.000362947 0.000114996 0.0001)
(0.000422419 0.000112306 0.0001)
(0.000481454 0.000109232 0.0001)
(0.000540018 0.000105792 0.0001)
(0.000598051 0.00010201 0.0001)
(-0.000592376 0.000152757 0.0001)
(-0.000534994 0.000158451 0.0001)
(-0.000477053 0.000163628 0.0001)
(-0.00041861 0.000168249 0.0001)
(-0.000359709 0.000172294 0.0001)
(-0.000300402 0.000175746 0.0001)
(-0.000240749 0.000178589 0.0001)
(-0.000180813 0.000180813 0.0001)
(-0.000120662 0.000182408 0.0001)
(-6.03675e-05 0.000183368 0.0001)
(-1.09558e-13 0.000183688 0.0001)
(6.03675e-05 0.000183368 0.0001)
(0.000120662 0.000182408 0.0001)
(0.000180813 0.000180813 0.0001)
(0.000240749 0.000178589 0.0001)
(0.000300402 0.000175746 0.0001)
(0.000359709 0.000172294 0.0001)
(0.00041861 0.000168249 0.0001)
(0.000477053 0.000163628 0.0001)
(0.000534994 0.000158451 0.0001)
(0.000592376 0.000152757 0.0001)
(-0.000584512 0.000203205 0.0001)
(-0.00052802 0.000210834 0.0001)
(-0.000470934 0.000217763 0.0001)
(-0.000413309 0.000223945 0.0001)
(-0.0003552 0.000229355 0.0001)
(-0.000296666 0.00023397 0.0001)
(-0.000237774 0.000237774 0.0001)
(-0.000178589 0.000240749 0.0001)
(-0.000119183 0.000242883 0.0001)
(-5.9629e-05 0.000244168 0.0001)
(-1.00652e-13 0.000244596 0.0001)
(5.9629e-05 0.000244168 0.0001)
(0.000119183 0.000242883 0.0001)
(0.000178589 0.000240749 0.0001)
(0.000237774 0.000237774 0.0001)
(0.000296666 0.00023397 0.0001)
(0.0003552 0.000229355 0.0001)
(0.000413309 0.000223945 0.0001)
(0.000470934 0.000217763 0.0001)
(0.00052802 0.000210834 0.0001)
(0.000584512 0.000203205 0.0001)
(-0.000574534 0.000253274 0.0001)
(-0.000519153 0.00026286 0.0001)
(-0.000463139 0.000271558 0.0001)
(-0.000406546 0.000279315 0.0001)
(-0.000349441 0.000286101 0.0001)
(-0.000291893 0.000291893 0.0001)
(-0.00023397 0.000296666 0.0001)
(-0.000175746 0.000300402 0.0001)
(-0.000117292 0.000303083 0.0001)
(-5.86846e-05 0.000304697 0.0001)
(-8.7985e-14 0.000305236 0.0001)
(5.86846e-05 0.000304697 0.0001)
(0.000117292 0.000303083 0.0001)
(0.000175746 0.000300402 0.0001)
(0.00023397 0.000296666 0.0001)
(0.000291893 0.000291893 0.0001)
(0.000349441 0.000286101 0.0001)
(0.000406546 0.000279315 0.0001)
(0.000463139 0.000271558 0.0001)
(0.000519153 0.00026286 0.0001)
(0.000574534 0.000253274 0.0001)
(-0.000562529 0.000302897 0.0001)
(-0.000508456 0.000314458 0.0001)
(-0.000453713 0.000324939 0.0001)
(-0.000398355 0.000334282 0.0001)
(-0.000342459 0.000342459 0.0001)
(-0.000286101 0.000349441 0.0001)
(-0.000229355 0.0003552 0.0001)
(-0.000172294 0.000359709 0.0001)
(-0.000114996 0.000362947 0.0001)
(-5.75383e-05 0.000364897 0.0001)
(-6.98256e-14 0.000365548 0.0001)
(5.75383e-05 0.000364897 0.0001)
(0.000114996 0.000362947 0.0001)
(0.000172294 0.000359709 0.0001)
(0.000229355 0.0003552 0.0001)
(0.000286101 0.000349441 0.0001)
(0.000342459 0.000342459 0.0001)
(0.000398355 0.000334282 0.0001)
(0.000453713 0.000324939 0.0001)
(0.000508456 0.000314458 0.0001)
(0.000562529 0.000302897 0.0001)
(-0.000548591 0.000352023 0.0001)
(-0.000495999 0.000365564 0.0001)
(-0.000442707 0.000377833 0.0001)
(-0.000388772 0.000388772 0.0001)
(-0.000334282 0.000398355 0.0001)
(-0.000279315 0.000406546 0.0001)
(-0.000223945 0.000413309 0.0001)
(-0.000168249 0.00041861 0.0001)
(-0.000112306 0.000422419 0.0001)
(-5.61949e-05 0.000424714 0.0001)
(-4.31375e-14 0.000425481 0.0001)
(5.61949e-05 0.000424714 0.0001)
(0.000112306 0.000422419 0.0001)
(0.000168249 0.00041861 0.0001)
(0.000223945 0.000413309 0.0001)
(0.000279315 0.000406546 0.0001)
(0.000334282 0.000398355 0.0001)
(0.000388772 0.000388772 0.0001)
(0.000442707 0.000377833 0.0001)
(0.000495999 0.000365564 0.0001)
(0.000548591 0.000352023 0.0001)
(-0.000532813 0.000400612 0.0001)
(-0.000481845 0.000416116 0.0001)
(-0.000430163 0.000430163 0.0001)
(-0.000377833 0.000442707 0.0001)
(-0.000324939 0.000453713 0.0001)
(-0.000271558 0.000463139 0.0001)
(-0.000217763 0.000470934 0.0001)
(-0.000163628 0.000477053 0.0001)
(-0.000109232 0.000481454 0.0001)
(-5.46607e-05 0.000484108 0.0001)
(-1.17931e-14 0.000484995 0.0001)
(5.46607e-05 0.000484108 0.0001)
(0.000109232 0.000481454 0.0001)
(0.000163628 0.000477053 0.0001)
(0.000217763 0.000470934 0.0001)
(0.000271558 0.000463139 0.0001)
(0.000324939 0.000453713 0.0001)
(0.000377833 0.000442707 0.0001)
(0.000430163 0.000430163 0.0001)
(0.000481845 0.000416116 0.0001)
(0.000532813 0.000400612 0.0001)
(-0.000515282 0.000448639 0.0001)
(-0.000466045 0.000466045 0.0001)
(-0.000416116 0.000481845 0.0001)
(-0.000365564 0.000495999 0.0001)
(-0.000314458 0.000508456 0.0001)
(-0.00026286 0.000519153 0.0001)
(-0.000210834 0.00052802 0.0001)
(-0.000158451 0.000534994 0.0001)
(-0.000105792 0.000540018 0.0001)
(-5.29441e-05 0.000543051 0.0001)
(1.7214e-14 0.000544064 0.0001)
(5.29441e-05 0.000543051 0.0001)
(0.000105792 0.000540018 0.0001)
(0.000158451 0.000534994 0.0001)
(0.000210834 0.00052802 0.0001)
(0.00026286 0.000519153 0.0001)
(0.000314458 0.000508456 0.0001)
(0.000365564 0.000495999 0.0001)
(0.000416116 0.000481845 0.0001)
(0.000466045 0.000466045 0.0001)
(0.000515282 0.000448639 0.0001)
(-0.000496133 0.000496133 0.0001)
(-0.000448639 0.000515282 0.0001)
(-0.000400612 0.000532813 0.0001)
(-0.000352023 0.000548591 0.0001)
(-0.000302897 0.000562529 0.0001)
(-0.000253274 0.000574534 0.0001)
(-0.000203205 0.000584512 0.0001)
(-0.000152757 0.000592376 0.0001)
(-0.00010201 0.000598051 0.0001)
(-5.10579e-05 0.000601479 0.0001)
(3.56973e-14 0.000602626 0.0001)
(5.10579e-05 0.000601479 0.0001)
(0.00010201 0.000598051 0.0001)
(0.000152757 0.000592376 0.0001)
(0.000203205 0.000584512 0.0001)
(0.000253274 0.000574534 0.0001)
(0.000302897 0.000562529 0.0001)
(0.000352023 0.000548591 0.0001)
(0.000400612 0.000532813 0.0001)
(0.000448639 0.000515282 0.0001)
(0.000496133 0.000496133 0.0001)
(0.000516459 -0.000516459 0)
(0.000536632 -0.000536632 0)
(0.000556683 -0.000556683 0)
(0.000576612 -0.000576612 0)
(0.000596415 -0.000596415 0)
(0.000616087 -0.000616087 0)
(0.000635623 -0.000635623 0)
(0.000655018 -0.000655018 0)
(0.000674265 -0.000674265 0)
(0.000692965 -0.000692965 0)
(0.000538985 -0.000467895 0)
(0.000562612 -0.000487111 0)
(0.000586112 -0.000506238 0)
(0.000609478 -0.000525275 0)
(0.000632703 -0.000544218 0)
(0.000655778 -0.000563064 0)
(0.000678693 -0.000581808 0)
(0.000701441 -0.000600446 0)
(0.000724013 -0.000618972 0)
(0.000745942 -0.000637095 0)
(0.000559722 -0.000418577 0)
(0.000586586 -0.00043655 0)
(0.000613339 -0.000454475 0)
(0.000639968 -0.00047235 0)
(0.00066646 -0.000490173 0)
(0.000692802 -0.000507941 0)
(0.000718978 -0.000525652 0)
(0.000744973 -0.000543302 0)
(0.000770775 -0.00056089 0)
(0.000795927 -0.000578275 0)
(0.000578494 -0.000368458 0)
(0.000608369 -0.000384925 0)
(0.000638157 -0.000401379 0)
(0.000667845 -0.000417822 0)
(0.000697419 -0.000434255 0)
(0.000726861 -0.00045068 0)
(0.000756155 -0.000467097 0)
(0.000785281 -0.00048351 0)
(0.000814221 -0.000499918 0)
(0.000842617 -0.000516356 0)
(0.000595156 -0.000317553 0)
(0.000627769 -0.000332254 0)
(0.000660332 -0.000346972 0)
(0.000692833 -0.000361713 0)
(0.000725258 -0.000376482 0)
(0.000757594 -0.000391286 0)
(0.000789825 -0.000406134 0)
(0.000821931 -0.000421032 0)
(0.000853893 -0.000435991 0)
(0.0008855 -0.000451185 0)
(0.000609563 -0.00026591 0)
(0.000644597 -0.000278598 0)
(0.000679623 -0.000291325 0)
(0.000714637 -0.000304099 0)
(0.00074963 -0.000316932 0)
(0.000784593 -0.000329834 0)
(0.000819516 -0.000342819 0)
(0.000854386 -0.000355903 0)
(0.000889188 -0.000369102 0)
(0.00092388 -0.000382683 0)
(0.000621576 -0.000213602 0)
(0.000658665 -0.000224053 0)
(0.000695795 -0.000234553 0)
(0.000732966 -0.000245115 0)
(0.000770179 -0.00025575 0)
(0.000807432 -0.000266475 0)
(0.000844724 -0.000277306 0)
(0.000882054 -0.000288264 0)
(0.000919414 -0.000299369 0)
(0.000956934 -0.000310927 0)
(0.000631069 -0.000160729 0)
(0.000669806 -0.000168749 0)
(0.00070863 -0.000176818 0)
(0.000747548 -0.000184949 0)
(0.000786568 -0.000193155 0)
(0.0008257 -0.00020145 0)
(0.000864954 -0.000209854 0)
(0.000904338 -0.000218386 0)
(0.00094386 -0.000227069 0)
(0.000983801 -0.00023619 0)
(0.000637932 -0.00010741 0)
(0.000677874 -0.000112846 0)
(0.000717941 -0.000118321 0)
(0.000758146 -0.000123845 0)
(0.000798506 -0.00012943 0)
(0.000839037 -0.000135087 0)
(0.000879761 -0.000140831 0)
(0.000920696 -0.000146679 0)
(0.000961867 -0.000152652 0)
(0.00100367 -0.000158966 0)
(0.000642085 -5.37838e-05 0)
(0.000682761 -5.65285e-05 0)
(0.000723587 -5.92955e-05 0)
(0.000764581 -6.20898e-05 0)
(0.000805764 -6.49173e-05 0)
(0.00084716 -6.77852e-05 0)
(0.000888795 -7.07016e-05 0)
(0.000930698 -7.36763e-05 0)
(0.000972904 -7.67203e-05 0)
(0.00101588 -7.99515e-05 0)
(0.000643474 8.26234e-15 0)
(0.000684397 1.01428e-14 0)
(0.000725479 8.26328e-15 0)
(0.000766739 3.05624e-15 0)
(0.0008082 -3.17989e-15 0)
(0.000849888 -5.82526e-15 0)
(0.000891832 -5.84766e-15 0)
(0.000934064 -5.69031e-15 0)
(0.000976622 -3.94233e-15 0)
(0.00102 5.66214e-20 0)
(0.000642085 5.37838e-05 0)
(0.000682761 5.65285e-05 0)
(0.000723587 5.92955e-05 0)
(0.000764581 6.20898e-05 0)
(0.000805764 6.49173e-05 0)
(0.00084716 6.77852e-05 0)
(0.000888795 7.07016e-05 0)
(0.000930698 7.36763e-05 0)
(0.000972904 7.67203e-05 0)
(0.00101588 7.99515e-05 0)
(0.000637932 0.00010741 0)
(0.000677874 0.000112846 0)
(0.000717941 0.000118321 0)
(0.000758146 0.000123845 0)
(0.000798506 0.00012943 0)
(0.000839037 0.000135087 0)
(0.000879761 0.000140831 0)
(0.000920696 0.000146679 0)
(0.000961867 0.000152652 0)
(0.00100367 0.000158966 0)
(0.000631069 0.000160729 0)
(0.000669806 0.000168749 0)
(0.00070863 0.000176818 0)
(0.000747548 0.000184949 0)
(0.000786568 0.000193155 0)
(0.0008257 0.00020145 0)
(0.000864954 0.000209854 0)
(0.000904338 0.000218386 0)
(0.00094386 0.000227069 0)
(0.000983801 0.00023619 0)
(0.000621576 0.000213602 0)
(0.000658665 0.000224053 0)
(0.000695795 0.000234553 0)
(0.000732966 0.000245115 0)
(0.000770179 0.00025575 0)
(0.000807432 0.000266475 0)
(0.000844724 0.000277306 0)
(0.000882054 0.000288264 0)
(0.000919414 0.000299369 0)
(0.000956934 0.000310927 0)
(0.000609563 0.00026591 0)
(0.000644597 0.000278598 0)
(0.000679623 0.000291325 0)
(0.000714637 0.000304099 0)
(0.00074963 0.000316932 0)
(0.000784593 0.000329834 0)
(0.000819516 0.000342819 0)
(0.000854386 0.000355903 0)
(0.000889188 0.000369102 0)
(0.00092388 0.000382683 0)
(0.000595156 0.000317553 0)
(0.000627769 0.000332254 0)
(0.000660332 0.000346972 0)
(0.000692833 0.000361713 0)
(0.000725258 0.000376482 0)
(0.000757594 0.000391286 0)
(0.000789825 0.000406134 0)
(0.000821931 0.000421032 0)
(0.000853893 0.000435991 0)
(0.0008855 0.000451185 0)
(0.000578494 0.000368458 0)
(0.000608369 0.000384925 0)
(0.000638157 0.000401379 0)
(0.000667845 0.000417822 0)
(0.000697419 0.000434255 0)
(0.000726861 0.00045068 0)
(0.000756155 0.000467097 0)
(0.000785281 0.00048351 0)
(0.000814221 0.000499918 0)
(0.000842617 0.000516356 0)
(0.000559722 0.000418577 0)
(0.000586586 0.00043655 0)
(0.000613339 0.000454475 0)
(0.000639968 0.00047235 0)
(0.00066646 0.000490173 0)
(0.000692802 0.000507941 0)
(0.000718978 0.000525652 0)
(0.000744973 0.000543302 0)
(0.000770775 0.00056089 0)
(0.000795927 0.000578275 0)
(0.000538985 0.000467895 0)
(0.000562612 0.000487111 0)
(0.000586112 0.000506238 0)
(0.000609478 0.000525275 0)
(0.000632703 0.000544218 0)
(0.000655778 0.000563064 0)
(0.000678693 0.000581808 0)
(0.000701441 0.000600446 0)
(0.000724013 0.000618972 0)
(0.000745942 0.000637095 0)
(0.000516459 0.000516459 0)
(0.000536632 0.000536632 0)
(0.000556683 0.000556683 0)
(0.000576612 0.000576612 0)
(0.000596415 0.000596415 0)
(0.000616087 0.000616087 0)
(0.000635623 0.000635623 0)
(0.000655018 0.000655018 0)
(0.000674265 0.000674265 0)
(0.000692965 0.000692965 0)
(0.000516459 -0.000516459 0.0001)
(0.000536632 -0.000536632 0.0001)
(0.000556683 -0.000556683 0.0001)
(0.000576612 -0.000576612 0.0001)
(0.000596415 -0.000596415 0.0001)
(0.000616087 -0.000616087 0.0001)
(0.000635623 -0.000635623 0.0001)
(0.000655018 -0.000655018 0.0001)
(0.000674265 -0.000674265 0.0001)
(0.000692965 -0.000692965 0.0001)
(0.000538985 -0.000467895 0.0001)
(0.000562612 -0.000487111 0.0001)
(0.000586112 -0.000506238 0.0001)
(0.000609478 -0.000525275 0.0001)
(0.000632703 -0.000544218 0.0001)
(0.000655778 -0.000563064 0.0001)
(0.000678693 -0.000581808 0.0001)
(0.000701441 -0.000600446 0.0001)
(0.000724013 -0.000618972 0.0001)
(0.000745942 -0.000637095 0.0001)
(0.000559722 -0.000418577 0.0001)
(0.000586586 -0.00043655 0.0001)
(0.000613339 -0.000454475 0.0001)
(0.000639968 -0.00047235 0.0001)
(0.00066646 -0.000490173 0.0001)
(0.000692802 -0.000507941 0.0001)
(0.000718978 -0.000525652 0.0001)
(0.000744973 -0.000543302 0.0001)
(0.000770775 -0.00056089 0.0001)
(0.000795927 -0.000578275 0.0001)
(0.000578494 -0.000368458 0.0001)
(0.000608369 -0.000384925 0.0001)
(0.000638157 -0.000401379 0.0001)
(0.000667845 -0.000417822 0.0001)
(0.000697419 -0.000434255 0.0001)
(0.000726861 -0.00045068 0.0001)
(0.000756155 -0.000467097 0.0001)
(0.000785281 -0.00048351 0.0001)
(0.000814221 -0.000499918 0.0001)
(0.000842617 -0.000516356 0.0001)
(0.000595156 -0.000317553 0.0001)
(0.000627769 -0.000332254 0.0001)
(0.000660332 -0.000346972 0.0001)
(0.000692833 -0.000361713 0.0001)
(0.000725258 -0.000376482 0.0001)
(0.000757594 -0.000391286 0.0001)
(0.000789825 -0.000406134 0.0001)
(0.000821931 -0.000421032 0.0001)
(0.000853893 -0.000435991 0.0001)
(0.0008855 -0.000451185 0.0001)
(0.000609563 -0.00026591 0.0001)
(0.000644597 -0.000278598 0.0001)
(0.000679623 -0.000291325 0.0001)
(0.000714637 -0.000304099 0.0001)
(0.00074963 -0.000316932 0.0001)
(0.000784593 -0.000329834 0.0001)
(0.000819516 -0.000342819 0.0001)
(0.000854386 -0.000355903 0.0001)
(0.000889188 -0.000369102 0.0001)
(0.00092388 -0.000382683 0.0001)
(0.000621576 -0.000213602 0.0001)
(0.000658665 -0.000224053 0.0001)
(0.000695795 -0.000234553 0.0001)
(0.000732966 -0.000245115 0.0001)
(0.000770179 -0.00025575 0.0001)
(0.000807432 -0.000266475 0.0001)
(0.000844724 -0.000277306 0.0001)
(0.000882054 -0.000288264 0.0001)
(0.000919414 -0.000299369 0.0001)
(0.000956934 -0.000310927 0.0001)
(0.000631069 -0.000160729 0.0001)
(0.000669806 -0.000168749 0.0001)
(0.00070863 -0.000176818 0.0001)
(0.000747548 -0.000184949 0.0001)
(0.000786568 -0.000193155 0.0001)
(0.0008257 -0.00020145 0.0001)
(0.000864954 -0.000209854 0.0001)
(0.000904338 -0.000218386 0.0001)
(0.00094386 -0.000227069 0.0001)
(0.000983801 -0.00023619 0.0001)
(0.000637932 -0.00010741 0.0001)
(0.000677874 -0.000112846 0.0001)
(0.000717941 -0.000118321 0.0001)
(0.000758146 -0.000123845 0.0001)
(0.000798506 -0.00012943 0.0001)
(0.000839037 -0.000135087 0.0001)
(0.000879761 -0.000140831 0.0001)
(0.000920696 -0.000146679 0.0001)
(0.000961867 -0.000152652 0.0001)
(0.00100367 -0.000158966 0.0001)
(0.000642085 -5.37838e-05 0.0001)
(0.000682761 -5.65285e-05 0.0001)
(0.000723587 -5.92955e-05 0.0001)
(0.000764581 -6.20898e-05 0.0001)
(0.000805764 -6.49173e-05 0.0001)
(0.00084716 -6.77852e-05 0.0001)
(0.000888795 -7.07016e-05 0.0001)
(0.000930698 -7.36763e-05 0.0001)
(0.000972904 -7.67203e-05 0.0001)
(0.00101588 -7.99515e-05 0.0001)
(0.000643474 8.26234e-15 0.0001)
(0.000684397 1.01428e-14 0.0001)
(0.000725479 8.26328e-15 0.0001)
(0.000766739 3.05624e-15 0.0001)
(0.0008082 -3.17989e-15 0.0001)
(0.000849888 -5.82526e-15 0.0001)
(0.000891832 -5.84766e-15 0.0001)
(0.000934064 -5.69031e-15 0.0001)
(0.000976622 -3.94233e-15 0.0001)
(0.00102 5.66214e-20 0.0001)
(0.000642085 5.37838e-05 0.0001)
(0.000682761 5.65285e-05 0.0001)
(0.000723587 5.92955e-05 0.0001)
(0.000764581 6.20898e-05 0.0001)
(0.000805764 6.49173e-05 0.0001)
(0.00084716 6.77852e-05 0.0001)
(0.000888795 7.07016e-05 0.0001)
(0.000930698 7.36763e-05 0.0001)
(0.000972904 7.67203e-05 0.0001)
(0.00101588 7.99515e-05 0.0001)
(0.000637932 0.00010741 0.0001)
(0.000677874 0.000112846 0.0001)
(0.000717941 0.000118321 0.0001)
(0.000758146 0.000123845 0.0001)
(0.000798506 0.00012943 0.0001)
(0.000839037 0.000135087 0.0001)
(0.000879761 0.000140831 0.0001)
(0.000920696 0.000146679 0.0001)
(0.000961867 0.000152652 0.0001)
(0.00100367 0.000158966 0.0001)
(0.000631069 0.000160729 0.0001)
(0.000669806 0.000168749 0.0001)
(0.00070863 0.000176818 0.0001)
(0.000747548 0.000184949 0.0001)
(0.000786568 0.000193155 0.0001)
(0.0008257 0.00020145 0.0001)
(0.000864954 0.000209854 0.0001)
(0.000904338 0.000218386 0.0001)
(0.00094386 0.000227069 0.0001)
(0.000983801 0.00023619 0.0001)
(0.000621576 0.000213602 0.0001)
(0.000658665 0.000224053 0.0001)
(0.000695795 0.000234553 0.0001)
(0.000732966 0.000245115 0.0001)
(0.000770179 0.00025575 0.0001)
(0.000807432 0.000266475 0.0001)
(0.000844724 0.000277306 0.0001)
(0.000882054 0.000288264 0.0001)
(0.000919414 0.000299369 0.0001)
(0.000956934 0.000310927 0.0001)
(0.000609563 0.00026591 0.0001)
(0.000644597 0.000278598 0.0001)
(0.000679623 0.000291325 0.0001)
(0.000714637 0.000304099 0.0001)
(0.00074963 0.000316932 0.0001)
(0.000784593 0.000329834 0.0001)
(0.000819516 0.000342819 0.0001)
(0.000854386 0.000355903 0.0001)
(0.000889188 0.000369102 0.0001)
(0.00092388 0.000382683 0.0001)
(0.000595156 0.000317553 0.0001)
(0.000627769 0.000332254 0.0001)
(0.000660332 0.000346972 0.0001)
(0.000692833 0.000361713 0.0001)
(0.000725258 0.000376482 0.0001)
(0.000757594 0.000391286 0.0001)
(0.000789825 0.000406134 0.0001)
(0.000821931 0.000421032 0.0001)
(0.000853893 0.000435991 0.0001)
(0.0008855 0.000451185 0.0001)
(0.000578494 0.000368458 0.0001)
(0.000608369 0.000384925 0.0001)
(0.000638157 0.000401379 0.0001)
(0.000667845 0.000417822 0.0001)
(0.000697419 0.000434255 0.0001)
(0.000726861 0.00045068 0.0001)
(0.000756155 0.000467097 0.0001)
(0.000785281 0.00048351 0.0001)
(0.000814221 0.000499918 0.0001)
(0.000842617 0.000516356 0.0001)
(0.000559722 0.000418577 0.0001)
(0.000586586 0.00043655 0.0001)
(0.000613339 0.000454475 0.0001)
(0.000639968 0.00047235 0.0001)
(0.00066646 0.000490173 0.0001)
(0.000692802 0.000507941 0.0001)
(0.000718978 0.000525652 0.0001)
(0.000744973 0.000543302 0.0001)
(0.000770775 0.00056089 0.0001)
(0.000795927 0.000578275 0.0001)
(0.000538985 0.000467895 0.0001)
(0.000562612 0.000487111 0.0001)
(0.000586112 0.000506238 0.0001)
(0.000609478 0.000525275 0.0001)
(0.000632703 0.000544218 0.0001)
(0.000655778 0.000563064 0.0001)
(0.000678693 0.000581808 0.0001)
(0.000701441 0.000600446 0.0001)
(0.000724013 0.000618972 0.0001)
(0.000745942 0.000637095 0.0001)
(0.000516459 0.000516459 0.0001)
(0.000536632 0.000536632 0.0001)
(0.000556683 0.000556683 0.0001)
(0.000576612 0.000576612 0.0001)
(0.000596415 0.000596415 0.0001)
(0.000616087 0.000616087 0.0001)
(0.000635623 0.000635623 0.0001)
(0.000655018 0.000655018 0.0001)
(0.000674265 0.000674265 0.0001)
(0.000692965 0.000692965 0.0001)
(0.000467895 0.000538985 0)
(0.000487111 0.000562612 0)
(0.000506238 0.000586112 0)
(0.000525275 0.000609478 0)
(0.000544218 0.000632703 0)
(0.000563064 0.000655778 0)
(0.000581808 0.000678693 0)
(0.000600446 0.000701441 0)
(0.000618972 0.000724013 0)
(0.000637095 0.000745942 0)
(0.000418577 0.000559722 0)
(0.00043655 0.000586586 0)
(0.000454475 0.000613339 0)
(0.00047235 0.000639968 0)
(0.000490173 0.00066646 0)
(0.000507941 0.000692802 0)
(0.000525652 0.000718978 0)
(0.000543302 0.000744973 0)
(0.00056089 0.000770775 0)
(0.000578275 0.000795927 0)
(0.000368458 0.000578494 0)
(0.000384925 0.000608369 0)
(0.000401379 0.000638157 0)
(0.000417822 0.000667845 0)
(0.000434255 0.000697419 0)
(0.00045068 0.000726861 0)
(0.000467097 0.000756155 0)
(0.00048351 0.000785281 0)
(0.000499918 0.000814221 0)
(0.000516356 0.000842617 0)
(0.000317553 0.000595156 0)
(0.000332254 0.000627769 0)
(0.000346972 0.000660332 0)
(0.000361713 0.000692833 0)
(0.000376482 0.000725258 0)
(0.000391286 0.000757594 0)
(0.000406134 0.000789825 0)
(0.000421032 0.000821931 0)
(0.000435991 0.000853893 0)
(0.000451185 0.0008855 0)
(0.00026591 0.000609563 0)
(0.000278598 0.000644597 0)
(0.000291325 0.000679623 0)
(0.000304099 0.000714637 0)
(0.000316932 0.00074963 0)
(0.000329834 0.000784593 0)
(0.000342819 0.000819516 0)
(0.000355903 0.000854386 0)
(0.000369102 0.000889188 0)
(0.000382683 0.00092388 0)
(0.000213602 0.000621576 0)
(0.000224053 0.000658665 0)
(0.000234553 0.000695795 0)
(0.000245115 0.000732966 0)
(0.00025575 0.000770179 0)
(0.000266475 0.000807432 0)
(0.000277306 0.000844724 0)
(0.000288264 0.000882054 0)
(0.000299369 0.000919414 0)
(0.000310927 0.000956934 0)
(0.000160729 0.000631069 0)
(0.000168749 0.000669806 0)
(0.000176818 0.00070863 0)
(0.000184949 0.000747548 0)
(0.000193155 0.000786568 0)
(0.00020145 0.0008257 0)
(0.000209854 0.000864954 0)
(0.000218386 0.000904338 0)
(0.000227069 0.00094386 0)
(0.00023619 0.000983801 0)
(0.00010741 0.000637932 0)
(0.000112846 0.000677874 0)
(0.000118321 0.000717941 0)
(0.000123845 0.000758146 0)
(0.00012943 0.000798506 0)
(0.000135087 0.000839037 0)
(0.000140831 0.000879761 0)
(0.000146679 0.000920696 0)
(0.000152652 0.000961867 0)
(0.000158966 0.00100367 0)
(5.37838e-05 0.000642085 0)
(5.65285e-05 0.000682761 0)
(5.92955e-05 0.000723587 0)
(6.20898e-05 0.000764581 0)
(6.49173e-05 0.000805764 0)
(6.77852e-05 0.00084716 0)
(7.07016e-05 0.000888795 0)
(7.36763e-05 0.000930698 0)
(7.67203e-05 0.000972904 0)
(7.99515e-05 0.00101588 0)
(4.03284e-14 0.000643474 0)
(3.64466e-14 0.000684397 0)
(2.98274e-14 0.000725479 0)
(2.43514e-14 0.000766739 0)
(1.92482e-14 0.0008082 0)
(1.17279e-14 0.000849888 0)
(4.40458e-15 0.000891832 0)
(1.79674e-15 0.000934064 0)
(1.53895e-15 0.000976622 0)
(6.41709e-19 0.00102 0)
(-5.37838e-05 0.000642085 0)
(-5.65285e-05 0.000682761 0)
(-5.92955e-05 0.000723587 0)
(-6.20898e-05 0.000764581 0)
(-6.49173e-05 0.000805764 0)
(-6.77852e-05 0.00084716 0)
(-7.07016e-05 0.000888795 0)
(-7.36763e-05 0.000930698 0)
(-7.67203e-05 0.000972904 0)
(-7.99515e-05 0.00101588 0)
(-0.00010741 0.000637932 0)
(-0.000112846 0.000677874 0)
(-0.000118321 0.000717941 0)
(-0.000123845 0.000758146 0)
(-0.00012943 0.000798506 0)
(-0.000135087 0.000839037 0)
(-0.000140831 0.000879761 0)
(-0.000146679 0.000920696 0)
(-0.000152652 0.000961867 0)
(-0.000158966 0.00100367 0)
(-0.000160729 0.000631069 0)
(-0.000168749 0.000669806 0)
(-0.000176818 0.00070863 0)
(-0.000184949 0.000747548 0)
(-0.000193155 0.000786568 0)
(-0.00020145 0.0008257 0)
(-0.000209854 0.000864954 0)
(-0.000218386 0.000904338 0)
(-0.000227069 0.00094386 0)
(-0.00023619 0.000983801 0)
(-0.000213602 0.000621576 0)
(-0.000224053 0.000658665 0)
(-0.000234553 0.000695795 0)
(-0.000245115 0.000732966 0)
(-0.00025575 0.000770179 0)
(-0.000266475 0.000807432 0)
(-0.000277306 0.000844724 0)
(-0.000288264 0.000882054 0)
(-0.000299369 0.000919414 0)
(-0.000310927 0.000956934 0)
(-0.00026591 0.000609563 0)
(-0.000278598 0.000644597 0)
(-0.000291325 0.000679623 0)
(-0.000304099 0.000714637 0)
(-0.000316932 0.00074963 0)
(-0.000329834 0.000784593 0)
(-0.000342819 0.000819516 0)
(-0.000355903 0.000854386 0)
(-0.000369102 0.000889188 0)
(-0.000382683 0.00092388 0)
(-0.000317553 0.000595156 0)
(-0.000332254 0.000627769 0)
(-0.000346972 0.000660332 0)
(-0.000361713 0.000692833 0)
(-0.000376482 0.000725258 0)
(-0.000391286 0.000757594 0)
(-0.000406134 0.000789825 0)
(-0.000421032 0.000821931 0)
(-0.000435991 0.000853893 0)
(-0.000451185 0.0008855 0)
(-0.000368458 0.000578494 0)
(-0.000384925 0.000608369 0)
(-0.000401379 0.000638157 0)
(-0.000417822 0.000667845 0)
(-0.000434255 0.000697419 0)
(-0.00045068 0.000726861 0)
(-0.000467097 0.000756155 0)
(-0.00048351 0.000785281 0)
(-0.000499918 0.000814221 0)
(-0.000516356 0.000842617 0)
(-0.000418577 0.000559722 0)
(-0.00043655 0.000586586 0)
(-0.000454475 0.000613339 0)
(-0.00047235 0.000639968 0)
(-0.000490173 0.00066646 0)
(-0.000507941 0.000692802 0)
(-0.000525652 0.000718978 0)
(-0.000543302 0.000744973 0)
(-0.00056089 0.000770775 0)
(-0.000578275 0.000795927 0)
(-0.000467895 0.000538985 0)
(-0.000487111 0.000562612 0)
(-0.000506238 0.000586112 0)
(-0.000525275 0.000609478 0)
(-0.000544218 0.000632703 0)
(-0.000563064 0.000655778 0)
(-0.000581808 0.000678693 0)
(-0.000600446 0.000701441 0)
(-0.000618972 0.000724013 0)
(-0.000637095 0.000745942 0)
(-0.000516459 0.000516459 0)
(-0.000536632 0.000536632 0)
(-0.000556683 0.000556683 0)
(-0.000576612 0.000576612 0)
(-0.000596415 0.000596415 0)
(-0.000616087 0.000616087 0)
(-0.000635623 0.000635623 0)
(-0.000655018 0.000655018 0)
(-0.000674265 0.000674265 0)
(-0.000692965 0.000692965 0)
(0.000467895 0.000538985 0.0001)
(0.000487111 0.000562612 0.0001)
(0.000506238 0.000586112 0.0001)
(0.000525275 0.000609478 0.0001)
(0.000544218 0.000632703 0.0001)
(0.000563064 0.000655778 0.0001)
(0.000581808 0.000678693 0.0001)
(0.000600446 0.000701441 0.0001)
(0.000618972 0.000724013 0.0001)
(0.000637095 0.000745942 0.0001)
(0.000418577 0.000559722 0.0001)
(0.00043655 0.000586586 0.0001)
(0.000454475 0.000613339 0.0001)
(0.00047235 0.000639968 0.0001)
(0.000490173 0.00066646 0.0001)
(0.000507941 0.000692802 0.0001)
(0.000525652 0.000718978 0.0001)
(0.000543302 0.000744973 0.0001)
(0.00056089 0.000770775 0.0001)
(0.000578275 0.000795927 0.0001)
(0.000368458 0.000578494 0.0001)
(0.000384925 0.000608369 0.0001)
(0.000401379 0.000638157 0.0001)
(0.000417822 0.000667845 0.0001)
(0.000434255 0.000697419 0.0001)
(0.00045068 0.000726861 0.0001)
(0.000467097 0.000756155 0.0001)
(0.00048351 0.000785281 0.0001)
(0.000499918 0.000814221 0.0001)
(0.000516356 0.000842617 0.0001)
(0.000317553 0.000595156 0.0001)
(0.000332254 0.000627769 0.0001)
(0.000346972 0.000660332 0.0001)
(0.000361713 0.000692833 0.0001)
(0.000376482 0.000725258 0.0001)
(0.000391286 0.000757594 0.0001)
(0.000406134 0.000789825 0.0001)
(0.000421032 0.000821931 0.0001)
(0.000435991 0.000853893 0.0001)
(0.000451185 0.0008855 0.0001)
(0.00026591 0.000609563 0.0001)
(0.000278598 0.000644597 0.0001)
(0.000291325 0.000679623 0.0001)
(0.000304099 0.000714637 0.0001)
(0.000316932 0.00074963 0.0001)
(0.000329834 0.000784593 0.0001)
(0.000342819 0.000819516 0.0001)
(0.000355903 0.000854386 0.0001)
(0.000369102 0.000889188 0.0001)
(0.000382683 0.00092388 0.0001)
(0.000213602 0.000621576 0.0001)
(0.000224053 0.000658665 0.0001)
(0.000234553 0.000695795 0.0001)
(0.000245115 0.000732966 0.0001)
(0.00025575 0.000770179 0.0001)
(0.000266475 0.000807432 0.0001)
(0.000277306 0.000844724 0.0001)
(0.000288264 0.000882054 0.0001)
(0.000299369 0.000919414 0.0001)
(0.000310927 0.000956934 0.0001)
(0.000160729 0.000631069 0.0001)
(0.000168749 0.000669806 0.0001)
(0.000176818 0.00070863 0.0001)
(0.000184949 0.000747548 0.0001)
(0.000193155 0.000786568 0.0001)
(0.00020145 0.0008257 0.0001)
(0.000209854 0.000864954 0.0001)
(0.000218386 0.000904338 0.0001)
(0.000227069 0.00094386 0.0001)
(0.00023619 0.000983801 0.0001)
(0.00010741 0.000637932 0.0001)
(0.000112846 0.000677874 0.0001)
(0.000118321 0.000717941 0.0001)
(0.000123845 0.000758146 0.0001)
(0.00012943 0.000798506 0.0001)
(0.000135087 0.000839037 0.0001)
(0.000140831 0.000879761 0.0001)
(0.000146679 0.000920696 0.0001)
(0.000152652 0.000961867 0.0001)
(0.000158966 0.00100367 0.0001)
(5.37838e-05 0.000642085 0.0001)
(5.65285e-05 0.000682761 0.0001)
(5.92955e-05 0.000723587 0.0001)
(6.20898e-05 0.000764581 0.0001)
(6.49173e-05 0.000805764 0.0001)
(6.77852e-05 0.00084716 0.0001)
(7.07016e-05 0.000888795 0.0001)
(7.36763e-05 0.000930698 0.0001)
(7.67203e-05 0.000972904 0.0001)
(7.99515e-05 0.00101588 0.0001)
(4.03284e-14 0.000643474 0.0001)
(3.64466e-14 0.000684397 0.0001)
(2.98274e-14 0.000725479 0.0001)
(2.43514e-14 0.000766739 0.0001)
(1.92482e-14 0.0008082 0.0001)
(1.17279e-14 0.000849888 0.0001)
(4.40458e-15 0.000891832 0.0001)
(1.79674e-15 0.000934064 0.0001)
(1.53895e-15 0.000976622 0.0001)
(6.41709e-19 0.00102 0.0001)
(-5.37838e-05 0.000642085 0.0001)
(-5.65285e-05 0.000682761 0.0001)
(-5.92955e-05 0.000723587 0.0001)
(-6.20898e-05 0.000764581 0.0001)
(-6.49173e-05 0.000805764 0.0001)
(-6.77852e-05 0.00084716 0.0001)
(-7.07016e-05 0.000888795 0.0001)
(-7.36763e-05 0.000930698 0.0001)
(-7.67203e-05 0.000972904 0.0001)
(-7.99515e-05 0.00101588 0.0001)
(-0.00010741 0.000637932 0.0001)
(-0.000112846 0.000677874 0.0001)
(-0.000118321 0.000717941 0.0001)
(-0.000123845 0.000758146 0.0001)
(-0.00012943 0.000798506 0.0001)
(-0.000135087 0.000839037 0.0001)
(-0.000140831 0.000879761 0.0001)
(-0.000146679 0.000920696 0.0001)
(-0.000152652 0.000961867 0.0001)
(-0.000158966 0.00100367 0.0001)
(-0.000160729 0.000631069 0.0001)
(-0.000168749 0.000669806 0.0001)
(-0.000176818 0.00070863 0.0001)
(-0.000184949 0.000747548 0.0001)
(-0.000193155 0.000786568 0.0001)
(-0.00020145 0.0008257 0.0001)
(-0.000209854 0.000864954 0.0001)
(-0.000218386 0.000904338 0.0001)
(-0.000227069 0.00094386 0.0001)
(-0.00023619 0.000983801 0.0001)
(-0.000213602 0.000621576 0.0001)
(-0.000224053 0.000658665 0.0001)
(-0.000234553 0.000695795 0.0001)
(-0.000245115 0.000732966 0.0001)
(-0.00025575 0.000770179 0.0001)
(-0.000266475 0.000807432 0.0001)
(-0.000277306 0.000844724 0.0001)
(-0.000288264 0.000882054 0.0001)
(-0.000299369 0.000919414 0.0001)
(-0.000310927 0.000956934 0.0001)
(-0.00026591 0.000609563 0.0001)
(-0.000278598 0.000644597 0.0001)
(-0.000291325 0.000679623 0.0001)
(-0.000304099 0.000714637 0.0001)
(-0.000316932 0.00074963 0.0001)
(-0.000329834 0.000784593 0.0001)
(-0.000342819 0.000819516 0.0001)
(-0.000355903 0.000854386 0.0001)
(-0.000369102 0.000889188 0.0001)
(-0.000382683 0.00092388 0.0001)
(-0.000317553 0.000595156 0.0001)
(-0.000332254 0.000627769 0.0001)
(-0.000346972 0.000660332 0.0001)
(-0.000361713 0.000692833 0.0001)
(-0.000376482 0.000725258 0.0001)
(-0.000391286 0.000757594 0.0001)
(-0.000406134 0.000789825 0.0001)
(-0.000421032 0.000821931 0.0001)
(-0.000435991 0.000853893 0.0001)
(-0.000451185 0.0008855 0.0001)
(-0.000368458 0.000578494 0.0001)
(-0.000384925 0.000608369 0.0001)
(-0.000401379 0.000638157 0.0001)
(-0.000417822 0.000667845 0.0001)
(-0.000434255 0.000697419 0.0001)
(-0.00045068 0.000726861 0.0001)
(-0.000467097 0.000756155 0.0001)
(-0.00048351 0.000785281 0.0001)
(-0.000499918 0.000814221 0.0001)
(-0.000516356 0.000842617 0.0001)
(-0.000418577 0.000559722 0.0001)
(-0.00043655 0.000586586 0.0001)
(-0.000454475 0.000613339 0.0001)
(-0.00047235 0.000639968 0.0001)
(-0.000490173 0.00066646 0.0001)
(-0.000507941 0.000692802 0.0001)
(-0.000525652 0.000718978 0.0001)
(-0.000543302 0.000744973 0.0001)
(-0.00056089 0.000770775 0.0001)
(-0.000578275 0.000795927 0.0001)
(-0.000467895 0.000538985 0.0001)
(-0.000487111 0.000562612 0.0001)
(-0.000506238 0.000586112 0.0001)
(-0.000525275 0.000609478 0.0001)
(-0.000544218 0.000632703 0.0001)
(-0.000563064 0.000655778 0.0001)
(-0.000581808 0.000678693 0.0001)
(-0.000600446 0.000701441 0.0001)
(-0.000618972 0.000724013 0.0001)
(-0.000637095 0.000745942 0.0001)
(-0.000516459 0.000516459 0.0001)
(-0.000536632 0.000536632 0.0001)
(-0.000556683 0.000556683 0.0001)
(-0.000576612 0.000576612 0.0001)
(-0.000596415 0.000596415 0.0001)
(-0.000616087 0.000616087 0.0001)
(-0.000635623 0.000635623 0.0001)
(-0.000655018 0.000655018 0.0001)
(-0.000674265 0.000674265 0.0001)
(-0.000692965 0.000692965 0.0001)
(-0.000538985 0.000467895 0)
(-0.000562612 0.000487111 0)
(-0.000586112 0.000506238 0)
(-0.000609478 0.000525275 0)
(-0.000632703 0.000544218 0)
(-0.000655778 0.000563064 0)
(-0.000678693 0.000581808 0)
(-0.000701441 0.000600446 0)
(-0.000724013 0.000618972 0)
(-0.000745942 0.000637095 0)
(-0.000559722 0.000418577 0)
(-0.000586586 0.00043655 0)
(-0.000613339 0.000454475 0)
(-0.000639968 0.00047235 0)
(-0.00066646 0.000490173 0)
(-0.000692802 0.000507941 0)
(-0.000718978 0.000525652 0)
(-0.000744973 0.000543302 0)
(-0.000770775 0.00056089 0)
(-0.000795927 0.000578275 0)
(-0.000578494 0.000368458 0)
(-0.000608369 0.000384925 0)
(-0.000638157 0.000401379 0)
(-0.000667845 0.000417822 0)
(-0.000697419 0.000434255 0)
(-0.000726861 0.00045068 0)
(-0.000756155 0.000467097 0)
(-0.000785281 0.00048351 0)
(-0.000814221 0.000499918 0)
(-0.000842617 0.000516356 0)
(-0.000595156 0.000317553 0)
(-0.000627769 0.000332254 0)
(-0.000660332 0.000346972 0)
(-0.000692833 0.000361713 0)
(-0.000725258 0.000376482 0)
(-0.000757594 0.000391286 0)
(-0.000789825 0.000406134 0)
(-0.000821931 0.000421032 0)
(-0.000853893 0.000435991 0)
(-0.0008855 0.000451185 0)
(-0.000609563 0.00026591 0)
(-0.000644597 0.000278598 0)
(-0.000679623 0.000291325 0)
(-0.000714637 0.000304099 0)
(-0.00074963 0.000316932 0)
(-0.000784593 0.000329834 0)
(-0.000819516 0.000342819 0)
(-0.000854386 0.000355903 0)
(-0.000889188 0.000369102 0)
(-0.00092388 0.000382683 0)
(-0.000621576 0.000213602 0)
(-0.000658665 0.000224053 0)
(-0.000695795 0.000234553 0)
(-0.000732966 0.000245115 0)
(-0.000770179 0.00025575 0)
(-0.000807432 0.000266475 0)
(-0.000844724 0.000277306 0)
(-0.000882054 0.000288264 0)
(-0.000919414 0.000299369 0)
(-0.000956934 0.000310927 0)
(-0.000631069 0.000160729 0)
(-0.000669806 0.000168749 0)
(-0.00070863 0.000176818 0)
(-0.000747548 0.000184949 0)
(-0.000786568 0.000193155 0)
(-0.0008257 0.00020145 0)
(-0.000864954 0.000209854 0)
(-0.000904338 0.000218386 0)
(-0.00094386 0.000227069 0)
(-0.000983801 0.00023619 0)
(-0.000637932 0.00010741 0)
(-0.000677874 0.000112846 0)
(-0.000717941 0.000118321 0)
(-0.000758146 0.000123845 0)
(-0.000798506 0.00012943 0)
(-0.000839037 0.000135087 0)
(-0.000879761 0.000140831 0)
(-0.000920696 0.000146679 0)
(-0.000961867 0.000152652 0)
(-0.00100367 0.000158966 0)
(-0.000642085 5.37838e-05 0)
(-0.000682761 5.65285e-05 0)
(-0.000723587 5.92955e-05 0)
(-0.000764581 6.20898e-05 0)
(-0.000805764 6.49173e-05 0)
(-0.00084716 6.77852e-05 0)
(-0.000888795 7.07016e-05 0)
(-0.000930698 7.36763e-05 0)
(-0.000972904 7.67203e-05 0)
(-0.00101588 7.99515e-05 0)
(-0.000643474 3.86649e-15 0)
(-0.000684397 3.17548e-15 0)
(-0.000725479 3.68542e-15 0)
(-0.000766739 3.7039e-15 0)
(-0.0008082 6.15564e-15 0)
(-0.000849888 6.96347e-15 0)
(-0.000891832 4.90394e-15 0)
(-0.000934064 3.58345e-15 0)
(-0.000976622 2.46373e-15 0)
(-0.00102 0 0)
(-0.000642085 -5.37838e-05 0)
(-0.000682761 -5.65285e-05 0)
(-0.000723587 -5.92955e-05 0)
(-0.000764581 -6.20898e-05 0)
(-0.000805764 -6.49173e-05 0)
(-0.00084716 -6.77852e-05 0)
(-0.000888795 -7.07016e-05 0)
(-0.000930698 -7.36763e-05 0)
(-0.000972904 -7.67203e-05 0)
(-0.00101588 -7.99515e-05 0)
(-0.000637932 -0.00010741 0)
(-0.000677874 -0.000112846 0)
(-0.000717941 -0.000118321 0)
(-0.000758146 -0.000123845 0)
(-0.000798506 -0.00012943 0)
(-0.000839037 -0.000135087 0)
(-0.000879761 -0.000140831 0)
(-0.000920696 -0.000146679 0)
(-0.000961867 -0.000152652 0)
(-0.00100367 -0.000158966 0)
(-0.000631069 -0.000160729 0)
(-0.000669806 -0.000168749 0)
(-0.00070863 -0.000176818 0)
(-0.000747548 -0.000184949 0)
(-0.000786568 -0.000193155 0)
(-0.0008257 -0.00020145 0)
(-0.000864954 -0.000209854 0)
(-0.000904338 -0.000218386 0)
(-0.00094386 -0.000227069 0)
(-0.000983801 -0.00023619 0)
(-0.000621576 -0.000213602 0)
(-0.000658665 -0.000224053 0)
(-0.000695795 -0.000234553 0)
(-0.000732966 -0.000245115 0)
(-0.000770179 -0.00025575 0)
(-0.000807432 -0.000266475 0)
(-0.000844724 -0.000277306 0)
(-0.000882054 -0.000288264 0)
(-0.000919414 -0.000299369 0)
(-0.000956934 -0.000310927 0)
(-0.000609563 -0.00026591 0)
(-0.000644597 -0.000278598 0)
(-0.000679623 -0.000291325 0)
(-0.000714637 -0.000304099 0)
(-0.00074963 -0.000316932 0)
(-0.000784593 -0.000329834 0)
(-0.000819516 -0.000342819 0)
(-0.000854386 -0.000355903 0)
(-0.000889188 -0.000369102 0)
(-0.00092388 -0.000382683 0)
(-0.000595156 -0.000317553 0)
(-0.000627769 -0.000332254 0)
(-0.000660332 -0.000346972 0)
(-0.000692833 -0.000361713 0)
(-0.000725258 -0.000376482 0)
(-0.000757594 -0.000391286 0)
(-0.000789825 -0.000406134 0)
(-0.000821931 -0.000421032 0)
(-0.000853893 -0.000435991 0)
(-0.0008855 -0.000451185 0)
(-0.000578494 -0.000368458 0)
(-0.000608369 -0.000384925 0)
(-0.000638157 -0.000401379 0)
(-0.000667845 -0.000417822 0)
(-0.000697419 -0.000434255 0)
(-0.000726861 -0.00045068 0)
(-0.000756155 -0.000467097 0)
(-0.000785281 -0.00048351 0)
(-0.000814221 -0.000499918 0)
(-0.000842617 -0.000516356 0)
(-0.000559722 -0.000418577 0)
(-0.000586586 -0.00043655 0)
(-0.000613339 -0.000454475 0)
(-0.000639968 -0.00047235 0)
(-0.00066646 -0.000490173 0)
(-0.000692802 -0.000507941 0)
(-0.000718978 -0.000525652 0)
(-0.000744973 -0.000543302 0)
(-0.000770775 -0.00056089 0)
(-0.000795927 -0.000578275 0)
(-0.000538985 -0.000467895 0)
(-0.000562612 -0.000487111 0)
(-0.000586112 -0.000506238 0)
(-0.000609478 -0.000525275 0)
(-0.000632703 -0.000544218 0)
(-0.000655778 -0.000563064 0)
(-0.000678693 -0.000581808 0)
(-0.000701441 -0.000600446 0)
(-0.000724013 -0.000618972 0)
(-0.000745942 -0.000637095 0)
(-0.000516459 -0.000516459 0)
(-0.000536632 -0.000536632 0)
(-0.000556683 -0.000556683 0)
(-0.000576612 -0.000576612 0)
(-0.000596415 -0.000596415 0)
(-0.000616087 -0.000616087 0)
(-0.000635623 -0.000635623 0)
(-0.000655018 -0.000655018 0)
(-0.000674265 -0.000674265 0)
(-0.000692965 -0.000692965 0)
(-0.000538985 0.000467895 0.0001)
(-0.000562612 0.000487111 0.0001)
(-0.000586112 0.000506238 0.0001)
(-0.000609478 0.000525275 0.0001)
(-0.000632703 0.000544218 0.0001)
(-0.000655778 0.000563064 0.0001)
(-0.000678693 0.000581808 0.0001)
(-0.000701441 0.000600446 0.0001)
(-0.000724013 0.000618972 0.0001)
(-0.000745942 0.000637095 0.0001)
(-0.000559722 0.000418577 0.0001)
(-0.000586586 0.00043655 0.0001)
(-0.000613339 0.000454475 0.0001)
(-0.000639968 0.00047235 0.0001)
(-0.00066646 0.000490173 0.0001)
(-0.000692802 0.000507941 0.0001)
(-0.000718978 0.000525652 0.0001)
(-0.000744973 0.000543302 0.0001)
(-0.000770775 0.00056089 0.0001)
(-0.000795927 0.000578275 0.0001)
(-0.000578494 0.000368458 0.0001)
(-0.000608369 0.000384925 0.0001)
(-0.000638157 0.000401379 0.0001)
(-0.000667845 0.000417822 0.0001)
(-0.000697419 0.000434255 0.0001)
(-0.000726861 0.00045068 0.0001)
(-0.000756155 0.000467097 0.0001)
(-0.000785281 0.00048351 0.0001)
(-0.000814221 0.000499918 0.0001)
(-0.000842617 0.000516356 0.0001)
(-0.000595156 0.000317553 0.0001)
(-0.000627769 0.000332254 0.0001)
(-0.000660332 0.000346972 0.0001)
(-0.000692833 0.000361713 0.0001)
(-0.000725258 0.000376482 0.0001)
(-0.000757594 0.000391286 0.0001)
(-0.000789825 0.000406134 0.0001)
(-0.000821931 0.000421032 0.0001)
(-0.000853893 0.000435991 0.0001)
(-0.0008855 0.000451185 0.0001)
(-0.000609563 0.00026591 0.0001)
(-0.000644597 0.000278598 0.0001)
(-0.000679623 0.000291325 0.0001)
(-0.000714637 0.000304099 0.0001)
(-0.00074963 0.000316932 0.0001)
(-0.000784593 0.000329834 0.0001)
(-0.000819516 0.000342819 0.0001)
(-0.000854386 0.000355903 0.0001)
(-0.000889188 0.000369102 0.0001)
(-0.00092388 0.000382683 0.0001)
(-0.000621576 0.000213602 0.0001)
(-0.000658665 0.000224053 0.0001)
(-0.000695795 0.000234553 0.0001)
(-0.000732966 0.000245115 0.0001)
(-0.000770179 0.00025575 0.0001)
(-0.000807432 0.000266475 0.0001)
(-0.000844724 0.000277306 0.0001)
(-0.000882054 0.000288264 0.0001)
(-0.000919414 0.000299369 0.0001)
(-0.000956934 0.000310927 0.0001)
(-0.000631069 0.000160729 0.0001)
(-0.000669806 0.000168749 0.0001)
(-0.00070863 0.000176818 0.0001)
(-0.000747548 0.000184949 0.0001)
(-0.000786568 0.000193155 0.0001)
(-0.0008257 0.00020145 0.0001)
(-0.000864954 0.000209854 0.0001)
(-0.000904338 0.000218386 0.0001)
(-0.00094386 0.000227069 0.0001)
(-0.000983801 0.00023619 0.0001)
(-0.000637932 0.00010741 0.0001)
(-0.000677874 0.000112846 0.0001)
(-0.000717941 0.000118321 0.0001)
(-0.000758146 0.000123845 0.0001)
(-0.000798506 0.00012943 0.0001)
(-0.000839037 0.000135087 0.0001)
(-0.000879761 0.000140831 0.0001)
(-0.000920696 0.000146679 0.0001)
(-0.000961867 0.000152652 0.0001)
(-0.00100367 0.000158966 0.0001)
(-0.000642085 5.37838e-05 0.0001)
(-0.000682761 5.65285e-05 0.0001)
(-0.000723587 5.92955e-05 0.0001)
(-0.000764581 6.20898e-05 0.0001)
(-0.000805764 6.49173e-05 0.0001)
(-0.00084716 6.77852e-05 0.0001)
(-0.000888795 7.07016e-05 0.0001)
(-0.000930698 7.36763e-05 0.0001)
(-0.000972904 7.67203e-05 0.0001)
(-0.00101588 7.99515e-05 0.0001)
(-0.000643474 3.86649e-15 0.0001)
(-0.000684397 3.17548e-15 0.0001)
(-0.000725479 3.68542e-15 0.0001)
(-0.000766739 3.7039e-15 0.0001)
(-0.0008082 6.15564e-15 0.0001)
(-0.000849888 6.96347e-15 0.0001)
(-0.000891832 4.90394e-15 0.0001)
(-0.000934064 3.58345e-15 0.0001)
(-0.000976622 2.46373e-15 0.0001)
(-0.00102 0 0.0001)
(-0.000642085 -5.37838e-05 0.0001)
(-0.000682761 -5.65285e-05 0.0001)
(-0.000723587 -5.92955e-05 0.0001)
(-0.000764581 -6.20898e-05 0.0001)
(-0.000805764 -6.49173e-05 0.0001)
(-0.00084716 -6.77852e-05 0.0001)
(-0.000888795 -7.07016e-05 0.0001)
(-0.000930698 -7.36763e-05 0.0001)
(-0.000972904 -7.67203e-05 0.0001)
(-0.00101588 -7.99515e-05 0.0001)
(-0.000637932 -0.00010741 0.0001)
(-0.000677874 -0.000112846 0.0001)
(-0.000717941 -0.000118321 0.0001)
(-0.000758146 -0.000123845 0.0001)
(-0.000798506 -0.00012943 0.0001)
(-0.000839037 -0.000135087 0.0001)
(-0.000879761 -0.000140831 0.0001)
(-0.000920696 -0.000146679 0.0001)
(-0.000961867 -0.000152652 0.0001)
(-0.00100367 -0.000158966 0.0001)
(-0.000631069 -0.000160729 0.0001)
(-0.000669806 -0.000168749 0.0001)
(-0.00070863 -0.000176818 0.0001)
(-0.000747548 -0.000184949 0.0001)
(-0.000786568 -0.000193155 0.0001)
(-0.0008257 -0.00020145 0.0001)
(-0.000864954 -0.000209854 0.0001)
(-0.000904338 -0.000218386 0.0001)
(-0.00094386 -0.000227069 0.0001)
(-0.000983801 -0.00023619 0.0001)
(-0.000621576 -0.000213602 0.0001)
(-0.000658665 -0.000224053 0.0001)
(-0.000695795 -0.000234553 0.0001)
(-0.000732966 -0.000245115 0.0001)
(-0.000770179 -0.00025575 0.0001)
(-0.000807432 -0.000266475 0.0001)
(-0.000844724 -0.000277306 0.0001)
(-0.000882054 -0.000288264 0.0001)
(-0.000919414 -0.000299369 0.0001)
(-0.000956934 -0.000310927 0.0001)
(-0.000609563 -0.00026591 0.0001)
(-0.000644597 -0.000278598 0.0001)
(-0.000679623 -0.000291325 0.0001)
(-0.000714637 -0.000304099 0.0001)
(-0.00074963 -0.000316932 0.0001)
(-0.000784593 -0.000329834 0.0001)
(-0.000819516 -0.000342819 0.0001)
(-0.000854386 -0.000355903 0.0001)
(-0.000889188 -0.000369102 0.0001)
(-0.00092388 -0.000382683 0.0001)
(-0.000595156 -0.000317553 0.0001)
(-0.000627769 -0.000332254 0.0001)
(-0.000660332 -0.000346972 0.0001)
(-0.000692833 -0.000361713 0.0001)
(-0.000725258 -0.000376482 0.0001)
(-0.000757594 -0.000391286 0.0001)
(-0.000789825 -0.000406134 0.0001)
(-0.000821931 -0.000421032 0.0001)
(-0.000853893 -0.000435991 0.0001)
(-0.0008855 -0.000451185 0.0001)
(-0.000578494 -0.000368458 0.0001)
(-0.000608369 -0.000384925 0.0001)
(-0.000638157 -0.000401379 0.0001)
(-0.000667845 -0.000417822 0.0001)
(-0.000697419 -0.000434255 0.0001)
(-0.000726861 -0.00045068 0.0001)
(-0.000756155 -0.000467097 0.0001)
(-0.000785281 -0.00048351 0.0001)
(-0.000814221 -0.000499918 0.0001)
(-0.000842617 -0.000516356 0.0001)
(-0.000559722 -0.000418577 0.0001)
(-0.000586586 -0.00043655 0.0001)
(-0.000613339 -0.000454475 0.0001)
(-0.000639968 -0.00047235 0.0001)
(-0.00066646 -0.000490173 0.0001)
(-0.000692802 -0.000507941 0.0001)
(-0.000718978 -0.000525652 0.0001)
(-0.000744973 -0.000543302 0.0001)
(-0.000770775 -0.00056089 0.0001)
(-0.000795927 -0.000578275 0.0001)
(-0.000538985 -0.000467895 0.0001)
(-0.000562612 -0.000487111 0.0001)
(-0.000586112 -0.000506238 0.0001)
(-0.000609478 -0.000525275 0.0001)
(-0.000632703 -0.000544218 0.0001)
(-0.000655778 -0.000563064 0.0001)
(-0.000678693 -0.000581808 0.0001)
(-0.000701441 -0.000600446 0.0001)
(-0.000724013 -0.000618972 0.0001)
(-0.000745942 -0.000637095 0.0001)
(-0.000516459 -0.000516459 0.0001)
(-0.000536632 -0.000536632 0.0001)
(-0.000556683 -0.000556683 0.0001)
(-0.000576612 -0.000576612 0.0001)
(-0.000596415 -0.000596415 0.0001)
(-0.000616087 -0.000616087 0.0001)
(-0.000635623 -0.000635623 0.0001)
(-0.000655018 -0.000655018 0.0001)
(-0.000674265 -0.000674265 0.0001)
(-0.000692965 -0.000692965 0.0001)
(-0.000467895 -0.000538985 0)
(-0.000487111 -0.000562612 0)
(-0.000506238 -0.000586112 0)
(-0.000525275 -0.000609478 0)
(-0.000544218 -0.000632703 0)
(-0.000563064 -0.000655778 0)
(-0.000581808 -0.000678693 0)
(-0.000600446 -0.000701441 0)
(-0.000618972 -0.000724013 0)
(-0.000637095 -0.000745942 0)
(-0.000418577 -0.000559722 0)
(-0.00043655 -0.000586586 0)
(-0.000454475 -0.000613339 0)
(-0.00047235 -0.000639968 0)
(-0.000490173 -0.00066646 0)
(-0.000507941 -0.000692802 0)
(-0.000525652 -0.000718978 0)
(-0.000543302 -0.000744973 0)
(-0.00056089 -0.000770775 0)
(-0.000578275 -0.000795927 0)
(-0.000368458 -0.000578494 0)
(-0.000384925 -0.000608369 0)
(-0.000401379 -0.000638157 0)
(-0.000417822 -0.000667845 0)
(-0.000434255 -0.000697419 0)
(-0.00045068 -0.000726861 0)
(-0.000467097 -0.000756155 0)
(-0.00048351 -0.000785281 0)
(-0.000499918 -0.000814221 0)
(-0.000516356 -0.000842617 0)
(-0.000317553 -0.000595156 0)
(-0.000332254 -0.000627769 0)
(-0.000346972 -0.000660332 0)
(-0.000361713 -0.000692833 0)
(-0.000376482 -0.000725258 0)
(-0.000391286 -0.000757594 0)
(-0.000406134 -0.000789825 0)
(-0.000421032 -0.000821931 0)
(-0.000435991 -0.000853893 0)
(-0.000451185 -0.0008855 0)
(-0.00026591 -0.000609563 0)
(-0.000278598 -0.000644597 0)
(-0.000291325 -0.000679623 0)
(-0.000304099 -0.000714637 0)
(-0.000316932 -0.00074963 0)
(-0.000329834 -0.000784593 0)
(-0.000342819 -0.000819516 0)
(-0.000355903 -0.000854386 0)
(-0.000369102 -0.000889188 0)
(-0.000382683 -0.00092388 0)
(-0.000213602 -0.000621576 0)
(-0.000224053 -0.000658665 0)
(-0.000234553 -0.000695795 0)
(-0.000245115 -0.000732966 0)
(-0.00025575 -0.000770179 0)
(-0.000266475 -0.000807432 0)
(-0.000277306 -0.000844724 0)
(-0.000288264 -0.000882054 0)
(-0.000299369 -0.000919414 0)
(-0.000310927 -0.000956934 0)
(-0.000160729 -0.000631069 0)
(-0.000168749 -0.000669806 0)
(-0.000176818 -0.00070863 0)
(-0.000184949 -0.000747548 0)
(-0.000193155 -0.000786568 0)
(-0.00020145 -0.0008257 0)
(-0.000209854 -0.000864954 0)
(-0.000218386 -0.000904338 0)
(-0.000227069 -0.00094386 0)
(-0.00023619 -0.000983801 0)
(-0.00010741 -0.000637932 0)
(-0.000112846 -0.000677874 0)
(-0.000118321 -0.000717941 0)
(-0.000123845 -0.000758146 0)
(-0.00012943 -0.000798506 0)
(-0.000135087 -0.000839037 0)
(-0.000140831 -0.000879761 0)
(-0.000146679 -0.000920696 0)
(-0.000152652 -0.000961867 0)
(-0.000158966 -0.00100367 0)
(-5.37838e-05 -0.000642085 0)
(-5.65285e-05 -0.000682761 0)
(-5.92955e-05 -0.000723587 0)
(-6.20898e-05 -0.000764581 0)
(-6.49173e-05 -0.000805764 0)
(-6.77852e-05 -0.00084716 0)
(-7.07016e-05 -0.000888795 0)
(-7.36763e-05 -0.000930698 0)
(-7.67203e-05 -0.000972904 0)
(-7.99515e-05 -0.00101588 0)
(1.81969e-14 -0.000643474 0)
(1.33205e-14 -0.000684397 0)
(1.19611e-14 -0.000725479 0)
(1.44391e-14 -0.000766739 0)
(1.20378e-14 -0.0008082 0)
(4.66324e-15 -0.000849888 0)
(-9.43578e-16 -0.000891832 0)
(-2.03971e-15 -0.000934064 0)
(-1.44668e-15 -0.000976622 0)
(8.30447e-19 -0.00102 0)
(5.37838e-05 -0.000642085 0)
(5.65285e-05 -0.000682761 0)
(5.92955e-05 -0.000723587 0)
(6.20898e-05 -0.000764581 0)
(6.49173e-05 -0.000805764 0)
(6.77852e-05 -0.00084716 0)
(7.07016e-05 -0.000888795 0)
(7.36763e-05 -0.000930698 0)
(7.67203e-05 -0.000972904 0)
(7.99515e-05 -0.00101588 0)
(0.00010741 -0.000637932 0)
(0.000112846 -0.000677874 0)
(0.000118321 -0.000717941 0)
(0.000123845 -0.000758146 0)
(0.00012943 -0.000798506 0)
(0.000135087 -0.000839037 0)
(0.000140831 -0.000879761 0)
(0.000146679 -0.000920696 0)
(0.000152652 -0.000961867 0)
(0.000158966 -0.00100367 0)
(0.000160729 -0.000631069 0)
(0.000168749 -0.000669806 0)
(0.000176818 -0.00070863 0)
(0.000184949 -0.000747548 0)
(0.000193155 -0.000786568 0)
(0.00020145 -0.0008257 0)
(0.000209854 -0.000864954 0)
(0.000218386 -0.000904338 0)
(0.000227069 -0.00094386 0)
(0.00023619 -0.000983801 0)
(0.000213602 -0.000621576 0)
(0.000224053 -0.000658665 0)
(0.000234553 -0.000695795 0)
(0.000245115 -0.000732966 0)
(0.00025575 -0.000770179 0)
(0.000266475 -0.000807432 0)
(0.000277306 -0.000844724 0)
(0.000288264 -0.000882054 0)
(0.000299369 -0.000919414 0)
(0.000310927 -0.000956934 0)
(0.00026591 -0.000609563 0)
(0.000278598 -0.000644597 0)
(0.000291325 -0.000679623 0)
(0.000304099 -0.000714637 0)
(0.000316932 -0.00074963 0)
(0.000329834 -0.000784593 0)
(0.000342819 -0.000819516 0)
(0.000355903 -0.000854386 0)
(0.000369102 -0.000889188 0)
(0.000382683 -0.00092388 0)
(0.000317553 -0.000595156 0)
(0.000332254 -0.000627769 0)
(0.000346972 -0.000660332 0)
(0.000361713 -0.000692833 0)
(0.000376482 -0.000725258 0)
(0.000391286 -0.000757594 0)
(0.000406134 -0.000789825 0)
(0.000421032 -0.000821931 0)
(0.000435991 -0.000853893 0)
(0.000451185 -0.0008855 0)
(0.000368458 -0.000578494 0)
(0.000384925 -0.000608369 0)
(0.000401379 -0.000638157 0)
(0.000417822 -0.000667845 0)
(0.000434255 -0.000697419 0)
(0.00045068 -0.000726861 0)
(0.000467097 -0.000756155 0)
(0.00048351 -0.000785281 0)
(0.000499918 -0.000814221 0)
(0.000516356 -0.000842617 0)
(0.000418577 -0.000559722 0)
(0.00043655 -0.000586586 0)
(0.000454475 -0.000613339 0)
(0.00047235 -0.000639968 0)
(0.000490173 -0.00066646 0)
(0.000507941 -0.000692802 0)
(0.000525652 -0.000718978 0)
(0.000543302 -0.000744973 0)
(0.00056089 -0.000770775 0)
(0.000578275 -0.000795927 0)
(0.000467895 -0.000538985 0)
(0.000487111 -0.000562612 0)
(0.000506238 -0.000586112 0)
(0.000525275 -0.000609478 0)
(0.000544218 -0.000632703 0)
(0.000563064 -0.000655778 0)
(0.000581808 -0.000678693 0)
(0.000600446 -0.000701441 0)
(0.000618972 -0.000724013 0)
(0.000637095 -0.000745942 0)
(-0.000467895 -0.000538985 0.0001)
(-0.000487111 -0.000562612 0.0001)
(-0.000506238 -0.000586112 0.0001)
(-0.000525275 -0.000609478 0.0001)
(-0.000544218 -0.000632703 0.0001)
(-0.000563064 -0.000655778 0.0001)
(-0.000581808 -0.000678693 0.0001)
(-0.000600446 -0.000701441 0.0001)
(-0.000618972 -0.000724013 0.0001)
(-0.000637095 -0.000745942 0.0001)
(-0.000418577 -0.000559722 0.0001)
(-0.00043655 -0.000586586 0.0001)
(-0.000454475 -0.000613339 0.0001)
(-0.00047235 -0.000639968 0.0001)
(-0.000490173 -0.00066646 0.0001)
(-0.000507941 -0.000692802 0.0001)
(-0.000525652 -0.000718978 0.0001)
(-0.000543302 -0.000744973 0.0001)
(-0.00056089 -0.000770775 0.0001)
(-0.000578275 -0.000795927 0.0001)
(-0.000368458 -0.000578494 0.0001)
(-0.000384925 -0.000608369 0.0001)
(-0.000401379 -0.000638157 0.0001)
(-0.000417822 -0.000667845 0.0001)
(-0.000434255 -0.000697419 0.0001)
(-0.00045068 -0.000726861 0.0001)
(-0.000467097 -0.000756155 0.0001)
(-0.00048351 -0.000785281 0.0001)
(-0.000499918 -0.000814221 0.0001)
(-0.000516356 -0.000842617 0.0001)
(-0.000317553 -0.000595156 0.0001)
(-0.000332254 -0.000627769 0.0001)
(-0.000346972 -0.000660332 0.0001)
(-0.000361713 -0.000692833 0.0001)
(-0.000376482 -0.000725258 0.0001)
(-0.000391286 -0.000757594 0.0001)
(-0.000406134 -0.000789825 0.0001)
(-0.000421032 -0.000821931 0.0001)
(-0.000435991 -0.000853893 0.0001)
(-0.000451185 -0.0008855 0.0001)
(-0.00026591 -0.000609563 0.0001)
(-0.000278598 -0.000644597 0.0001)
(-0.000291325 -0.000679623 0.0001)
(-0.000304099 -0.000714637 0.0001)
(-0.000316932 -0.00074963 0.0001)
(-0.000329834 -0.000784593 0.0001)
(-0.000342819 -0.000819516 0.0001)
(-0.000355903 -0.000854386 0.0001)
(-0.000369102 -0.000889188 0.0001)
(-0.000382683 -0.00092388 0.0001)
(-0.000213602 -0.000621576 0.0001)
(-0.000224053 -0.000658665 0.0001)
(-0.000234553 -0.000695795 0.0001)
(-0.000245115 -0.000732966 0.0001)
(-0.00025575 -0.000770179 0.0001)
(-0.000266475 -0.000807432 0.0001)
(-0.000277306 -0.000844724 0.0001)
(-0.000288264 -0.000882054 0.0001)
(-0.000299369 -0.000919414 0.0001)
(-0.000310927 -0.000956934 0.0001)
(-0.000160729 -0.000631069 0.0001)
(-0.000168749 -0.000669806 0.0001)
(-0.000176818 -0.00070863 0.0001)
(-0.000184949 -0.000747548 0.0001)
(-0.000193155 -0.000786568 0.0001)
(-0.00020145 -0.0008257 0.0001)
(-0.000209854 -0.000864954 0.0001)
(-0.000218386 -0.000904338 0.0001)
(-0.000227069 -0.00094386 0.0001)
(-0.00023619 -0.000983801 0.0001)
(-0.00010741 -0.000637932 0.0001)
(-0.000112846 -0.000677874 0.0001)
(-0.000118321 -0.000717941 0.0001)
(-0.000123845 -0.000758146 0.0001)
(-0.00012943 -0.000798506 0.0001)
(-0.000135087 -0.000839037 0.0001)
(-0.000140831 -0.000879761 0.0001)
(-0.000146679 -0.000920696 0.0001)
(-0.000152652 -0.000961867 0.0001)
(-0.000158966 -0.00100367 0.0001)
(-5.37838e-05 -0.000642085 0.0001)
(-5.65285e-05 -0.000682761 0.0001)
(-5.92955e-05 -0.000723587 0.0001)
(-6.20898e-05 -0.000764581 0.0001)
(-6.49173e-05 -0.000805764 0.0001)
(-6.77852e-05 -0.00084716 0.0001)
(-7.07016e-05 -0.000888795 0.0001)
(-7.36763e-05 -0.000930698 0.0001)
(-7.67203e-05 -0.000972904 0.0001)
(-7.99515e-05 -0.00101588 0.0001)
(1.81969e-14 -0.000643474 0.0001)
(1.33205e-14 -0.000684397 0.0001)
(1.19611e-14 -0.000725479 0.0001)
(1.44391e-14 -0.000766739 0.0001)
(1.20378e-14 -0.0008082 0.0001)
(4.66324e-15 -0.000849888 0.0001)
(-9.43578e-16 -0.000891832 0.0001)
(-2.03971e-15 -0.000934064 0.0001)
(-1.44668e-15 -0.000976622 0.0001)
(8.30447e-19 -0.00102 0.0001)
(5.37838e-05 -0.000642085 0.0001)
(5.65285e-05 -0.000682761 0.0001)
(5.92955e-05 -0.000723587 0.0001)
(6.20898e-05 -0.000764581 0.0001)
(6.49173e-05 -0.000805764 0.0001)
(6.77852e-05 -0.00084716 0.0001)
(7.07016e-05 -0.000888795 0.0001)
(7.36763e-05 -0.000930698 0.0001)
(7.67203e-05 -0.000972904 0.0001)
(7.99515e-05 -0.00101588 0.0001)
(0.00010741 -0.000637932 0.0001)
(0.000112846 -0.000677874 0.0001)
(0.000118321 -0.000717941 0.0001)
(0.000123845 -0.000758146 0.0001)
(0.00012943 -0.000798506 0.0001)
(0.000135087 -0.000839037 0.0001)
(0.000140831 -0.000879761 0.0001)
(0.000146679 -0.000920696 0.0001)
(0.000152652 -0.000961867 0.0001)
(0.000158966 -0.00100367 0.0001)
(0.000160729 -0.000631069 0.0001)
(0.000168749 -0.000669806 0.0001)
(0.000176818 -0.00070863 0.0001)
(0.000184949 -0.000747548 0.0001)
(0.000193155 -0.000786568 0.0001)
(0.00020145 -0.0008257 0.0001)
(0.000209854 -0.000864954 0.0001)
(0.000218386 -0.000904338 0.0001)
(0.000227069 -0.00094386 0.0001)
(0.00023619 -0.000983801 0.0001)
(0.000213602 -0.000621576 0.0001)
(0.000224053 -0.000658665 0.0001)
(0.000234553 -0.000695795 0.0001)
(0.000245115 -0.000732966 0.0001)
(0.00025575 -0.000770179 0.0001)
(0.000266475 -0.000807432 0.0001)
(0.000277306 -0.000844724 0.0001)
(0.000288264 -0.000882054 0.0001)
(0.000299369 -0.000919414 0.0001)
(0.000310927 -0.000956934 0.0001)
(0.00026591 -0.000609563 0.0001)
(0.000278598 -0.000644597 0.0001)
(0.000291325 -0.000679623 0.0001)
(0.000304099 -0.000714637 0.0001)
(0.000316932 -0.00074963 0.0001)
(0.000329834 -0.000784593 0.0001)
(0.000342819 -0.000819516 0.0001)
(0.000355903 -0.000854386 0.0001)
(0.000369102 -0.000889188 0.0001)
(0.000382683 -0.00092388 0.0001)
(0.000317553 -0.000595156 0.0001)
(0.000332254 -0.000627769 0.0001)
(0.000346972 -0.000660332 0.0001)
(0.000361713 -0.000692833 0.0001)
(0.000376482 -0.000725258 0.0001)
(0.000391286 -0.000757594 0.0001)
(0.000406134 -0.000789825 0.0001)
(0.000421032 -0.000821931 0.0001)
(0.000435991 -0.000853893 0.0001)
(0.000451185 -0.0008855 0.0001)
(0.000368458 -0.000578494 0.0001)
(0.000384925 -0.000608369 0.0001)
(0.000401379 -0.000638157 0.0001)
(0.000417822 -0.000667845 0.0001)
(0.000434255 -0.000697419 0.0001)
(0.00045068 -0.000726861 0.0001)
(0.000467097 -0.000756155 0.0001)
(0.00048351 -0.000785281 0.0001)
(0.000499918 -0.000814221 0.0001)
(0.000516356 -0.000842617 0.0001)
(0.000418577 -0.000559722 0.0001)
(0.00043655 -0.000586586 0.0001)
(0.000454475 -0.000613339 0.0001)
(0.00047235 -0.000639968 0.0001)
(0.000490173 -0.00066646 0.0001)
(0.000507941 -0.000692802 0.0001)
(0.000525652 -0.000718978 0.0001)
(0.000543302 -0.000744973 0.0001)
(0.00056089 -0.000770775 0.0001)
(0.000578275 -0.000795927 0.0001)
(0.000467895 -0.000538985 0.0001)
(0.000487111 -0.000562612 0.0001)
(0.000506238 -0.000586112 0.0001)
(0.000525275 -0.000609478 0.0001)
(0.000544218 -0.000632703 0.0001)
(0.000563064 -0.000655778 0.0001)
(0.000581808 -0.000678693 0.0001)
(0.000600446 -0.000701441 0.0001)
(0.000618972 -0.000724013 0.0001)
(0.000637095 -0.000745942 0.0001)
)


// ************************************************************************* //
