/*--------------------------------*- C++ -*----------------------------------*\
| =========                 |                                                 |
| \\      /  F ield         | OpenFOAM: The Open Source CFD Toolbox           |
|  \\    /   O peration     | Version:  2406                                  |
|   \\  /    A nd           | Website:  www.openfoam.com                      |
|    \\/     M anipulation  |                                                 |
\*---------------------------------------------------------------------------*/
FoamFile
{
    version     2.0;
    format      ascii;
    arch        "LSB;label=32;scalar=64";
    class       vectorField;
    location    "constant/polyMesh";
    object      points;
}
// * * * * * * * * * * * * * * * * * * * * * * * * * * * * * * * * * * * * * //


404
(
(0 0 0)
(1 0 0)
(0 1 0)
(1 1 0)
(0 0 0.0009052587742)
(1 0 0.0009052587742)
(0 1 0.0009052587742)
(1 1 0.0009052587742)
(0 0 0.001899722782)
(1 0 0.001899722782)
(0 1 0.001899722782)
(1 1 0.001899722782)
(0 0 0.002992182408)
(1 0 0.002992182408)
(0 1 0.002992182408)
(1 1 0.002992182408)
(0 0 0.004192294254)
(1 0 0.004192294254)
(0 1 0.004192294254)
(1 1 0.004192294254)
(0 0 0.005510666492)
(1 0 0.005510666492)
(0 1 0.005510666492)
(1 1 0.005510666492)
(0 0 0.006958952635)
(1 0 0.006958952635)
(0 1 0.006958952635)
(1 1 0.006958952635)
(0 0 0.008549954549)
(1 0 0.008549954549)
(0 1 0.008549954549)
(1 1 0.008549954549)
(0 0 0.01029773561)
(1 0 0.01029773561)
(0 1 0.01029773561)
(1 1 0.01029773561)
(0 0 0.01221774501)
(1 0 0.01221774501)
(0 1 0.01221774501)
(1 1 0.01221774501)
(0 0 0.01432695433)
(1 0 0.01432695433)
(0 1 0.01432695433)
(1 1 0.01432695433)
(0 0 0.01664400754)
(1 0 0.01664400754)
(0 1 0.01664400754)
(1 1 0.01664400754)
(0 0 0.01918938583)
(1 0 0.01918938583)
(0 1 0.01918938583)
(1 1 0.01918938583)
(0 0 0.0219855886)
(1 0 0.0219855886)
(0 1 0.0219855886)
(1 1 0.0219855886)
(0 0 0.02505733238)
(1 0 0.02505733238)
(0 1 0.02505733238)
(1 1 0.02505733238)
(0 0 0.0284317693)
(1 0 0.0284317693)
(0 1 0.0284317693)
(1 1 0.0284317693)
(0 0 0.03213872709)
(1 0 0.03213872709)
(0 1 0.03213872709)
(1 1 0.03213872709)
(0 0 0.03621097273)
(1 0 0.03621097273)
(0 1 0.03621097273)
(1 1 0.03621097273)
(0 0 0.04068450211)
(1 0 0.04068450211)
(0 1 0.04068450211)
(1 1 0.04068450211)
(0 0 0.04559885819)
(1 0 0.04559885819)
(0 1 0.04559885819)
(1 1 0.04559885819)
(0 0 0.05099748052)
(1 0 0.05099748052)
(0 1 0.05099748052)
(1 1 0.05099748052)
(0 0 0.05692808927)
(1 0 0.05692808927)
(0 1 0.05692808927)
(1 1 0.05692808927)
(0 0 0.06344310697)
(1 0 0.06344310697)
(0 1 0.06344310697)
(1 1 0.06344310697)
(0 0 0.07060012195)
(1 0 0.07060012195)
(0 1 0.07060012195)
(1 1 0.07060012195)
(0 0 0.07846239737)
(1 0 0.07846239737)
(0 1 0.07846239737)
(1 1 0.07846239737)
(0 0 0.08709943038)
(1 0 0.08709943038)
(0 1 0.08709943038)
(1 1 0.08709943038)
(0 0 0.09658756649)
(1 0 0.09658756649)
(0 1 0.09658756649)
(1 1 0.09658756649)
(0 0 0.1070106744)
(1 0 0.1070106744)
(0 1 0.1070106744)
(1 1 0.1070106744)
(0 0 0.1184608872)
(1 0 0.1184608872)
(0 1 0.1184608872)
(1 1 0.1184608872)
(0 0 0.1310394171)
(1 0 0.1310394171)
(0 1 0.1310394171)
(1 1 0.1310394171)
(0 0 0.1448574497)
(1 0 0.1448574497)
(0 1 0.1448574497)
(1 1 0.1448574497)
(0 0 0.160037127)
(1 0 0.160037127)
(0 1 0.160037127)
(1 1 0.160037127)
(0 0 0.176712627)
(1 0 0.176712627)
(0 1 0.176712627)
(1 1 0.176712627)
(0 0 0.1950313498)
(1 0 0.1950313498)
(0 1 0.1950313498)
(1 1 0.1950313498)
(0 0 0.2151552205)
(1 0 0.2151552205)
(0 1 0.2151552205)
(1 1 0.2151552205)
(0 0 0.2372621204)
(1 0 0.2372621204)
(0 1 0.2372621204)
(1 1 0.2372621204)
(0 0 0.2615474595)
(1 0 0.2615474595)
(0 1 0.2615474595)
(1 1 0.2615474595)
(0 0 0.2882259036)
(1 0 0.2882259036)
(0 1 0.2882259036)
(1 1 0.2882259036)
(0 0 0.3175332721)
(1 0 0.3175332721)
(0 1 0.3175332721)
(1 1 0.3175332721)
(0 0 0.3497286221)
(1 0 0.3497286221)
(0 1 0.3497286221)
(1 1 0.3497286221)
(0 0 0.3850965387)
(1 0 0.3850965387)
(0 1 0.3850965387)
(1 1 0.3850965387)
(0 0 0.4239496502)
(1 0 0.4239496502)
(0 1 0.4239496502)
(1 1 0.4239496502)
(0 0 0.4666313916)
(1 0 0.4666313916)
(0 1 0.4666313916)
(1 1 0.4666313916)
(0 0 0.5135190406)
(1 0 0.5135190406)
(0 1 0.5135190406)
(1 1 0.5135190406)
(0 0 0.5650270521)
(1 0 0.5650270521)
(0 1 0.5650270521)
(1 1 0.5650270521)
(0 0 0.6216107218)
(1 0 0.6216107218)
(0 1 0.6216107218)
(1 1 0.6216107218)
(0 0 0.683770211)
(1 0 0.683770211)
(0 1 0.683770211)
(1 1 0.683770211)
(0 0 0.7520549672)
(1 0 0.7520549672)
(0 1 0.7520549672)
(1 1 0.7520549672)
(0 0 0.8270685813)
(1 0 0.8270685813)
(0 1 0.8270685813)
(1 1 0.8270685813)
(0 0 0.9094741226)
(1 0 0.9094741226)
(0 1 0.9094741226)
(1 1 0.9094741226)
(0 0 1)
(1 0 1)
(0 1 1)
(1 1 1)
(0 0 1.090525877)
(1 0 1.090525877)
(0 1 1.090525877)
(1 1 1.090525877)
(0 0 1.172931419)
(1 0 1.172931419)
(0 1 1.172931419)
(1 1 1.172931419)
(0 0 1.247945033)
(1 0 1.247945033)
(0 1 1.247945033)
(1 1 1.247945033)
(0 0 1.316229789)
(1 0 1.316229789)
(0 1 1.316229789)
(1 1 1.316229789)
(0 0 1.378389278)
(1 0 1.378389278)
(0 1 1.378389278)
(1 1 1.378389278)
(0 0 1.434972948)
(1 0 1.434972948)
(0 1 1.434972948)
(1 1 1.434972948)
(0 0 1.486480959)
(1 0 1.486480959)
(0 1 1.486480959)
(1 1 1.486480959)
(0 0 1.533368608)
(1 0 1.533368608)
(0 1 1.533368608)
(1 1 1.533368608)
(0 0 1.57605035)
(1 0 1.57605035)
(0 1 1.57605035)
(1 1 1.57605035)
(0 0 1.614903461)
(1 0 1.614903461)
(0 1 1.614903461)
(1 1 1.614903461)
(0 0 1.650271378)
(1 0 1.650271378)
(0 1 1.650271378)
(1 1 1.650271378)
(0 0 1.682466728)
(1 0 1.682466728)
(0 1 1.682466728)
(1 1 1.682466728)
(0 0 1.711774096)
(1 0 1.711774096)
(0 1 1.711774096)
(1 1 1.711774096)
(0 0 1.73845254)
(1 0 1.73845254)
(0 1 1.73845254)
(1 1 1.73845254)
(0 0 1.76273788)
(1 0 1.76273788)
(0 1 1.76273788)
(1 1 1.76273788)
(0 0 1.784844779)
(1 0 1.784844779)
(0 1 1.784844779)
(1 1 1.784844779)
(0 0 1.80496865)
(1 0 1.80496865)
(0 1 1.80496865)
(1 1 1.80496865)
(0 0 1.823287373)
(1 0 1.823287373)
(0 1 1.823287373)
(1 1 1.823287373)
(0 0 1.839962873)
(1 0 1.839962873)
(0 1 1.839962873)
(1 1 1.839962873)
(0 0 1.85514255)
(1 0 1.85514255)
(0 1 1.85514255)
(1 1 1.85514255)
(0 0 1.868960583)
(1 0 1.868960583)
(0 1 1.868960583)
(1 1 1.868960583)
(0 0 1.881539113)
(1 0 1.881539113)
(0 1 1.881539113)
(1 1 1.881539113)
(0 0 1.892989326)
(1 0 1.892989326)
(0 1 1.892989326)
(1 1 1.892989326)
(0 0 1.903412434)
(1 0 1.903412434)
(0 1 1.903412434)
(1 1 1.903412434)
(0 0 1.91290057)
(1 0 1.91290057)
(0 1 1.91290057)
(1 1 1.91290057)
(0 0 1.921537603)
(1 0 1.921537603)
(0 1 1.921537603)
(1 1 1.921537603)
(0 0 1.929399878)
(1 0 1.929399878)
(0 1 1.929399878)
(1 1 1.929399878)
(0 0 1.936556893)
(1 0 1.936556893)
(0 1 1.936556893)
(1 1 1.936556893)
(0 0 1.943071911)
(1 0 1.943071911)
(0 1 1.943071911)
(1 1 1.943071911)
(0 0 1.949002519)
(1 0 1.949002519)
(0 1 1.949002519)
(1 1 1.949002519)
(0 0 1.954401142)
(1 0 1.954401142)
(0 1 1.954401142)
(1 1 1.954401142)
(0 0 1.959315498)
(1 0 1.959315498)
(0 1 1.959315498)
(1 1 1.959315498)
(0 0 1.963789027)
(1 0 1.963789027)
(0 1 1.963789027)
(1 1 1.963789027)
(0 0 1.967861273)
(1 0 1.967861273)
(0 1 1.967861273)
(1 1 1.967861273)
(0 0 1.971568231)
(1 0 1.971568231)
(0 1 1.971568231)
(1 1 1.971568231)
(0 0 1.974942668)
(1 0 1.974942668)
(0 1 1.974942668)
(1 1 1.974942668)
(0 0 1.978014411)
(1 0 1.978014411)
(0 1 1.978014411)
(1 1 1.978014411)
(0 0 1.980810614)
(1 0 1.980810614)
(0 1 1.980810614)
(1 1 1.980810614)
(0 0 1.983355992)
(1 0 1.983355992)
(0 1 1.983355992)
(1 1 1.983355992)
(0 0 1.985673046)
(1 0 1.985673046)
(0 1 1.985673046)
(1 1 1.985673046)
(0 0 1.987782255)
(1 0 1.987782255)
(0 1 1.987782255)
(1 1 1.987782255)
(0 0 1.989702264)
(1 0 1.989702264)
(0 1 1.989702264)
(1 1 1.989702264)
(0 0 1.991450045)
(1 0 1.991450045)
(0 1 1.991450045)
(1 1 1.991450045)
(0 0 1.993041047)
(1 0 1.993041047)
(0 1 1.993041047)
(1 1 1.993041047)
(0 0 1.994489334)
(1 0 1.994489334)
(0 1 1.994489334)
(1 1 1.994489334)
(0 0 1.995807706)
(1 0 1.995807706)
(0 1 1.995807706)
(1 1 1.995807706)
(0 0 1.997007818)
(1 0 1.997007818)
(0 1 1.997007818)
(1 1 1.997007818)
(0 0 1.998100277)
(1 0 1.998100277)
(0 1 1.998100277)
(1 1 1.998100277)
(0 0 1.999094741)
(1 0 1.999094741)
(0 1 1.999094741)
(1 1 1.999094741)
(0 0 2)
(1 0 2)
(0 1 2)
(1 1 2)
)


// ************************************************************************* //
