/*--------------------------------*- C++ -*----------------------------------*\
| =========                 |                                                 |
| \\      /  F ield         | OpenFOAM: The Open Source CFD Toolbox           |
|  \\    /   O peration     | Version:  2406                                  |
|   \\  /    A nd           | Website:  www.openfoam.com                      |
|    \\/     M anipulation  |                                                 |
\*---------------------------------------------------------------------------*/
FoamFile
{
    version     2.0;
    format      ascii;
    arch        "LSB;label=32;scalar=64";
    class       vectorField;
    location    "constant/polyMesh";
    object      points;
}
// * * * * * * * * * * * * * * * * * * * * * * * * * * * * * * * * * * * * * //


242
(
(0 -0.2 -0.1)
(0.1 -0.2 -0.1)
(0.2 -0.2 -0.1)
(0.3 -0.2 -0.09999999999999998)
(0.4000000000000001 -0.2 -0.1)
(0.5 -0.2 -0.09999999999999999)
(0.6 -0.2 -0.1)
(0.6999999999999998 -0.2 -0.09999999999999999)
(0.8000000000000002 -0.2 -0.1)
(0.9 -0.2 -0.1)
(1 -0.2 -0.1)
(0 -0.1951063782975216 -0.1)
(0.1 -0.1951063782975216 -0.1)
(0.2 -0.1951063782975216 -0.1)
(0.3 -0.1951063782975216 -0.09999999999999998)
(0.4000000000000001 -0.1951063782975216 -0.1)
(0.5 -0.1951063782975216 -0.1)
(0.6 -0.1951063782975216 -0.1)
(0.6999999999999998 -0.1951063782975216 -0.09999999999999999)
(0.8000000000000002 -0.1951063782975216 -0.1)
(0.9 -0.1951063782975216 -0.1)
(1 -0.1951063782975216 -0.1)
(0 -0.1887860228269761 -0.09999999999999999)
(0.09999999999999999 -0.1887860228269761 -0.09999999999999999)
(0.2 -0.1887860228269761 -0.1)
(0.3 -0.1887860228269761 -0.09999999999999999)
(0.4 -0.1887860228269761 -0.09999999999999999)
(0.5 -0.1887860228269761 -0.1)
(0.6 -0.1887860228269761 -0.09999999999999999)
(0.6999999999999998 -0.1887860228269761 -0.09999999999999999)
(0.7999999999999999 -0.1887860228269761 -0.1)
(0.9 -0.1887860228269761 -0.09999999999999999)
(1 -0.1887860228269761 -0.09999999999999999)
(0 -0.1806229698362181 -0.09999999999999999)
(0.09999999999999999 -0.1806229698362181 -0.09999999999999999)
(0.2 -0.1806229698362181 -0.1)
(0.3 -0.1806229698362181 -0.09999999999999998)
(0.4 -0.1806229698362181 -0.09999999999999999)
(0.5 -0.1806229698362181 -0.09999999999999999)
(0.6 -0.1806229698362181 -0.09999999999999999)
(0.7000000000000001 -0.1806229698362181 -0.09999999999999999)
(0.7999999999999999 -0.1806229698362181 -0.09999999999999999)
(0.8999999999999999 -0.1806229698362181 -0.09999999999999999)
(1 -0.1806229698362181 -0.09999999999999999)
(0 -0.1700799814805058 -0.09999999999999999)
(0.09999999999999998 -0.1700799814805057 -0.1)
(0.2 -0.1700799814805058 -0.1)
(0.3 -0.1700799814805058 -0.1)
(0.4 -0.1700799814805058 -0.09999999999999999)
(0.5 -0.1700799814805058 -0.1)
(0.6 -0.1700799814805058 -0.09999999999999999)
(0.7000000000000001 -0.1700799814805058 -0.1)
(0.7999999999999999 -0.1700799814805058 -0.09999999999999999)
(0.9 -0.1700799814805058 -0.1)
(1 -0.1700799814805058 -0.09999999999999999)
(0 -0.1564631884014297 -0.09999999999999999)
(0.09999999999999999 -0.1564631884014297 -0.1)
(0.2 -0.1564631884014297 -0.09999999999999999)
(0.3 -0.1564631884014297 -0.09999999999999998)
(0.4 -0.1564631884014297 -0.1)
(0.5 -0.1564631884014297 -0.1)
(0.6 -0.1564631884014297 -0.1)
(0.6999999999999998 -0.1564631884014297 -0.09999999999999999)
(0.7999999999999999 -0.1564631884014297 -0.09999999999999999)
(0.9 -0.1564631884014297 -0.09999999999999999)
(1 -0.1564631884014297 -0.09999999999999999)
(0 -0.1388764238615721 -0.1)
(0.1 -0.138876423861572 -0.09999999999999999)
(0.2 -0.138876423861572 -0.1)
(0.3 -0.1388764238615721 -0.09999999999999999)
(0.4000000000000001 -0.1388764238615721 -0.1)
(0.5 -0.1388764238615721 -0.09999999999999999)
(0.6 -0.1388764238615721 -0.1)
(0.6999999999999998 -0.138876423861572 -0.1)
(0.8000000000000002 -0.1388764238615721 -0.1)
(0.9 -0.138876423861572 -0.09999999999999999)
(1 -0.1388764238615721 -0.1)
(0 -0.1161622440114233 -0.1)
(0.09999999999999999 -0.1161622440114233 -0.1)
(0.2 -0.1161622440114233 -0.1)
(0.3 -0.1161622440114233 -0.09999999999999999)
(0.4000000000000001 -0.1161622440114232 -0.09999999999999999)
(0.5 -0.1161622440114233 -0.1)
(0.6000000000000001 -0.1161622440114233 -0.09999999999999999)
(0.6999999999999998 -0.1161622440114233 -0.1)
(0.8000000000000002 -0.1161622440114233 -0.1)
(0.9000000000000002 -0.1161622440114233 -0.1)
(1 -0.1161622440114233 -0.1)
(0 -0.08682575263487574 -0.1)
(0.1 -0.08682575263487574 -0.1)
(0.2 -0.08682575263487574 -0.1)
(0.3 -0.08682575263487573 -0.09999999999999999)
(0.4000000000000001 -0.08682575263487574 -0.1)
(0.5 -0.08682575263487574 -0.09999999999999999)
(0.6 -0.08682575263487574 -0.1)
(0.6999999999999998 -0.08682575263487574 -0.1)
(0.8000000000000002 -0.08682575263487574 -0.1)
(0.9 -0.08682575263487574 -0.1)
(1 -0.08682575263487574 -0.1)
(0 -0.04893621702478379 -0.1)
(0.1 -0.04893621702478379 -0.09999999999999999)
(0.2 -0.04893621702478379 -0.1)
(0.3 -0.04893621702478379 -0.09999999999999999)
(0.4000000000000001 -0.04893621702478379 -0.1)
(0.5 -0.04893621702478379 -0.09999999999999999)
(0.6 -0.04893621702478379 -0.09999999999999999)
(0.6999999999999998 -0.04893621702478379 -0.1)
(0.8000000000000002 -0.04893621702478379 -0.09999999999999999)
(0.9 -0.04893621702478379 -0.09999999999999999)
(1 -0.04893621702478379 -0.1)
(0 0 -0.1)
(0.1 0 -0.1)
(0.2 0 -0.1)
(0.3 0 -0.09999999999999999)
(0.4000000000000001 0 -0.1)
(0.5 0 -0.09999999999999999)
(0.6 0 -0.1)
(0.6999999999999998 0 -0.1)
(0.8000000000000002 0 -0.1)
(0.9 0 -0.1)
(1 0 -0.1)
(0 -0.2 0.1)
(0.1 -0.2 0.1)
(0.2 -0.2 0.1)
(0.3 -0.2 0.1)
(0.4000000000000001 -0.2 0.1)
(0.5 -0.2 0.09999999999999999)
(0.6 -0.2 0.1)
(0.6999999999999998 -0.2 0.09999999999999999)
(0.8000000000000002 -0.2 0.1)
(0.9 -0.2 0.1)
(1 -0.2 0.1)
(0 -0.1951063782975216 0.1)
(0.1 -0.1951063782975216 0.1)
(0.2 -0.1951063782975216 0.1)
(0.3 -0.1951063782975216 0.09999999999999999)
(0.4000000000000001 -0.1951063782975216 0.1)
(0.5 -0.1951063782975216 0.1)
(0.6 -0.1951063782975216 0.1)
(0.6999999999999998 -0.1951063782975216 0.09999999999999999)
(0.8000000000000002 -0.1951063782975216 0.1)
(0.9 -0.1951063782975216 0.1)
(1 -0.1951063782975216 0.1)
(0 -0.1887860228269761 0.09999999999999999)
(0.09999999999999999 -0.1887860228269761 0.09999999999999999)
(0.2 -0.1887860228269761 0.1)
(0.3 -0.1887860228269761 0.1)
(0.4 -0.1887860228269761 0.09999999999999999)
(0.5 -0.1887860228269761 0.1)
(0.6 -0.1887860228269761 0.09999999999999999)
(0.6999999999999998 -0.1887860228269761 0.09999999999999999)
(0.7999999999999999 -0.1887860228269761 0.1)
(0.9 -0.1887860228269761 0.09999999999999999)
(1 -0.1887860228269761 0.09999999999999999)
(0 -0.1806229698362181 0.09999999999999999)
(0.09999999999999999 -0.1806229698362181 0.09999999999999999)
(0.2 -0.1806229698362181 0.1)
(0.3 -0.1806229698362181 0.09999999999999999)
(0.4 -0.1806229698362181 0.09999999999999999)
(0.5 -0.1806229698362181 0.09999999999999999)
(0.6 -0.1806229698362181 0.09999999999999999)
(0.7000000000000001 -0.1806229698362181 0.09999999999999999)
(0.7999999999999999 -0.1806229698362181 0.09999999999999999)
(0.8999999999999999 -0.1806229698362181 0.09999999999999999)
(1 -0.1806229698362181 0.09999999999999999)
(0 -0.1700799814805058 0.09999999999999999)
(0.09999999999999998 -0.1700799814805057 0.09999999999999999)
(0.2 -0.1700799814805058 0.1)
(0.3 -0.1700799814805058 0.1)
(0.4 -0.1700799814805058 0.09999999999999999)
(0.5 -0.1700799814805058 0.1)
(0.6 -0.1700799814805058 0.09999999999999999)
(0.7000000000000001 -0.1700799814805058 0.1)
(0.7999999999999999 -0.1700799814805058 0.09999999999999999)
(0.9 -0.1700799814805058 0.1)
(1 -0.1700799814805058 0.09999999999999999)
(0 -0.1564631884014297 0.09999999999999999)
(0.09999999999999999 -0.1564631884014297 0.09999999999999999)
(0.2 -0.1564631884014297 0.09999999999999999)
(0.3 -0.1564631884014297 0.09999999999999999)
(0.4 -0.1564631884014297 0.1)
(0.5 -0.1564631884014297 0.1)
(0.6 -0.1564631884014297 0.1)
(0.6999999999999998 -0.1564631884014297 0.09999999999999998)
(0.7999999999999999 -0.1564631884014297 0.09999999999999999)
(0.9 -0.1564631884014297 0.09999999999999999)
(1 -0.1564631884014297 0.09999999999999999)
(0 -0.1388764238615721 0.1)
(0.1 -0.138876423861572 0.09999999999999999)
(0.2 -0.138876423861572 0.1)
(0.3 -0.138876423861572 0.1)
(0.4000000000000001 -0.1388764238615721 0.1)
(0.5 -0.1388764238615721 0.09999999999999999)
(0.6 -0.1388764238615721 0.1)
(0.6999999999999998 -0.1388764238615721 0.09999999999999999)
(0.8000000000000002 -0.138876423861572 0.1)
(0.9 -0.138876423861572 0.09999999999999999)
(1 -0.1388764238615721 0.1)
(0 -0.1161622440114233 0.1)
(0.09999999999999999 -0.1161622440114233 0.1)
(0.2 -0.1161622440114233 0.1)
(0.3 -0.1161622440114233 0.1)
(0.4000000000000001 -0.1161622440114233 0.09999999999999999)
(0.5 -0.1161622440114233 0.1)
(0.6000000000000001 -0.1161622440114232 0.09999999999999999)
(0.6999999999999998 -0.1161622440114233 0.1)
(0.8000000000000002 -0.1161622440114233 0.1)
(0.9000000000000002 -0.1161622440114233 0.1)
(1 -0.1161622440114233 0.1)
(0 -0.08682575263487574 0.1)
(0.1 -0.08682575263487574 0.1)
(0.2 -0.08682575263487574 0.1)
(0.3 -0.08682575263487573 0.1)
(0.4000000000000001 -0.08682575263487574 0.1)
(0.5 -0.08682575263487574 0.09999999999999999)
(0.6 -0.08682575263487574 0.1)
(0.6999999999999998 -0.08682575263487574 0.09999999999999999)
(0.8000000000000002 -0.08682575263487576 0.1)
(0.9 -0.08682575263487573 0.1)
(1 -0.08682575263487574 0.1)
(0 -0.04893621702478379 0.1)
(0.1 -0.04893621702478379 0.09999999999999999)
(0.2 -0.04893621702478379 0.1)
(0.3 -0.04893621702478379 0.1)
(0.4000000000000001 -0.04893621702478379 0.1)
(0.5 -0.04893621702478379 0.09999999999999999)
(0.6 -0.04893621702478379 0.09999999999999999)
(0.6999999999999998 -0.04893621702478379 0.09999999999999999)
(0.8000000000000002 -0.04893621702478379 0.09999999999999999)
(0.9 -0.0489362170247838 0.09999999999999999)
(1 -0.04893621702478379 0.1)
(0 0 0.1)
(0.1 0 0.1)
(0.2 0 0.1)
(0.3 0 0.09999999999999999)
(0.4000000000000001 0 0.1)
(0.5 0 0.09999999999999999)
(0.6 0 0.1)
(0.6999999999999998 0 0.09999999999999999)
(0.8000000000000002 0 0.1)
(0.9 0 0.1)
(1 0 0.1)
)


// ************************************************************************* //
