/*--------------------------------*- C++ -*----------------------------------*\
| =========                 |                                                 |
| \\      /  F ield         | OpenFOAM: The Open Source CFD Toolbox           |
|  \\    /   O peration     | Version:  2406                                  |
|   \\  /    A nd           | Website:  www.openfoam.com                      |
|    \\/     M anipulation  |                                                 |
\*---------------------------------------------------------------------------*/
FoamFile
{
    version     2.0;
    format      ascii;
    arch        "LSB;label=32;scalar=64";
    class       cellSet;
    location    "constant/polyMesh/sets";
    object      cell1a;
}
// * * * * * * * * * * * * * * * * * * * * * * * * * * * * * * * * * * * * * //


200
(
0
1
2
3
4
5
6
7
8
9
20
21
22
23
24
25
26
27
28
29
40
41
42
43
44
45
46
47
48
49
60
61
62
63
64
65
66
67
68
69
80
81
82
83
84
85
86
87
88
89
100
101
102
103
104
105
106
107
108
109
120
121
122
123
124
125
126
127
128
129
140
141
142
143
144
145
146
147
148
149
160
161
162
163
164
165
166
167
168
169
180
181
182
183
184
185
186
187
188
189
210
211
212
213
214
215
216
217
218
219
230
231
232
233
234
235
236
237
238
239
250
251
252
253
254
255
256
257
258
259
270
271
272
273
274
275
276
277
278
279
290
291
292
293
294
295
296
297
298
299
310
311
312
313
314
315
316
317
318
319
330
331
332
333
334
335
336
337
338
339
350
351
352
353
354
355
356
357
358
359
370
371
372
373
374
375
376
377
378
379
390
391
392
393
394
395
396
397
398
399
)


// ************************************************************************* //
