/*--------------------------------*- C++ -*----------------------------------*\
| =========                 |                                                 |
| \\      /  F ield         | OpenFOAM: The Open Source CFD Toolbox           |
|  \\    /   O peration     | Version:  2406                                  |
|   \\  /    A nd           | Website:  www.openfoam.com                      |
|    \\/     M anipulation  |                                                 |
\*---------------------------------------------------------------------------*/
FoamFile
{
    version     2.0;
    format      ascii;
    arch        "LSB;label=32;scalar=64";
    class       faceSet;
    location    "constant/polyMesh/sets";
    object      faceZoneToFaceZone1;
}
// * * * * * * * * * * * * * * * * * * * * * * * * * * * * * * * * * * * * * //


309
(
2
3
4
5
6
7
8
9
10
11
12
13
14
15
16
17
19
39
40
41
42
43
44
45
46
47
48
49
50
51
52
53
54
55
56
58
78
79
80
81
82
83
84
85
86
87
88
89
90
91
92
93
94
95
117
118
119
120
121
122
123
124
125
126
127
128
129
130
131
132
133
134
156
157
158
159
160
161
162
163
164
165
166
167
168
169
170
171
173
195
196
197
198
199
200
201
202
203
204
205
206
207
208
209
210
1240
1241
1242
1243
1244
1245
1246
1247
1248
1249
234
235
1260
236
1261
237
1262
238
1263
239
1264
240
1265
241
1266
242
1267
243
1268
244
1269
245
246
247
1280
1281
1282
1283
1284
1285
1286
1287
1288
273
274
275
1300
276
1301
277
1302
278
1303
279
1304
280
1305
281
1306
282
1307
283
1308
284
1320
1321
1322
1323
1324
1325
1326
1327
1328
312
313
314
315
1340
316
1341
317
1342
318
1343
319
1344
320
1345
1346
1347
1360
1361
1362
1363
1364
1365
1366
351
353
1380
1381
1382
1383
1384
1385
1400
1401
1402
1403
1404
1420
1421
782
783
784
785
786
787
788
789
822
823
824
825
826
827
828
829
842
843
844
845
846
847
848
849
861
862
863
864
865
866
867
868
869
880
881
882
883
884
885
886
887
888
889
900
901
902
903
904
905
906
907
908
920
921
922
923
924
925
926
927
928
940
941
942
943
944
945
946
947
960
961
962
963
964
965
966
967
980
981
982
983
984
985
986
1000
1001
1002
1003
1004
1020
1021
1022
)


// ************************************************************************* //
