/*--------------------------------*- C++ -*----------------------------------*\
| =========                 |                                                 |
| \\      /  F ield         | OpenFOAM: The Open Source CFD Toolbox           |
|  \\    /   O peration     | Version:  2406                                  |
|   \\  /    A nd           | Website:  www.openfoam.com                      |
|    \\/     M anipulation  |                                                 |
\*---------------------------------------------------------------------------*/
FoamFile
{
    version     2.0;
    format      ascii;
    arch        "LSB;label=32;scalar=64";
    class       faceSet;
    location    "constant/polyMesh/sets";
    object      faceBox1c;
}
// * * * * * * * * * * * * * * * * * * * * * * * * * * * * * * * * * * * * * //


414
(
0
1
2
3
4
5
6
7
8
9
10
11
12
13
14
15
16
17
19
39
40
41
42
43
44
45
46
47
48
49
50
51
52
53
54
55
56
58
78
79
80
81
82
83
84
85
86
87
88
89
90
91
92
93
94
95
96
97
117
118
119
120
121
122
123
124
125
126
127
128
129
130
131
132
133
134
135
136
156
157
158
159
160
161
162
163
164
165
166
167
168
169
170
171
172
173
174
175
195
196
197
198
199
200
201
202
203
204
205
206
207
208
209
210
211
212
213
214
234
235
236
237
238
239
240
241
242
243
244
245
246
247
248
249
250
251
252
253
273
274
275
276
277
278
279
280
281
282
283
284
285
286
287
288
289
290
291
292
312
313
314
315
316
317
318
319
320
321
322
323
324
325
326
327
328
329
330
331
351
353
355
356
357
358
359
360
361
362
363
364
365
366
367
368
369
370
780
781
782
783
784
785
786
787
788
789
820
821
822
823
824
825
826
827
828
829
840
841
842
843
844
845
846
847
848
849
860
861
862
863
864
865
866
867
868
869
880
881
882
883
884
885
886
887
888
889
900
901
902
903
904
905
906
907
908
909
920
921
922
923
924
925
926
927
928
929
940
941
942
943
944
945
946
947
948
949
960
961
962
963
964
965
966
967
968
969
980
981
982
983
984
985
986
987
988
989
1000
1001
1002
1003
1004
1005
1006
1007
1008
1009
1020
1021
1022
1023
1024
1025
1026
1027
1028
1029
1240
1241
1242
1243
1244
1245
1246
1247
1248
1249
1260
1261
1262
1263
1264
1265
1267
1268
1280
1281
1282
1283
1284
1285
1286
1287
1288
1289
1300
1301
1302
1303
1304
1305
1306
1307
1308
1309
1320
1321
1322
1323
1324
1325
1326
1327
1328
1329
1340
1341
1342
1343
1344
1345
1346
1347
1348
1349
1360
1361
1362
1363
1364
1365
1366
1367
1368
1369
1380
1381
1382
1383
1384
1385
1386
1387
1388
1389
1400
1401
1402
1403
1404
1405
1406
1407
1408
1409
1420
1421
1422
1423
1424
1425
1426
1427
1428
1429
)


// ************************************************************************* //
