/*--------------------------------*- C++ -*----------------------------------*\
| =========                 |                                                 |
| \\      /  F ield         | OpenFOAM: The Open Source CFD Toolbox           |
|  \\    /   O peration     | Version:  2406                                  |
|   \\  /    A nd           | Website:  www.openfoam.com                      |
|    \\/     M anipulation  |                                                 |
\*---------------------------------------------------------------------------*/
FoamFile
{
    version     2.0;
    format      ascii;
    arch        "LSB;label=32;scalar=64";
    note        "nPoints:9922  nCells:4800  nFaces:19360  nInternalFaces:9440";
    class       labelList;
    location    "constant/polyMesh";
    object      neighbour;
}
// * * * * * * * * * * * * * * * * * * * * * * * * * * * * * * * * * * * * * //


9440
(
1
40
2
41
3
42
4
43
5
44
6
45
7
46
8
47
9
48
10
49
11
50
12
51
13
52
14
53
15
54
16
55
17
56
18
57
19
58
20
59
21
60
22
61
23
62
24
63
25
64
26
65
27
66
28
67
29
68
30
69
31
70
32
71
33
72
34
73
35
74
36
75
37
76
38
77
39
78
79
1600
41
80
42
81
43
82
44
83
45
84
46
85
47
86
48
87
49
88
50
89
51
90
52
91
53
92
54
93
55
94
56
95
57
96
58
97
59
98
60
99
61
100
62
101
63
102
64
103
65
104
66
105
67
106
68
107
69
108
70
109
71
110
72
111
73
112
74
113
75
114
76
115
77
116
78
117
79
118
119
1680
81
120
82
121
83
122
84
123
85
124
86
125
87
126
88
127
89
128
90
129
91
130
92
131
93
132
94
133
95
134
96
135
97
136
98
137
99
138
100
139
101
140
102
141
103
142
104
143
105
144
106
145
107
146
108
147
109
148
110
149
111
150
112
151
113
152
114
153
115
154
116
155
117
156
118
157
119
158
159
1760
121
160
122
161
123
162
124
163
125
164
126
165
127
166
128
167
129
168
130
169
131
170
132
171
133
172
134
173
135
174
136
175
137
176
138
177
139
178
140
179
141
180
142
181
143
182
144
183
145
184
146
185
147
186
148
187
149
188
150
189
151
190
152
191
153
192
154
193
155
194
156
195
157
196
158
197
159
198
199
1840
161
200
162
201
163
202
164
203
165
204
166
205
167
206
168
207
169
208
170
209
171
210
172
211
173
212
174
213
175
214
176
215
177
216
178
217
179
218
180
219
181
220
182
221
183
222
184
223
185
224
186
225
187
226
188
227
189
228
190
229
191
230
192
231
193
232
194
233
195
234
196
235
197
236
198
237
199
238
239
1920
201
240
202
241
203
242
204
243
205
244
206
245
207
246
208
247
209
248
210
249
211
250
212
251
213
252
214
253
215
254
216
255
217
256
218
257
219
258
220
259
221
260
222
261
223
262
224
263
225
264
226
265
227
266
228
267
229
268
230
269
231
270
232
271
233
272
234
273
235
274
236
275
237
276
238
277
239
278
279
2000
241
280
242
281
243
282
244
283
245
284
246
285
247
286
248
287
249
288
250
289
251
290
252
291
253
292
254
293
255
294
256
295
257
296
258
297
259
298
260
299
261
300
262
301
263
302
264
303
265
304
266
305
267
306
268
307
269
308
270
309
271
310
272
311
273
312
274
313
275
314
276
315
277
316
278
317
279
318
319
2080
281
320
282
321
283
322
284
323
285
324
286
325
287
326
288
327
289
328
290
329
291
330
292
331
293
332
294
333
295
334
296
335
297
336
298
337
299
338
300
339
301
340
302
341
303
342
304
343
305
344
306
345
307
346
308
347
309
348
310
349
311
350
312
351
313
352
314
353
315
354
316
355
317
356
318
357
319
358
359
2160
321
360
322
361
323
362
324
363
325
364
326
365
327
366
328
367
329
368
330
369
331
370
332
371
333
372
334
373
335
374
336
375
337
376
338
377
339
378
340
379
341
380
342
381
343
382
344
383
345
384
346
385
347
386
348
387
349
388
350
389
351
390
352
391
353
392
354
393
355
394
356
395
357
396
358
397
359
398
399
2240
361
400
362
401
363
402
364
403
365
404
366
405
367
406
368
407
369
408
370
409
371
410
372
411
373
412
374
413
375
414
376
415
377
416
378
417
379
418
380
419
381
420
382
421
383
422
384
423
385
424
386
425
387
426
388
427
389
428
390
429
391
430
392
431
393
432
394
433
395
434
396
435
397
436
398
437
399
438
439
2320
401
440
402
441
403
442
404
443
405
444
406
445
407
446
408
447
409
448
410
449
411
450
412
451
413
452
414
453
415
454
416
455
417
456
418
457
419
458
420
459
421
460
422
461
423
462
424
463
425
464
426
465
427
466
428
467
429
468
430
469
431
470
432
471
433
472
434
473
435
474
436
475
437
476
438
477
439
478
479
2400
441
480
442
481
443
482
444
483
445
484
446
485
447
486
448
487
449
488
450
489
451
490
452
491
453
492
454
493
455
494
456
495
457
496
458
497
459
498
460
499
461
500
462
501
463
502
464
503
465
504
466
505
467
506
468
507
469
508
470
509
471
510
472
511
473
512
474
513
475
514
476
515
477
516
478
517
479
518
519
2480
481
520
482
521
483
522
484
523
485
524
486
525
487
526
488
527
489
528
490
529
491
530
492
531
493
532
494
533
495
534
496
535
497
536
498
537
499
538
500
539
501
540
502
541
503
542
504
543
505
544
506
545
507
546
508
547
509
548
510
549
511
550
512
551
513
552
514
553
515
554
516
555
517
556
518
557
519
558
559
2560
521
560
522
561
523
562
524
563
525
564
526
565
527
566
528
567
529
568
530
569
531
570
532
571
533
572
534
573
535
574
536
575
537
576
538
577
539
578
540
579
541
580
542
581
543
582
544
583
545
584
546
585
547
586
548
587
549
588
550
589
551
590
552
591
553
592
554
593
555
594
556
595
557
596
558
597
559
598
599
2640
561
600
562
601
563
602
564
603
565
604
566
605
567
606
568
607
569
608
570
609
571
610
572
611
573
612
574
613
575
614
576
615
577
616
578
617
579
618
580
619
581
620
582
621
583
622
584
623
585
624
586
625
587
626
588
627
589
628
590
629
591
630
592
631
593
632
594
633
595
634
596
635
597
636
598
637
599
638
639
2720
601
640
602
641
603
642
604
643
605
644
606
645
607
646
608
647
609
648
610
649
611
650
612
651
613
652
614
653
615
654
616
655
617
656
618
657
619
658
620
659
621
660
622
661
623
662
624
663
625
664
626
665
627
666
628
667
629
668
630
669
631
670
632
671
633
672
634
673
635
674
636
675
637
676
638
677
639
678
679
2800
641
680
642
681
643
682
644
683
645
684
646
685
647
686
648
687
649
688
650
689
651
690
652
691
653
692
654
693
655
694
656
695
657
696
658
697
659
698
660
699
661
700
662
701
663
702
664
703
665
704
666
705
667
706
668
707
669
708
670
709
671
710
672
711
673
712
674
713
675
714
676
715
677
716
678
717
679
718
719
2880
681
720
682
721
683
722
684
723
685
724
686
725
687
726
688
727
689
728
690
729
691
730
692
731
693
732
694
733
695
734
696
735
697
736
698
737
699
738
700
739
701
740
702
741
703
742
704
743
705
744
706
745
707
746
708
747
709
748
710
749
711
750
712
751
713
752
714
753
715
754
716
755
717
756
718
757
719
758
759
2960
721
760
722
761
723
762
724
763
725
764
726
765
727
766
728
767
729
768
730
769
731
770
732
771
733
772
734
773
735
774
736
775
737
776
738
777
739
778
740
779
741
780
742
781
743
782
744
783
745
784
746
785
747
786
748
787
749
788
750
789
751
790
752
791
753
792
754
793
755
794
756
795
757
796
758
797
759
798
799
3040
761
800
762
801
763
802
764
803
765
804
766
805
767
806
768
807
769
808
770
809
771
810
772
811
773
812
774
813
775
814
776
815
777
816
778
817
779
818
780
819
781
820
782
821
783
822
784
823
785
824
786
825
787
826
788
827
789
828
790
829
791
830
792
831
793
832
794
833
795
834
796
835
797
836
798
837
799
838
839
3120
801
840
802
841
803
842
804
843
805
844
806
845
807
846
808
847
809
848
810
849
811
850
812
851
813
852
814
853
815
854
816
855
817
856
818
857
819
858
820
859
821
860
822
861
823
862
824
863
825
864
826
865
827
866
828
867
829
868
830
869
831
870
832
871
833
872
834
873
835
874
836
875
837
876
838
877
839
878
879
3200
841
880
842
881
843
882
844
883
845
884
846
885
847
886
848
887
849
888
850
889
851
890
852
891
853
892
854
893
855
894
856
895
857
896
858
897
859
898
860
899
861
900
862
901
863
902
864
903
865
904
866
905
867
906
868
907
869
908
870
909
871
910
872
911
873
912
874
913
875
914
876
915
877
916
878
917
879
918
919
3280
881
920
882
921
883
922
884
923
885
924
886
925
887
926
888
927
889
928
890
929
891
930
892
931
893
932
894
933
895
934
896
935
897
936
898
937
899
938
900
939
901
940
902
941
903
942
904
943
905
944
906
945
907
946
908
947
909
948
910
949
911
950
912
951
913
952
914
953
915
954
916
955
917
956
918
957
919
958
959
3360
921
960
922
961
923
962
924
963
925
964
926
965
927
966
928
967
929
968
930
969
931
970
932
971
933
972
934
973
935
974
936
975
937
976
938
977
939
978
940
979
941
980
942
981
943
982
944
983
945
984
946
985
947
986
948
987
949
988
950
989
951
990
952
991
953
992
954
993
955
994
956
995
957
996
958
997
959
998
999
3440
961
1000
962
1001
963
1002
964
1003
965
1004
966
1005
967
1006
968
1007
969
1008
970
1009
971
1010
972
1011
973
1012
974
1013
975
1014
976
1015
977
1016
978
1017
979
1018
980
1019
981
1020
982
1021
983
1022
984
1023
985
1024
986
1025
987
1026
988
1027
989
1028
990
1029
991
1030
992
1031
993
1032
994
1033
995
1034
996
1035
997
1036
998
1037
999
1038
1039
3520
1001
1040
1002
1041
1003
1042
1004
1043
1005
1044
1006
1045
1007
1046
1008
1047
1009
1048
1010
1049
1011
1050
1012
1051
1013
1052
1014
1053
1015
1054
1016
1055
1017
1056
1018
1057
1019
1058
1020
1059
1021
1060
1022
1061
1023
1062
1024
1063
1025
1064
1026
1065
1027
1066
1028
1067
1029
1068
1030
1069
1031
1070
1032
1071
1033
1072
1034
1073
1035
1074
1036
1075
1037
1076
1038
1077
1039
1078
1079
3600
1041
1080
1042
1081
1043
1082
1044
1083
1045
1084
1046
1085
1047
1086
1048
1087
1049
1088
1050
1089
1051
1090
1052
1091
1053
1092
1054
1093
1055
1094
1056
1095
1057
1096
1058
1097
1059
1098
1060
1099
1061
1100
1062
1101
1063
1102
1064
1103
1065
1104
1066
1105
1067
1106
1068
1107
1069
1108
1070
1109
1071
1110
1072
1111
1073
1112
1074
1113
1075
1114
1076
1115
1077
1116
1078
1117
1079
1118
1119
3680
1081
1120
1082
1121
1083
1122
1084
1123
1085
1124
1086
1125
1087
1126
1088
1127
1089
1128
1090
1129
1091
1130
1092
1131
1093
1132
1094
1133
1095
1134
1096
1135
1097
1136
1098
1137
1099
1138
1100
1139
1101
1140
1102
1141
1103
1142
1104
1143
1105
1144
1106
1145
1107
1146
1108
1147
1109
1148
1110
1149
1111
1150
1112
1151
1113
1152
1114
1153
1115
1154
1116
1155
1117
1156
1118
1157
1119
1158
1159
3760
1121
1160
1122
1161
1123
1162
1124
1163
1125
1164
1126
1165
1127
1166
1128
1167
1129
1168
1130
1169
1131
1170
1132
1171
1133
1172
1134
1173
1135
1174
1136
1175
1137
1176
1138
1177
1139
1178
1140
1179
1141
1180
1142
1181
1143
1182
1144
1183
1145
1184
1146
1185
1147
1186
1148
1187
1149
1188
1150
1189
1151
1190
1152
1191
1153
1192
1154
1193
1155
1194
1156
1195
1157
1196
1158
1197
1159
1198
1199
3840
1161
1200
1162
1201
1163
1202
1164
1203
1165
1204
1166
1205
1167
1206
1168
1207
1169
1208
1170
1209
1171
1210
1172
1211
1173
1212
1174
1213
1175
1214
1176
1215
1177
1216
1178
1217
1179
1218
1180
1219
1181
1220
1182
1221
1183
1222
1184
1223
1185
1224
1186
1225
1187
1226
1188
1227
1189
1228
1190
1229
1191
1230
1192
1231
1193
1232
1194
1233
1195
1234
1196
1235
1197
1236
1198
1237
1199
1238
1239
3920
1201
1240
1202
1241
1203
1242
1204
1243
1205
1244
1206
1245
1207
1246
1208
1247
1209
1248
1210
1249
1211
1250
1212
1251
1213
1252
1214
1253
1215
1254
1216
1255
1217
1256
1218
1257
1219
1258
1220
1259
1221
1260
1222
1261
1223
1262
1224
1263
1225
1264
1226
1265
1227
1266
1228
1267
1229
1268
1230
1269
1231
1270
1232
1271
1233
1272
1234
1273
1235
1274
1236
1275
1237
1276
1238
1277
1239
1278
1279
4000
1241
1280
1242
1281
1243
1282
1244
1283
1245
1284
1246
1285
1247
1286
1248
1287
1249
1288
1250
1289
1251
1290
1252
1291
1253
1292
1254
1293
1255
1294
1256
1295
1257
1296
1258
1297
1259
1298
1260
1299
1261
1300
1262
1301
1263
1302
1264
1303
1265
1304
1266
1305
1267
1306
1268
1307
1269
1308
1270
1309
1271
1310
1272
1311
1273
1312
1274
1313
1275
1314
1276
1315
1277
1316
1278
1317
1279
1318
1319
4080
1281
1320
1282
1321
1283
1322
1284
1323
1285
1324
1286
1325
1287
1326
1288
1327
1289
1328
1290
1329
1291
1330
1292
1331
1293
1332
1294
1333
1295
1334
1296
1335
1297
1336
1298
1337
1299
1338
1300
1339
1301
1340
1302
1341
1303
1342
1304
1343
1305
1344
1306
1345
1307
1346
1308
1347
1309
1348
1310
1349
1311
1350
1312
1351
1313
1352
1314
1353
1315
1354
1316
1355
1317
1356
1318
1357
1319
1358
1359
4160
1321
1360
1322
1361
1323
1362
1324
1363
1325
1364
1326
1365
1327
1366
1328
1367
1329
1368
1330
1369
1331
1370
1332
1371
1333
1372
1334
1373
1335
1374
1336
1375
1337
1376
1338
1377
1339
1378
1340
1379
1341
1380
1342
1381
1343
1382
1344
1383
1345
1384
1346
1385
1347
1386
1348
1387
1349
1388
1350
1389
1351
1390
1352
1391
1353
1392
1354
1393
1355
1394
1356
1395
1357
1396
1358
1397
1359
1398
1399
4240
1361
1400
1362
1401
1363
1402
1364
1403
1365
1404
1366
1405
1367
1406
1368
1407
1369
1408
1370
1409
1371
1410
1372
1411
1373
1412
1374
1413
1375
1414
1376
1415
1377
1416
1378
1417
1379
1418
1380
1419
1381
1420
1382
1421
1383
1422
1384
1423
1385
1424
1386
1425
1387
1426
1388
1427
1389
1428
1390
1429
1391
1430
1392
1431
1393
1432
1394
1433
1395
1434
1396
1435
1397
1436
1398
1437
1399
1438
1439
4320
1401
1440
1402
1441
1403
1442
1404
1443
1405
1444
1406
1445
1407
1446
1408
1447
1409
1448
1410
1449
1411
1450
1412
1451
1413
1452
1414
1453
1415
1454
1416
1455
1417
1456
1418
1457
1419
1458
1420
1459
1421
1460
1422
1461
1423
1462
1424
1463
1425
1464
1426
1465
1427
1466
1428
1467
1429
1468
1430
1469
1431
1470
1432
1471
1433
1472
1434
1473
1435
1474
1436
1475
1437
1476
1438
1477
1439
1478
1479
4400
1441
1480
1442
1481
1443
1482
1444
1483
1445
1484
1446
1485
1447
1486
1448
1487
1449
1488
1450
1489
1451
1490
1452
1491
1453
1492
1454
1493
1455
1494
1456
1495
1457
1496
1458
1497
1459
1498
1460
1499
1461
1500
1462
1501
1463
1502
1464
1503
1465
1504
1466
1505
1467
1506
1468
1507
1469
1508
1470
1509
1471
1510
1472
1511
1473
1512
1474
1513
1475
1514
1476
1515
1477
1516
1478
1517
1479
1518
1519
4480
1481
1520
1482
1521
1483
1522
1484
1523
1485
1524
1486
1525
1487
1526
1488
1527
1489
1528
1490
1529
1491
1530
1492
1531
1493
1532
1494
1533
1495
1534
1496
1535
1497
1536
1498
1537
1499
1538
1500
1539
1501
1540
1502
1541
1503
1542
1504
1543
1505
1544
1506
1545
1507
1546
1508
1547
1509
1548
1510
1549
1511
1550
1512
1551
1513
1552
1514
1553
1515
1554
1516
1555
1517
1556
1518
1557
1519
1558
1559
4560
1521
1560
1522
1561
1523
1562
1524
1563
1525
1564
1526
1565
1527
1566
1528
1567
1529
1568
1530
1569
1531
1570
1532
1571
1533
1572
1534
1573
1535
1574
1536
1575
1537
1576
1538
1577
1539
1578
1540
1579
1541
1580
1542
1581
1543
1582
1544
1583
1545
1584
1546
1585
1547
1586
1548
1587
1549
1588
1550
1589
1551
1590
1552
1591
1553
1592
1554
1593
1555
1594
1556
1595
1557
1596
1558
1597
1559
1598
1599
4640
1561
1562
1563
1564
1565
1566
1567
1568
1569
1570
1571
1572
1573
1574
1575
1576
1577
1578
1579
1580
1581
1582
1583
1584
1585
1586
1587
1588
1589
1590
1591
1592
1593
1594
1595
1596
1597
1598
1599
4720
1601
1680
1602
1681
1603
1682
1604
1683
1605
1684
1606
1685
1607
1686
1608
1687
1609
1688
1610
1689
1611
1690
1612
1691
1613
1692
1614
1693
1615
1694
1616
1695
1617
1696
1618
1697
1619
1698
1620
1699
1621
1700
1622
1701
1623
1702
1624
1703
1625
1704
1626
1705
1627
1706
1628
1707
1629
1708
1630
1709
1631
1710
1632
1711
1633
1712
1634
1713
1635
1714
1636
1715
1637
1716
1638
1717
1639
1718
1640
1719
1641
1720
1642
1721
1643
1722
1644
1723
1645
1724
1646
1725
1647
1726
1648
1727
1649
1728
1650
1729
1651
1730
1652
1731
1653
1732
1654
1733
1655
1734
1656
1735
1657
1736
1658
1737
1659
1738
1660
1739
1661
1740
1662
1741
1663
1742
1664
1743
1665
1744
1666
1745
1667
1746
1668
1747
1669
1748
1670
1749
1671
1750
1672
1751
1673
1752
1674
1753
1675
1754
1676
1755
1677
1756
1678
1757
1679
1758
1759
1681
1760
1682
1761
1683
1762
1684
1763
1685
1764
1686
1765
1687
1766
1688
1767
1689
1768
1690
1769
1691
1770
1692
1771
1693
1772
1694
1773
1695
1774
1696
1775
1697
1776
1698
1777
1699
1778
1700
1779
1701
1780
1702
1781
1703
1782
1704
1783
1705
1784
1706
1785
1707
1786
1708
1787
1709
1788
1710
1789
1711
1790
1712
1791
1713
1792
1714
1793
1715
1794
1716
1795
1717
1796
1718
1797
1719
1798
1720
1799
1721
1800
1722
1801
1723
1802
1724
1803
1725
1804
1726
1805
1727
1806
1728
1807
1729
1808
1730
1809
1731
1810
1732
1811
1733
1812
1734
1813
1735
1814
1736
1815
1737
1816
1738
1817
1739
1818
1740
1819
1741
1820
1742
1821
1743
1822
1744
1823
1745
1824
1746
1825
1747
1826
1748
1827
1749
1828
1750
1829
1751
1830
1752
1831
1753
1832
1754
1833
1755
1834
1756
1835
1757
1836
1758
1837
1759
1838
1839
1761
1840
1762
1841
1763
1842
1764
1843
1765
1844
1766
1845
1767
1846
1768
1847
1769
1848
1770
1849
1771
1850
1772
1851
1773
1852
1774
1853
1775
1854
1776
1855
1777
1856
1778
1857
1779
1858
1780
1859
1781
1860
1782
1861
1783
1862
1784
1863
1785
1864
1786
1865
1787
1866
1788
1867
1789
1868
1790
1869
1791
1870
1792
1871
1793
1872
1794
1873
1795
1874
1796
1875
1797
1876
1798
1877
1799
1878
1800
1879
1801
1880
1802
1881
1803
1882
1804
1883
1805
1884
1806
1885
1807
1886
1808
1887
1809
1888
1810
1889
1811
1890
1812
1891
1813
1892
1814
1893
1815
1894
1816
1895
1817
1896
1818
1897
1819
1898
1820
1899
1821
1900
1822
1901
1823
1902
1824
1903
1825
1904
1826
1905
1827
1906
1828
1907
1829
1908
1830
1909
1831
1910
1832
1911
1833
1912
1834
1913
1835
1914
1836
1915
1837
1916
1838
1917
1839
1918
1919
1841
1920
1842
1921
1843
1922
1844
1923
1845
1924
1846
1925
1847
1926
1848
1927
1849
1928
1850
1929
1851
1930
1852
1931
1853
1932
1854
1933
1855
1934
1856
1935
1857
1936
1858
1937
1859
1938
1860
1939
1861
1940
1862
1941
1863
1942
1864
1943
1865
1944
1866
1945
1867
1946
1868
1947
1869
1948
1870
1949
1871
1950
1872
1951
1873
1952
1874
1953
1875
1954
1876
1955
1877
1956
1878
1957
1879
1958
1880
1959
1881
1960
1882
1961
1883
1962
1884
1963
1885
1964
1886
1965
1887
1966
1888
1967
1889
1968
1890
1969
1891
1970
1892
1971
1893
1972
1894
1973
1895
1974
1896
1975
1897
1976
1898
1977
1899
1978
1900
1979
1901
1980
1902
1981
1903
1982
1904
1983
1905
1984
1906
1985
1907
1986
1908
1987
1909
1988
1910
1989
1911
1990
1912
1991
1913
1992
1914
1993
1915
1994
1916
1995
1917
1996
1918
1997
1919
1998
1999
1921
2000
1922
2001
1923
2002
1924
2003
1925
2004
1926
2005
1927
2006
1928
2007
1929
2008
1930
2009
1931
2010
1932
2011
1933
2012
1934
2013
1935
2014
1936
2015
1937
2016
1938
2017
1939
2018
1940
2019
1941
2020
1942
2021
1943
2022
1944
2023
1945
2024
1946
2025
1947
2026
1948
2027
1949
2028
1950
2029
1951
2030
1952
2031
1953
2032
1954
2033
1955
2034
1956
2035
1957
2036
1958
2037
1959
2038
1960
2039
1961
2040
1962
2041
1963
2042
1964
2043
1965
2044
1966
2045
1967
2046
1968
2047
1969
2048
1970
2049
1971
2050
1972
2051
1973
2052
1974
2053
1975
2054
1976
2055
1977
2056
1978
2057
1979
2058
1980
2059
1981
2060
1982
2061
1983
2062
1984
2063
1985
2064
1986
2065
1987
2066
1988
2067
1989
2068
1990
2069
1991
2070
1992
2071
1993
2072
1994
2073
1995
2074
1996
2075
1997
2076
1998
2077
1999
2078
2079
2001
2080
2002
2081
2003
2082
2004
2083
2005
2084
2006
2085
2007
2086
2008
2087
2009
2088
2010
2089
2011
2090
2012
2091
2013
2092
2014
2093
2015
2094
2016
2095
2017
2096
2018
2097
2019
2098
2020
2099
2021
2100
2022
2101
2023
2102
2024
2103
2025
2104
2026
2105
2027
2106
2028
2107
2029
2108
2030
2109
2031
2110
2032
2111
2033
2112
2034
2113
2035
2114
2036
2115
2037
2116
2038
2117
2039
2118
2040
2119
2041
2120
2042
2121
2043
2122
2044
2123
2045
2124
2046
2125
2047
2126
2048
2127
2049
2128
2050
2129
2051
2130
2052
2131
2053
2132
2054
2133
2055
2134
2056
2135
2057
2136
2058
2137
2059
2138
2060
2139
2061
2140
2062
2141
2063
2142
2064
2143
2065
2144
2066
2145
2067
2146
2068
2147
2069
2148
2070
2149
2071
2150
2072
2151
2073
2152
2074
2153
2075
2154
2076
2155
2077
2156
2078
2157
2079
2158
2159
2081
2160
2082
2161
2083
2162
2084
2163
2085
2164
2086
2165
2087
2166
2088
2167
2089
2168
2090
2169
2091
2170
2092
2171
2093
2172
2094
2173
2095
2174
2096
2175
2097
2176
2098
2177
2099
2178
2100
2179
2101
2180
2102
2181
2103
2182
2104
2183
2105
2184
2106
2185
2107
2186
2108
2187
2109
2188
2110
2189
2111
2190
2112
2191
2113
2192
2114
2193
2115
2194
2116
2195
2117
2196
2118
2197
2119
2198
2120
2199
2121
2200
2122
2201
2123
2202
2124
2203
2125
2204
2126
2205
2127
2206
2128
2207
2129
2208
2130
2209
2131
2210
2132
2211
2133
2212
2134
2213
2135
2214
2136
2215
2137
2216
2138
2217
2139
2218
2140
2219
2141
2220
2142
2221
2143
2222
2144
2223
2145
2224
2146
2225
2147
2226
2148
2227
2149
2228
2150
2229
2151
2230
2152
2231
2153
2232
2154
2233
2155
2234
2156
2235
2157
2236
2158
2237
2159
2238
2239
2161
2240
2162
2241
2163
2242
2164
2243
2165
2244
2166
2245
2167
2246
2168
2247
2169
2248
2170
2249
2171
2250
2172
2251
2173
2252
2174
2253
2175
2254
2176
2255
2177
2256
2178
2257
2179
2258
2180
2259
2181
2260
2182
2261
2183
2262
2184
2263
2185
2264
2186
2265
2187
2266
2188
2267
2189
2268
2190
2269
2191
2270
2192
2271
2193
2272
2194
2273
2195
2274
2196
2275
2197
2276
2198
2277
2199
2278
2200
2279
2201
2280
2202
2281
2203
2282
2204
2283
2205
2284
2206
2285
2207
2286
2208
2287
2209
2288
2210
2289
2211
2290
2212
2291
2213
2292
2214
2293
2215
2294
2216
2295
2217
2296
2218
2297
2219
2298
2220
2299
2221
2300
2222
2301
2223
2302
2224
2303
2225
2304
2226
2305
2227
2306
2228
2307
2229
2308
2230
2309
2231
2310
2232
2311
2233
2312
2234
2313
2235
2314
2236
2315
2237
2316
2238
2317
2239
2318
2319
2241
2320
2242
2321
2243
2322
2244
2323
2245
2324
2246
2325
2247
2326
2248
2327
2249
2328
2250
2329
2251
2330
2252
2331
2253
2332
2254
2333
2255
2334
2256
2335
2257
2336
2258
2337
2259
2338
2260
2339
2261
2340
2262
2341
2263
2342
2264
2343
2265
2344
2266
2345
2267
2346
2268
2347
2269
2348
2270
2349
2271
2350
2272
2351
2273
2352
2274
2353
2275
2354
2276
2355
2277
2356
2278
2357
2279
2358
2280
2359
2281
2360
2282
2361
2283
2362
2284
2363
2285
2364
2286
2365
2287
2366
2288
2367
2289
2368
2290
2369
2291
2370
2292
2371
2293
2372
2294
2373
2295
2374
2296
2375
2297
2376
2298
2377
2299
2378
2300
2379
2301
2380
2302
2381
2303
2382
2304
2383
2305
2384
2306
2385
2307
2386
2308
2387
2309
2388
2310
2389
2311
2390
2312
2391
2313
2392
2314
2393
2315
2394
2316
2395
2317
2396
2318
2397
2319
2398
2399
2321
2400
2322
2401
2323
2402
2324
2403
2325
2404
2326
2405
2327
2406
2328
2407
2329
2408
2330
2409
2331
2410
2332
2411
2333
2412
2334
2413
2335
2414
2336
2415
2337
2416
2338
2417
2339
2418
2340
2419
2341
2420
2342
2421
2343
2422
2344
2423
2345
2424
2346
2425
2347
2426
2348
2427
2349
2428
2350
2429
2351
2430
2352
2431
2353
2432
2354
2433
2355
2434
2356
2435
2357
2436
2358
2437
2359
2438
2360
2439
2361
2440
2362
2441
2363
2442
2364
2443
2365
2444
2366
2445
2367
2446
2368
2447
2369
2448
2370
2449
2371
2450
2372
2451
2373
2452
2374
2453
2375
2454
2376
2455
2377
2456
2378
2457
2379
2458
2380
2459
2381
2460
2382
2461
2383
2462
2384
2463
2385
2464
2386
2465
2387
2466
2388
2467
2389
2468
2390
2469
2391
2470
2392
2471
2393
2472
2394
2473
2395
2474
2396
2475
2397
2476
2398
2477
2399
2478
2479
2401
2480
2402
2481
2403
2482
2404
2483
2405
2484
2406
2485
2407
2486
2408
2487
2409
2488
2410
2489
2411
2490
2412
2491
2413
2492
2414
2493
2415
2494
2416
2495
2417
2496
2418
2497
2419
2498
2420
2499
2421
2500
2422
2501
2423
2502
2424
2503
2425
2504
2426
2505
2427
2506
2428
2507
2429
2508
2430
2509
2431
2510
2432
2511
2433
2512
2434
2513
2435
2514
2436
2515
2437
2516
2438
2517
2439
2518
2440
2519
2441
2520
2442
2521
2443
2522
2444
2523
2445
2524
2446
2525
2447
2526
2448
2527
2449
2528
2450
2529
2451
2530
2452
2531
2453
2532
2454
2533
2455
2534
2456
2535
2457
2536
2458
2537
2459
2538
2460
2539
2461
2540
2462
2541
2463
2542
2464
2543
2465
2544
2466
2545
2467
2546
2468
2547
2469
2548
2470
2549
2471
2550
2472
2551
2473
2552
2474
2553
2475
2554
2476
2555
2477
2556
2478
2557
2479
2558
2559
2481
2560
2482
2561
2483
2562
2484
2563
2485
2564
2486
2565
2487
2566
2488
2567
2489
2568
2490
2569
2491
2570
2492
2571
2493
2572
2494
2573
2495
2574
2496
2575
2497
2576
2498
2577
2499
2578
2500
2579
2501
2580
2502
2581
2503
2582
2504
2583
2505
2584
2506
2585
2507
2586
2508
2587
2509
2588
2510
2589
2511
2590
2512
2591
2513
2592
2514
2593
2515
2594
2516
2595
2517
2596
2518
2597
2519
2598
2520
2599
2521
2600
2522
2601
2523
2602
2524
2603
2525
2604
2526
2605
2527
2606
2528
2607
2529
2608
2530
2609
2531
2610
2532
2611
2533
2612
2534
2613
2535
2614
2536
2615
2537
2616
2538
2617
2539
2618
2540
2619
2541
2620
2542
2621
2543
2622
2544
2623
2545
2624
2546
2625
2547
2626
2548
2627
2549
2628
2550
2629
2551
2630
2552
2631
2553
2632
2554
2633
2555
2634
2556
2635
2557
2636
2558
2637
2559
2638
2639
2561
2640
2562
2641
2563
2642
2564
2643
2565
2644
2566
2645
2567
2646
2568
2647
2569
2648
2570
2649
2571
2650
2572
2651
2573
2652
2574
2653
2575
2654
2576
2655
2577
2656
2578
2657
2579
2658
2580
2659
2581
2660
2582
2661
2583
2662
2584
2663
2585
2664
2586
2665
2587
2666
2588
2667
2589
2668
2590
2669
2591
2670
2592
2671
2593
2672
2594
2673
2595
2674
2596
2675
2597
2676
2598
2677
2599
2678
2600
2679
2601
2680
2602
2681
2603
2682
2604
2683
2605
2684
2606
2685
2607
2686
2608
2687
2609
2688
2610
2689
2611
2690
2612
2691
2613
2692
2614
2693
2615
2694
2616
2695
2617
2696
2618
2697
2619
2698
2620
2699
2621
2700
2622
2701
2623
2702
2624
2703
2625
2704
2626
2705
2627
2706
2628
2707
2629
2708
2630
2709
2631
2710
2632
2711
2633
2712
2634
2713
2635
2714
2636
2715
2637
2716
2638
2717
2639
2718
2719
2641
2720
2642
2721
2643
2722
2644
2723
2645
2724
2646
2725
2647
2726
2648
2727
2649
2728
2650
2729
2651
2730
2652
2731
2653
2732
2654
2733
2655
2734
2656
2735
2657
2736
2658
2737
2659
2738
2660
2739
2661
2740
2662
2741
2663
2742
2664
2743
2665
2744
2666
2745
2667
2746
2668
2747
2669
2748
2670
2749
2671
2750
2672
2751
2673
2752
2674
2753
2675
2754
2676
2755
2677
2756
2678
2757
2679
2758
2680
2759
2681
2760
2682
2761
2683
2762
2684
2763
2685
2764
2686
2765
2687
2766
2688
2767
2689
2768
2690
2769
2691
2770
2692
2771
2693
2772
2694
2773
2695
2774
2696
2775
2697
2776
2698
2777
2699
2778
2700
2779
2701
2780
2702
2781
2703
2782
2704
2783
2705
2784
2706
2785
2707
2786
2708
2787
2709
2788
2710
2789
2711
2790
2712
2791
2713
2792
2714
2793
2715
2794
2716
2795
2717
2796
2718
2797
2719
2798
2799
2721
2800
2722
2801
2723
2802
2724
2803
2725
2804
2726
2805
2727
2806
2728
2807
2729
2808
2730
2809
2731
2810
2732
2811
2733
2812
2734
2813
2735
2814
2736
2815
2737
2816
2738
2817
2739
2818
2740
2819
2741
2820
2742
2821
2743
2822
2744
2823
2745
2824
2746
2825
2747
2826
2748
2827
2749
2828
2750
2829
2751
2830
2752
2831
2753
2832
2754
2833
2755
2834
2756
2835
2757
2836
2758
2837
2759
2838
2760
2839
2761
2840
2762
2841
2763
2842
2764
2843
2765
2844
2766
2845
2767
2846
2768
2847
2769
2848
2770
2849
2771
2850
2772
2851
2773
2852
2774
2853
2775
2854
2776
2855
2777
2856
2778
2857
2779
2858
2780
2859
2781
2860
2782
2861
2783
2862
2784
2863
2785
2864
2786
2865
2787
2866
2788
2867
2789
2868
2790
2869
2791
2870
2792
2871
2793
2872
2794
2873
2795
2874
2796
2875
2797
2876
2798
2877
2799
2878
2879
2801
2880
2802
2881
2803
2882
2804
2883
2805
2884
2806
2885
2807
2886
2808
2887
2809
2888
2810
2889
2811
2890
2812
2891
2813
2892
2814
2893
2815
2894
2816
2895
2817
2896
2818
2897
2819
2898
2820
2899
2821
2900
2822
2901
2823
2902
2824
2903
2825
2904
2826
2905
2827
2906
2828
2907
2829
2908
2830
2909
2831
2910
2832
2911
2833
2912
2834
2913
2835
2914
2836
2915
2837
2916
2838
2917
2839
2918
2840
2919
2841
2920
2842
2921
2843
2922
2844
2923
2845
2924
2846
2925
2847
2926
2848
2927
2849
2928
2850
2929
2851
2930
2852
2931
2853
2932
2854
2933
2855
2934
2856
2935
2857
2936
2858
2937
2859
2938
2860
2939
2861
2940
2862
2941
2863
2942
2864
2943
2865
2944
2866
2945
2867
2946
2868
2947
2869
2948
2870
2949
2871
2950
2872
2951
2873
2952
2874
2953
2875
2954
2876
2955
2877
2956
2878
2957
2879
2958
2959
2881
2960
2882
2961
2883
2962
2884
2963
2885
2964
2886
2965
2887
2966
2888
2967
2889
2968
2890
2969
2891
2970
2892
2971
2893
2972
2894
2973
2895
2974
2896
2975
2897
2976
2898
2977
2899
2978
2900
2979
2901
2980
2902
2981
2903
2982
2904
2983
2905
2984
2906
2985
2907
2986
2908
2987
2909
2988
2910
2989
2911
2990
2912
2991
2913
2992
2914
2993
2915
2994
2916
2995
2917
2996
2918
2997
2919
2998
2920
2999
2921
3000
2922
3001
2923
3002
2924
3003
2925
3004
2926
3005
2927
3006
2928
3007
2929
3008
2930
3009
2931
3010
2932
3011
2933
3012
2934
3013
2935
3014
2936
3015
2937
3016
2938
3017
2939
3018
2940
3019
2941
3020
2942
3021
2943
3022
2944
3023
2945
3024
2946
3025
2947
3026
2948
3027
2949
3028
2950
3029
2951
3030
2952
3031
2953
3032
2954
3033
2955
3034
2956
3035
2957
3036
2958
3037
2959
3038
3039
2961
3040
2962
3041
2963
3042
2964
3043
2965
3044
2966
3045
2967
3046
2968
3047
2969
3048
2970
3049
2971
3050
2972
3051
2973
3052
2974
3053
2975
3054
2976
3055
2977
3056
2978
3057
2979
3058
2980
3059
2981
3060
2982
3061
2983
3062
2984
3063
2985
3064
2986
3065
2987
3066
2988
3067
2989
3068
2990
3069
2991
3070
2992
3071
2993
3072
2994
3073
2995
3074
2996
3075
2997
3076
2998
3077
2999
3078
3000
3079
3001
3080
3002
3081
3003
3082
3004
3083
3005
3084
3006
3085
3007
3086
3008
3087
3009
3088
3010
3089
3011
3090
3012
3091
3013
3092
3014
3093
3015
3094
3016
3095
3017
3096
3018
3097
3019
3098
3020
3099
3021
3100
3022
3101
3023
3102
3024
3103
3025
3104
3026
3105
3027
3106
3028
3107
3029
3108
3030
3109
3031
3110
3032
3111
3033
3112
3034
3113
3035
3114
3036
3115
3037
3116
3038
3117
3039
3118
3119
3041
3120
3042
3121
3043
3122
3044
3123
3045
3124
3046
3125
3047
3126
3048
3127
3049
3128
3050
3129
3051
3130
3052
3131
3053
3132
3054
3133
3055
3134
3056
3135
3057
3136
3058
3137
3059
3138
3060
3139
3061
3140
3062
3141
3063
3142
3064
3143
3065
3144
3066
3145
3067
3146
3068
3147
3069
3148
3070
3149
3071
3150
3072
3151
3073
3152
3074
3153
3075
3154
3076
3155
3077
3156
3078
3157
3079
3158
3080
3159
3081
3160
3082
3161
3083
3162
3084
3163
3085
3164
3086
3165
3087
3166
3088
3167
3089
3168
3090
3169
3091
3170
3092
3171
3093
3172
3094
3173
3095
3174
3096
3175
3097
3176
3098
3177
3099
3178
3100
3179
3101
3180
3102
3181
3103
3182
3104
3183
3105
3184
3106
3185
3107
3186
3108
3187
3109
3188
3110
3189
3111
3190
3112
3191
3113
3192
3114
3193
3115
3194
3116
3195
3117
3196
3118
3197
3119
3198
3199
3121
3200
3122
3201
3123
3202
3124
3203
3125
3204
3126
3205
3127
3206
3128
3207
3129
3208
3130
3209
3131
3210
3132
3211
3133
3212
3134
3213
3135
3214
3136
3215
3137
3216
3138
3217
3139
3218
3140
3219
3141
3220
3142
3221
3143
3222
3144
3223
3145
3224
3146
3225
3147
3226
3148
3227
3149
3228
3150
3229
3151
3230
3152
3231
3153
3232
3154
3233
3155
3234
3156
3235
3157
3236
3158
3237
3159
3238
3160
3239
3161
3240
3162
3241
3163
3242
3164
3243
3165
3244
3166
3245
3167
3246
3168
3247
3169
3248
3170
3249
3171
3250
3172
3251
3173
3252
3174
3253
3175
3254
3176
3255
3177
3256
3178
3257
3179
3258
3180
3259
3181
3260
3182
3261
3183
3262
3184
3263
3185
3264
3186
3265
3187
3266
3188
3267
3189
3268
3190
3269
3191
3270
3192
3271
3193
3272
3194
3273
3195
3274
3196
3275
3197
3276
3198
3277
3199
3278
3279
3201
3280
3202
3281
3203
3282
3204
3283
3205
3284
3206
3285
3207
3286
3208
3287
3209
3288
3210
3289
3211
3290
3212
3291
3213
3292
3214
3293
3215
3294
3216
3295
3217
3296
3218
3297
3219
3298
3220
3299
3221
3300
3222
3301
3223
3302
3224
3303
3225
3304
3226
3305
3227
3306
3228
3307
3229
3308
3230
3309
3231
3310
3232
3311
3233
3312
3234
3313
3235
3314
3236
3315
3237
3316
3238
3317
3239
3318
3240
3319
3241
3320
3242
3321
3243
3322
3244
3323
3245
3324
3246
3325
3247
3326
3248
3327
3249
3328
3250
3329
3251
3330
3252
3331
3253
3332
3254
3333
3255
3334
3256
3335
3257
3336
3258
3337
3259
3338
3260
3339
3261
3340
3262
3341
3263
3342
3264
3343
3265
3344
3266
3345
3267
3346
3268
3347
3269
3348
3270
3349
3271
3350
3272
3351
3273
3352
3274
3353
3275
3354
3276
3355
3277
3356
3278
3357
3279
3358
3359
3281
3360
3282
3361
3283
3362
3284
3363
3285
3364
3286
3365
3287
3366
3288
3367
3289
3368
3290
3369
3291
3370
3292
3371
3293
3372
3294
3373
3295
3374
3296
3375
3297
3376
3298
3377
3299
3378
3300
3379
3301
3380
3302
3381
3303
3382
3304
3383
3305
3384
3306
3385
3307
3386
3308
3387
3309
3388
3310
3389
3311
3390
3312
3391
3313
3392
3314
3393
3315
3394
3316
3395
3317
3396
3318
3397
3319
3398
3320
3399
3321
3400
3322
3401
3323
3402
3324
3403
3325
3404
3326
3405
3327
3406
3328
3407
3329
3408
3330
3409
3331
3410
3332
3411
3333
3412
3334
3413
3335
3414
3336
3415
3337
3416
3338
3417
3339
3418
3340
3419
3341
3420
3342
3421
3343
3422
3344
3423
3345
3424
3346
3425
3347
3426
3348
3427
3349
3428
3350
3429
3351
3430
3352
3431
3353
3432
3354
3433
3355
3434
3356
3435
3357
3436
3358
3437
3359
3438
3439
3361
3440
3362
3441
3363
3442
3364
3443
3365
3444
3366
3445
3367
3446
3368
3447
3369
3448
3370
3449
3371
3450
3372
3451
3373
3452
3374
3453
3375
3454
3376
3455
3377
3456
3378
3457
3379
3458
3380
3459
3381
3460
3382
3461
3383
3462
3384
3463
3385
3464
3386
3465
3387
3466
3388
3467
3389
3468
3390
3469
3391
3470
3392
3471
3393
3472
3394
3473
3395
3474
3396
3475
3397
3476
3398
3477
3399
3478
3400
3479
3401
3480
3402
3481
3403
3482
3404
3483
3405
3484
3406
3485
3407
3486
3408
3487
3409
3488
3410
3489
3411
3490
3412
3491
3413
3492
3414
3493
3415
3494
3416
3495
3417
3496
3418
3497
3419
3498
3420
3499
3421
3500
3422
3501
3423
3502
3424
3503
3425
3504
3426
3505
3427
3506
3428
3507
3429
3508
3430
3509
3431
3510
3432
3511
3433
3512
3434
3513
3435
3514
3436
3515
3437
3516
3438
3517
3439
3518
3519
3441
3520
3442
3521
3443
3522
3444
3523
3445
3524
3446
3525
3447
3526
3448
3527
3449
3528
3450
3529
3451
3530
3452
3531
3453
3532
3454
3533
3455
3534
3456
3535
3457
3536
3458
3537
3459
3538
3460
3539
3461
3540
3462
3541
3463
3542
3464
3543
3465
3544
3466
3545
3467
3546
3468
3547
3469
3548
3470
3549
3471
3550
3472
3551
3473
3552
3474
3553
3475
3554
3476
3555
3477
3556
3478
3557
3479
3558
3480
3559
3481
3560
3482
3561
3483
3562
3484
3563
3485
3564
3486
3565
3487
3566
3488
3567
3489
3568
3490
3569
3491
3570
3492
3571
3493
3572
3494
3573
3495
3574
3496
3575
3497
3576
3498
3577
3499
3578
3500
3579
3501
3580
3502
3581
3503
3582
3504
3583
3505
3584
3506
3585
3507
3586
3508
3587
3509
3588
3510
3589
3511
3590
3512
3591
3513
3592
3514
3593
3515
3594
3516
3595
3517
3596
3518
3597
3519
3598
3599
3521
3600
3522
3601
3523
3602
3524
3603
3525
3604
3526
3605
3527
3606
3528
3607
3529
3608
3530
3609
3531
3610
3532
3611
3533
3612
3534
3613
3535
3614
3536
3615
3537
3616
3538
3617
3539
3618
3540
3619
3541
3620
3542
3621
3543
3622
3544
3623
3545
3624
3546
3625
3547
3626
3548
3627
3549
3628
3550
3629
3551
3630
3552
3631
3553
3632
3554
3633
3555
3634
3556
3635
3557
3636
3558
3637
3559
3638
3560
3639
3561
3640
3562
3641
3563
3642
3564
3643
3565
3644
3566
3645
3567
3646
3568
3647
3569
3648
3570
3649
3571
3650
3572
3651
3573
3652
3574
3653
3575
3654
3576
3655
3577
3656
3578
3657
3579
3658
3580
3659
3581
3660
3582
3661
3583
3662
3584
3663
3585
3664
3586
3665
3587
3666
3588
3667
3589
3668
3590
3669
3591
3670
3592
3671
3593
3672
3594
3673
3595
3674
3596
3675
3597
3676
3598
3677
3599
3678
3679
3601
3680
3602
3681
3603
3682
3604
3683
3605
3684
3606
3685
3607
3686
3608
3687
3609
3688
3610
3689
3611
3690
3612
3691
3613
3692
3614
3693
3615
3694
3616
3695
3617
3696
3618
3697
3619
3698
3620
3699
3621
3700
3622
3701
3623
3702
3624
3703
3625
3704
3626
3705
3627
3706
3628
3707
3629
3708
3630
3709
3631
3710
3632
3711
3633
3712
3634
3713
3635
3714
3636
3715
3637
3716
3638
3717
3639
3718
3640
3719
3641
3720
3642
3721
3643
3722
3644
3723
3645
3724
3646
3725
3647
3726
3648
3727
3649
3728
3650
3729
3651
3730
3652
3731
3653
3732
3654
3733
3655
3734
3656
3735
3657
3736
3658
3737
3659
3738
3660
3739
3661
3740
3662
3741
3663
3742
3664
3743
3665
3744
3666
3745
3667
3746
3668
3747
3669
3748
3670
3749
3671
3750
3672
3751
3673
3752
3674
3753
3675
3754
3676
3755
3677
3756
3678
3757
3679
3758
3759
3681
3760
3682
3761
3683
3762
3684
3763
3685
3764
3686
3765
3687
3766
3688
3767
3689
3768
3690
3769
3691
3770
3692
3771
3693
3772
3694
3773
3695
3774
3696
3775
3697
3776
3698
3777
3699
3778
3700
3779
3701
3780
3702
3781
3703
3782
3704
3783
3705
3784
3706
3785
3707
3786
3708
3787
3709
3788
3710
3789
3711
3790
3712
3791
3713
3792
3714
3793
3715
3794
3716
3795
3717
3796
3718
3797
3719
3798
3720
3799
3721
3800
3722
3801
3723
3802
3724
3803
3725
3804
3726
3805
3727
3806
3728
3807
3729
3808
3730
3809
3731
3810
3732
3811
3733
3812
3734
3813
3735
3814
3736
3815
3737
3816
3738
3817
3739
3818
3740
3819
3741
3820
3742
3821
3743
3822
3744
3823
3745
3824
3746
3825
3747
3826
3748
3827
3749
3828
3750
3829
3751
3830
3752
3831
3753
3832
3754
3833
3755
3834
3756
3835
3757
3836
3758
3837
3759
3838
3839
3761
3840
3762
3841
3763
3842
3764
3843
3765
3844
3766
3845
3767
3846
3768
3847
3769
3848
3770
3849
3771
3850
3772
3851
3773
3852
3774
3853
3775
3854
3776
3855
3777
3856
3778
3857
3779
3858
3780
3859
3781
3860
3782
3861
3783
3862
3784
3863
3785
3864
3786
3865
3787
3866
3788
3867
3789
3868
3790
3869
3791
3870
3792
3871
3793
3872
3794
3873
3795
3874
3796
3875
3797
3876
3798
3877
3799
3878
3800
3879
3801
3880
3802
3881
3803
3882
3804
3883
3805
3884
3806
3885
3807
3886
3808
3887
3809
3888
3810
3889
3811
3890
3812
3891
3813
3892
3814
3893
3815
3894
3816
3895
3817
3896
3818
3897
3819
3898
3820
3899
3821
3900
3822
3901
3823
3902
3824
3903
3825
3904
3826
3905
3827
3906
3828
3907
3829
3908
3830
3909
3831
3910
3832
3911
3833
3912
3834
3913
3835
3914
3836
3915
3837
3916
3838
3917
3839
3918
3919
3841
3920
3842
3921
3843
3922
3844
3923
3845
3924
3846
3925
3847
3926
3848
3927
3849
3928
3850
3929
3851
3930
3852
3931
3853
3932
3854
3933
3855
3934
3856
3935
3857
3936
3858
3937
3859
3938
3860
3939
3861
3940
3862
3941
3863
3942
3864
3943
3865
3944
3866
3945
3867
3946
3868
3947
3869
3948
3870
3949
3871
3950
3872
3951
3873
3952
3874
3953
3875
3954
3876
3955
3877
3956
3878
3957
3879
3958
3880
3959
3881
3960
3882
3961
3883
3962
3884
3963
3885
3964
3886
3965
3887
3966
3888
3967
3889
3968
3890
3969
3891
3970
3892
3971
3893
3972
3894
3973
3895
3974
3896
3975
3897
3976
3898
3977
3899
3978
3900
3979
3901
3980
3902
3981
3903
3982
3904
3983
3905
3984
3906
3985
3907
3986
3908
3987
3909
3988
3910
3989
3911
3990
3912
3991
3913
3992
3914
3993
3915
3994
3916
3995
3917
3996
3918
3997
3919
3998
3999
3921
4000
3922
4001
3923
4002
3924
4003
3925
4004
3926
4005
3927
4006
3928
4007
3929
4008
3930
4009
3931
4010
3932
4011
3933
4012
3934
4013
3935
4014
3936
4015
3937
4016
3938
4017
3939
4018
3940
4019
3941
4020
3942
4021
3943
4022
3944
4023
3945
4024
3946
4025
3947
4026
3948
4027
3949
4028
3950
4029
3951
4030
3952
4031
3953
4032
3954
4033
3955
4034
3956
4035
3957
4036
3958
4037
3959
4038
3960
4039
3961
4040
3962
4041
3963
4042
3964
4043
3965
4044
3966
4045
3967
4046
3968
4047
3969
4048
3970
4049
3971
4050
3972
4051
3973
4052
3974
4053
3975
4054
3976
4055
3977
4056
3978
4057
3979
4058
3980
4059
3981
4060
3982
4061
3983
4062
3984
4063
3985
4064
3986
4065
3987
4066
3988
4067
3989
4068
3990
4069
3991
4070
3992
4071
3993
4072
3994
4073
3995
4074
3996
4075
3997
4076
3998
4077
3999
4078
4079
4001
4080
4002
4081
4003
4082
4004
4083
4005
4084
4006
4085
4007
4086
4008
4087
4009
4088
4010
4089
4011
4090
4012
4091
4013
4092
4014
4093
4015
4094
4016
4095
4017
4096
4018
4097
4019
4098
4020
4099
4021
4100
4022
4101
4023
4102
4024
4103
4025
4104
4026
4105
4027
4106
4028
4107
4029
4108
4030
4109
4031
4110
4032
4111
4033
4112
4034
4113
4035
4114
4036
4115
4037
4116
4038
4117
4039
4118
4040
4119
4041
4120
4042
4121
4043
4122
4044
4123
4045
4124
4046
4125
4047
4126
4048
4127
4049
4128
4050
4129
4051
4130
4052
4131
4053
4132
4054
4133
4055
4134
4056
4135
4057
4136
4058
4137
4059
4138
4060
4139
4061
4140
4062
4141
4063
4142
4064
4143
4065
4144
4066
4145
4067
4146
4068
4147
4069
4148
4070
4149
4071
4150
4072
4151
4073
4152
4074
4153
4075
4154
4076
4155
4077
4156
4078
4157
4079
4158
4159
4081
4160
4082
4161
4083
4162
4084
4163
4085
4164
4086
4165
4087
4166
4088
4167
4089
4168
4090
4169
4091
4170
4092
4171
4093
4172
4094
4173
4095
4174
4096
4175
4097
4176
4098
4177
4099
4178
4100
4179
4101
4180
4102
4181
4103
4182
4104
4183
4105
4184
4106
4185
4107
4186
4108
4187
4109
4188
4110
4189
4111
4190
4112
4191
4113
4192
4114
4193
4115
4194
4116
4195
4117
4196
4118
4197
4119
4198
4120
4199
4121
4200
4122
4201
4123
4202
4124
4203
4125
4204
4126
4205
4127
4206
4128
4207
4129
4208
4130
4209
4131
4210
4132
4211
4133
4212
4134
4213
4135
4214
4136
4215
4137
4216
4138
4217
4139
4218
4140
4219
4141
4220
4142
4221
4143
4222
4144
4223
4145
4224
4146
4225
4147
4226
4148
4227
4149
4228
4150
4229
4151
4230
4152
4231
4153
4232
4154
4233
4155
4234
4156
4235
4157
4236
4158
4237
4159
4238
4239
4161
4240
4162
4241
4163
4242
4164
4243
4165
4244
4166
4245
4167
4246
4168
4247
4169
4248
4170
4249
4171
4250
4172
4251
4173
4252
4174
4253
4175
4254
4176
4255
4177
4256
4178
4257
4179
4258
4180
4259
4181
4260
4182
4261
4183
4262
4184
4263
4185
4264
4186
4265
4187
4266
4188
4267
4189
4268
4190
4269
4191
4270
4192
4271
4193
4272
4194
4273
4195
4274
4196
4275
4197
4276
4198
4277
4199
4278
4200
4279
4201
4280
4202
4281
4203
4282
4204
4283
4205
4284
4206
4285
4207
4286
4208
4287
4209
4288
4210
4289
4211
4290
4212
4291
4213
4292
4214
4293
4215
4294
4216
4295
4217
4296
4218
4297
4219
4298
4220
4299
4221
4300
4222
4301
4223
4302
4224
4303
4225
4304
4226
4305
4227
4306
4228
4307
4229
4308
4230
4309
4231
4310
4232
4311
4233
4312
4234
4313
4235
4314
4236
4315
4237
4316
4238
4317
4239
4318
4319
4241
4320
4242
4321
4243
4322
4244
4323
4245
4324
4246
4325
4247
4326
4248
4327
4249
4328
4250
4329
4251
4330
4252
4331
4253
4332
4254
4333
4255
4334
4256
4335
4257
4336
4258
4337
4259
4338
4260
4339
4261
4340
4262
4341
4263
4342
4264
4343
4265
4344
4266
4345
4267
4346
4268
4347
4269
4348
4270
4349
4271
4350
4272
4351
4273
4352
4274
4353
4275
4354
4276
4355
4277
4356
4278
4357
4279
4358
4280
4359
4281
4360
4282
4361
4283
4362
4284
4363
4285
4364
4286
4365
4287
4366
4288
4367
4289
4368
4290
4369
4291
4370
4292
4371
4293
4372
4294
4373
4295
4374
4296
4375
4297
4376
4298
4377
4299
4378
4300
4379
4301
4380
4302
4381
4303
4382
4304
4383
4305
4384
4306
4385
4307
4386
4308
4387
4309
4388
4310
4389
4311
4390
4312
4391
4313
4392
4314
4393
4315
4394
4316
4395
4317
4396
4318
4397
4319
4398
4399
4321
4400
4322
4401
4323
4402
4324
4403
4325
4404
4326
4405
4327
4406
4328
4407
4329
4408
4330
4409
4331
4410
4332
4411
4333
4412
4334
4413
4335
4414
4336
4415
4337
4416
4338
4417
4339
4418
4340
4419
4341
4420
4342
4421
4343
4422
4344
4423
4345
4424
4346
4425
4347
4426
4348
4427
4349
4428
4350
4429
4351
4430
4352
4431
4353
4432
4354
4433
4355
4434
4356
4435
4357
4436
4358
4437
4359
4438
4360
4439
4361
4440
4362
4441
4363
4442
4364
4443
4365
4444
4366
4445
4367
4446
4368
4447
4369
4448
4370
4449
4371
4450
4372
4451
4373
4452
4374
4453
4375
4454
4376
4455
4377
4456
4378
4457
4379
4458
4380
4459
4381
4460
4382
4461
4383
4462
4384
4463
4385
4464
4386
4465
4387
4466
4388
4467
4389
4468
4390
4469
4391
4470
4392
4471
4393
4472
4394
4473
4395
4474
4396
4475
4397
4476
4398
4477
4399
4478
4479
4401
4480
4402
4481
4403
4482
4404
4483
4405
4484
4406
4485
4407
4486
4408
4487
4409
4488
4410
4489
4411
4490
4412
4491
4413
4492
4414
4493
4415
4494
4416
4495
4417
4496
4418
4497
4419
4498
4420
4499
4421
4500
4422
4501
4423
4502
4424
4503
4425
4504
4426
4505
4427
4506
4428
4507
4429
4508
4430
4509
4431
4510
4432
4511
4433
4512
4434
4513
4435
4514
4436
4515
4437
4516
4438
4517
4439
4518
4440
4519
4441
4520
4442
4521
4443
4522
4444
4523
4445
4524
4446
4525
4447
4526
4448
4527
4449
4528
4450
4529
4451
4530
4452
4531
4453
4532
4454
4533
4455
4534
4456
4535
4457
4536
4458
4537
4459
4538
4460
4539
4461
4540
4462
4541
4463
4542
4464
4543
4465
4544
4466
4545
4467
4546
4468
4547
4469
4548
4470
4549
4471
4550
4472
4551
4473
4552
4474
4553
4475
4554
4476
4555
4477
4556
4478
4557
4479
4558
4559
4481
4560
4482
4561
4483
4562
4484
4563
4485
4564
4486
4565
4487
4566
4488
4567
4489
4568
4490
4569
4491
4570
4492
4571
4493
4572
4494
4573
4495
4574
4496
4575
4497
4576
4498
4577
4499
4578
4500
4579
4501
4580
4502
4581
4503
4582
4504
4583
4505
4584
4506
4585
4507
4586
4508
4587
4509
4588
4510
4589
4511
4590
4512
4591
4513
4592
4514
4593
4515
4594
4516
4595
4517
4596
4518
4597
4519
4598
4520
4599
4521
4600
4522
4601
4523
4602
4524
4603
4525
4604
4526
4605
4527
4606
4528
4607
4529
4608
4530
4609
4531
4610
4532
4611
4533
4612
4534
4613
4535
4614
4536
4615
4537
4616
4538
4617
4539
4618
4540
4619
4541
4620
4542
4621
4543
4622
4544
4623
4545
4624
4546
4625
4547
4626
4548
4627
4549
4628
4550
4629
4551
4630
4552
4631
4553
4632
4554
4633
4555
4634
4556
4635
4557
4636
4558
4637
4559
4638
4639
4561
4640
4562
4641
4563
4642
4564
4643
4565
4644
4566
4645
4567
4646
4568
4647
4569
4648
4570
4649
4571
4650
4572
4651
4573
4652
4574
4653
4575
4654
4576
4655
4577
4656
4578
4657
4579
4658
4580
4659
4581
4660
4582
4661
4583
4662
4584
4663
4585
4664
4586
4665
4587
4666
4588
4667
4589
4668
4590
4669
4591
4670
4592
4671
4593
4672
4594
4673
4595
4674
4596
4675
4597
4676
4598
4677
4599
4678
4600
4679
4601
4680
4602
4681
4603
4682
4604
4683
4605
4684
4606
4685
4607
4686
4608
4687
4609
4688
4610
4689
4611
4690
4612
4691
4613
4692
4614
4693
4615
4694
4616
4695
4617
4696
4618
4697
4619
4698
4620
4699
4621
4700
4622
4701
4623
4702
4624
4703
4625
4704
4626
4705
4627
4706
4628
4707
4629
4708
4630
4709
4631
4710
4632
4711
4633
4712
4634
4713
4635
4714
4636
4715
4637
4716
4638
4717
4639
4718
4719
4641
4720
4642
4721
4643
4722
4644
4723
4645
4724
4646
4725
4647
4726
4648
4727
4649
4728
4650
4729
4651
4730
4652
4731
4653
4732
4654
4733
4655
4734
4656
4735
4657
4736
4658
4737
4659
4738
4660
4739
4661
4740
4662
4741
4663
4742
4664
4743
4665
4744
4666
4745
4667
4746
4668
4747
4669
4748
4670
4749
4671
4750
4672
4751
4673
4752
4674
4753
4675
4754
4676
4755
4677
4756
4678
4757
4679
4758
4680
4759
4681
4760
4682
4761
4683
4762
4684
4763
4685
4764
4686
4765
4687
4766
4688
4767
4689
4768
4690
4769
4691
4770
4692
4771
4693
4772
4694
4773
4695
4774
4696
4775
4697
4776
4698
4777
4699
4778
4700
4779
4701
4780
4702
4781
4703
4782
4704
4783
4705
4784
4706
4785
4707
4786
4708
4787
4709
4788
4710
4789
4711
4790
4712
4791
4713
4792
4714
4793
4715
4794
4716
4795
4717
4796
4718
4797
4719
4798
4799
4721
4722
4723
4724
4725
4726
4727
4728
4729
4730
4731
4732
4733
4734
4735
4736
4737
4738
4739
4740
4741
4742
4743
4744
4745
4746
4747
4748
4749
4750
4751
4752
4753
4754
4755
4756
4757
4758
4759
4760
4761
4762
4763
4764
4765
4766
4767
4768
4769
4770
4771
4772
4773
4774
4775
4776
4777
4778
4779
4780
4781
4782
4783
4784
4785
4786
4787
4788
4789
4790
4791
4792
4793
4794
4795
4796
4797
4798
4799
)


// ************************************************************************* //
