/*--------------------------------*- C++ -*----------------------------------*\
| =========                 |                                                 |
| \\      /  F ield         | OpenFOAM: The Open Source CFD Toolbox           |
|  \\    /   O peration     | Version:  2406                                  |
|   \\  /    A nd           | Website:  www.openfoam.com                      |
|    \\/     M anipulation  |                                                 |
\*---------------------------------------------------------------------------*/
FoamFile
{
    version     2.0;
    format      ascii;
    arch        "LSB;label=32;scalar=64";
    class       faceList;
    location    "constant/polyMesh";
    object      faces;
}
// * * * * * * * * * * * * * * * * * * * * * * * * * * * * * * * * * * * * * //


112
(
4(1 4 22 19)
4(3 21 22 4)
4(4 22 23 5)
4(4 7 25 22)
4(6 24 25 7)
4(7 25 26 8)
4(7 10 28 25)
4(9 27 28 10)
4(10 28 29 11)
4(10 13 31 28)
4(12 30 31 13)
4(13 31 32 14)
4(13 16 34 31)
4(37 40 64 61)
4(39 63 64 40)
4(40 64 65 41)
4(40 43 67 64)
4(42 66 67 43)
4(43 67 68 44)
4(43 46 70 67)
4(45 69 70 46)
4(46 70 71 47)
4(46 49 73 70)
4(48 72 73 49)
4(49 73 74 50)
4(49 52 76 73)
4(51 75 76 52)
4(52 76 77 53)
4(52 55 79 76)
4(54 78 79 55)
4(55 79 80 56)
4(55 58 82 79)
4(2 5 23 20)
4(5 8 26 23)
4(8 11 29 26)
4(11 14 32 29)
4(14 17 35 32)
4(36 60 63 39)
4(39 63 66 42)
4(42 66 69 45)
4(45 69 72 48)
4(48 72 75 51)
4(51 75 78 54)
4(54 78 81 57)
4(15 33 34 16)
4(16 34 35 17)
4(57 81 82 58)
4(58 82 83 59)
4(0 1 19 18)
4(1 2 20 19)
4(36 37 61 60)
4(37 38 62 61)
4(0 18 21 3)
4(3 21 24 6)
4(6 24 27 9)
4(9 27 30 12)
4(12 30 33 15)
4(38 41 65 62)
4(41 44 68 65)
4(44 47 71 68)
4(47 50 74 71)
4(50 53 77 74)
4(53 56 80 77)
4(56 59 83 80)
4(0 3 4 1)
4(3 6 7 4)
4(6 9 10 7)
4(9 12 13 10)
4(12 15 16 13)
4(1 4 5 2)
4(4 7 8 5)
4(7 10 11 8)
4(10 13 14 11)
4(13 16 17 14)
4(18 19 22 21)
4(21 22 25 24)
4(24 25 28 27)
4(27 28 31 30)
4(30 31 34 33)
4(19 20 23 22)
4(22 23 26 25)
4(25 26 29 28)
4(28 29 32 31)
4(31 32 35 34)
4(36 39 40 37)
4(39 42 43 40)
4(42 45 46 43)
4(45 48 49 46)
4(48 51 52 49)
4(51 54 55 52)
4(54 57 58 55)
4(37 40 41 38)
4(40 43 44 41)
4(43 46 47 44)
4(46 49 50 47)
4(49 52 53 50)
4(52 55 56 53)
4(55 58 59 56)
4(60 61 64 63)
4(63 64 67 66)
4(66 67 70 69)
4(69 70 73 72)
4(72 73 76 75)
4(75 76 79 78)
4(78 79 82 81)
4(61 62 65 64)
4(64 65 68 67)
4(67 68 71 70)
4(70 71 74 73)
4(73 74 77 76)
4(76 77 80 79)
4(79 80 83 82)
)


// ************************************************************************* //
