/*--------------------------------*- C++ -*----------------------------------*\
| =========                 |                                                 |
| \\      /  F ield         | OpenFOAM: The Open Source CFD Toolbox           |
|  \\    /   O peration     | Version:  2406                                  |
|   \\  /    A nd           | Website:  www.openfoam.com                      |
|    \\/     M anipulation  |                                                 |
\*---------------------------------------------------------------------------*/
FoamFile
{
    version     2.0;
    format      ascii;
    arch        "LSB;label=32;scalar=64";
    class       vectorField;
    location    "constant/polyMesh";
    object      points;
}
// * * * * * * * * * * * * * * * * * * * * * * * * * * * * * * * * * * * * * //


84
(
(0 0 0)
(0.025 0 0)
(0.05 0 0)
(0 0.02 0)
(0.025 0.02 0)
(0.05 0.02 0)
(0 0.04 0)
(0.025 0.04 0)
(0.05 0.04 0)
(0 0.06 0)
(0.025 0.06 0)
(0.05 0.06 0)
(0 0.08 0)
(0.025 0.08 0)
(0.05 0.08 0)
(0 0.1 0)
(0.025 0.1 0)
(0.05 0.1 0)
(0 0 0.01)
(0.025 0 0.01)
(0.05 0 0.01)
(0 0.02 0.01)
(0.025 0.02 0.01)
(0.05 0.02 0.01)
(0 0.04 0.01)
(0.025 0.04 0.01)
(0.05 0.04 0.01)
(0 0.06 0.01)
(0.025 0.06 0.01)
(0.05 0.06 0.01)
(0 0.08 0.01)
(0.025 0.08 0.01)
(0.05 0.08 0.01)
(0 0.1 0.01)
(0.025 0.1 0.01)
(0.05 0.1 0.01)
(0.05 0 0)
(0.075 0.05 0)
(0.1 0.1 0)
(0.05 0.01428571429 0)
(0.075 0.06428571429 0)
(0.1 0.1142857143 0)
(0.05 0.02857142857 0)
(0.075 0.07857142857 0)
(0.1 0.1285714286 0)
(0.05 0.04285714286 0)
(0.075 0.09285714286 0)
(0.1 0.1428571429 0)
(0.05 0.05714285714 0)
(0.075 0.1071428571 0)
(0.1 0.1571428571 0)
(0.05 0.07142857143 0)
(0.075 0.1214285714 0)
(0.1 0.1714285714 0)
(0.05 0.08571428571 0)
(0.075 0.1357142857 0)
(0.1 0.1857142857 0)
(0.05 0.1 0)
(0.075 0.15 0)
(0.1 0.2 0)
(0.05 0 0.01)
(0.075 0.05 0.01)
(0.1 0.1 0.01)
(0.05 0.01428571429 0.01)
(0.075 0.06428571429 0.01)
(0.1 0.1142857143 0.01)
(0.05 0.02857142857 0.01)
(0.075 0.07857142857 0.01)
(0.1 0.1285714286 0.01)
(0.05 0.04285714286 0.01)
(0.075 0.09285714286 0.01)
(0.1 0.1428571429 0.01)
(0.05 0.05714285714 0.01)
(0.075 0.1071428571 0.01)
(0.1 0.1571428571 0.01)
(0.05 0.07142857143 0.01)
(0.075 0.1214285714 0.01)
(0.1 0.1714285714 0.01)
(0.05 0.08571428571 0.01)
(0.075 0.1357142857 0.01)
(0.1 0.1857142857 0.01)
(0.05 0.1 0.01)
(0.075 0.15 0.01)
(0.1 0.2 0.01)
)


// ************************************************************************* //
