/*--------------------------------*- C++ -*----------------------------------*\
| =========                 |                                                 |
| \\      /  F ield         | OpenFOAM: The Open Source CFD Toolbox           |
|  \\    /   O peration     | Version:  2406                                  |
|   \\  /    A nd           | Website:  www.openfoam.com                      |
|    \\/     M anipulation  |                                                 |
\*---------------------------------------------------------------------------*/
FoamFile
{
    version     2.0;
    format      ascii;
    arch        "LSB;label=32;scalar=64";
    class       faceList;
    location    "constant/polyMesh";
    object      faces;
}
// * * * * * * * * * * * * * * * * * * * * * * * * * * * * * * * * * * * * * //


3816
(
4(1 52 358 307)
4(51 357 358 52)
4(2 53 359 308)
4(52 358 359 53)
4(3 54 360 309)
4(53 359 360 54)
4(4 55 361 310)
4(54 360 361 55)
4(5 56 362 311)
4(55 361 362 56)
4(6 57 363 312)
4(56 362 363 57)
4(7 58 364 313)
4(57 363 364 58)
4(8 59 365 314)
4(58 364 365 59)
4(9 60 366 315)
4(59 365 366 60)
4(10 61 367 316)
4(60 366 367 61)
4(11 62 368 317)
4(61 367 368 62)
4(12 63 369 318)
4(62 368 369 63)
4(13 64 370 319)
4(63 369 370 64)
4(14 65 371 320)
4(64 370 371 65)
4(15 66 372 321)
4(65 371 372 66)
4(16 67 373 322)
4(66 372 373 67)
4(17 68 374 323)
4(67 373 374 68)
4(18 69 375 324)
4(68 374 375 69)
4(19 70 376 325)
4(69 375 376 70)
4(20 71 377 326)
4(70 376 377 71)
4(21 72 378 327)
4(71 377 378 72)
4(22 73 379 328)
4(72 378 379 73)
4(23 74 380 329)
4(73 379 380 74)
4(24 75 381 330)
4(74 380 381 75)
4(25 76 382 331)
4(75 381 382 76)
4(26 77 383 332)
4(76 382 383 77)
4(27 78 384 333)
4(77 383 384 78)
4(28 79 385 334)
4(78 384 385 79)
4(29 80 386 335)
4(79 385 386 80)
4(30 81 387 336)
4(80 386 387 81)
4(31 82 388 337)
4(81 387 388 82)
4(32 83 389 338)
4(82 388 389 83)
4(33 84 390 339)
4(83 389 390 84)
4(34 85 391 340)
4(84 390 391 85)
4(35 86 392 341)
4(85 391 392 86)
4(36 87 393 342)
4(86 392 393 87)
4(37 88 394 343)
4(87 393 394 88)
4(38 89 395 344)
4(88 394 395 89)
4(39 90 396 345)
4(89 395 396 90)
4(40 91 397 346)
4(90 396 397 91)
4(41 92 398 347)
4(91 397 398 92)
4(42 93 399 348)
4(92 398 399 93)
4(43 94 400 349)
4(93 399 400 94)
4(44 95 401 350)
4(94 400 401 95)
4(45 96 402 351)
4(95 401 402 96)
4(46 97 403 352)
4(96 402 403 97)
4(47 98 404 353)
4(97 403 404 98)
4(48 99 405 354)
4(98 404 405 99)
4(49 100 406 355)
4(99 405 406 100)
4(100 406 407 101)
4(52 103 409 358)
4(102 408 409 103)
4(53 104 410 359)
4(103 409 410 104)
4(54 105 411 360)
4(104 410 411 105)
4(55 106 412 361)
4(105 411 412 106)
4(56 107 413 362)
4(106 412 413 107)
4(57 108 414 363)
4(107 413 414 108)
4(58 109 415 364)
4(108 414 415 109)
4(59 110 416 365)
4(109 415 416 110)
4(60 111 417 366)
4(110 416 417 111)
4(61 112 418 367)
4(111 417 418 112)
4(62 113 419 368)
4(112 418 419 113)
4(63 114 420 369)
4(113 419 420 114)
4(64 115 421 370)
4(114 420 421 115)
4(65 116 422 371)
4(115 421 422 116)
4(66 117 423 372)
4(116 422 423 117)
4(67 118 424 373)
4(117 423 424 118)
4(68 119 425 374)
4(118 424 425 119)
4(69 120 426 375)
4(119 425 426 120)
4(70 121 427 376)
4(120 426 427 121)
4(71 122 428 377)
4(121 427 428 122)
4(72 123 429 378)
4(122 428 429 123)
4(73 124 430 379)
4(123 429 430 124)
4(74 125 431 380)
4(124 430 431 125)
4(75 126 432 381)
4(125 431 432 126)
4(76 127 433 382)
4(126 432 433 127)
4(77 128 434 383)
4(127 433 434 128)
4(78 129 435 384)
4(128 434 435 129)
4(79 130 436 385)
4(129 435 436 130)
4(80 131 437 386)
4(130 436 437 131)
4(81 132 438 387)
4(131 437 438 132)
4(82 133 439 388)
4(132 438 439 133)
4(83 134 440 389)
4(133 439 440 134)
4(84 135 441 390)
4(134 440 441 135)
4(85 136 442 391)
4(135 441 442 136)
4(86 137 443 392)
4(136 442 443 137)
4(87 138 444 393)
4(137 443 444 138)
4(88 139 445 394)
4(138 444 445 139)
4(89 140 446 395)
4(139 445 446 140)
4(90 141 447 396)
4(140 446 447 141)
4(91 142 448 397)
4(141 447 448 142)
4(92 143 449 398)
4(142 448 449 143)
4(93 144 450 399)
4(143 449 450 144)
4(94 145 451 400)
4(144 450 451 145)
4(95 146 452 401)
4(145 451 452 146)
4(96 147 453 402)
4(146 452 453 147)
4(97 148 454 403)
4(147 453 454 148)
4(98 149 455 404)
4(148 454 455 149)
4(99 150 456 405)
4(149 455 456 150)
4(100 151 457 406)
4(150 456 457 151)
4(151 457 458 152)
4(103 154 460 409)
4(153 459 460 154)
4(104 155 461 410)
4(154 460 461 155)
4(105 156 462 411)
4(155 461 462 156)
4(106 157 463 412)
4(156 462 463 157)
4(107 158 464 413)
4(157 463 464 158)
4(108 159 465 414)
4(158 464 465 159)
4(109 160 466 415)
4(159 465 466 160)
4(110 161 467 416)
4(160 466 467 161)
4(111 162 468 417)
4(161 467 468 162)
4(112 163 469 418)
4(162 468 469 163)
4(113 164 470 419)
4(163 469 470 164)
4(114 165 471 420)
4(164 470 471 165)
4(115 166 472 421)
4(165 471 472 166)
4(116 167 473 422)
4(166 472 473 167)
4(117 168 474 423)
4(167 473 474 168)
4(118 169 475 424)
4(168 474 475 169)
4(119 170 476 425)
4(169 475 476 170)
4(120 171 477 426)
4(170 476 477 171)
4(121 172 478 427)
4(171 477 478 172)
4(122 173 479 428)
4(172 478 479 173)
4(123 174 480 429)
4(173 479 480 174)
4(124 175 481 430)
4(174 480 481 175)
4(125 176 482 431)
4(175 481 482 176)
4(126 177 483 432)
4(176 482 483 177)
4(127 178 484 433)
4(177 483 484 178)
4(128 179 485 434)
4(178 484 485 179)
4(129 180 486 435)
4(179 485 486 180)
4(130 181 487 436)
4(180 486 487 181)
4(131 182 488 437)
4(181 487 488 182)
4(132 183 489 438)
4(182 488 489 183)
4(133 184 490 439)
4(183 489 490 184)
4(134 185 491 440)
4(184 490 491 185)
4(135 186 492 441)
4(185 491 492 186)
4(136 187 493 442)
4(186 492 493 187)
4(137 188 494 443)
4(187 493 494 188)
4(138 189 495 444)
4(188 494 495 189)
4(139 190 496 445)
4(189 495 496 190)
4(140 191 497 446)
4(190 496 497 191)
4(141 192 498 447)
4(191 497 498 192)
4(142 193 499 448)
4(192 498 499 193)
4(143 194 500 449)
4(193 499 500 194)
4(144 195 501 450)
4(194 500 501 195)
4(145 196 502 451)
4(195 501 502 196)
4(146 197 503 452)
4(196 502 503 197)
4(147 198 504 453)
4(197 503 504 198)
4(148 199 505 454)
4(198 504 505 199)
4(149 200 506 455)
4(199 505 506 200)
4(150 201 507 456)
4(200 506 507 201)
4(151 202 508 457)
4(201 507 508 202)
4(202 508 509 203)
4(154 205 511 460)
4(204 510 511 205)
4(155 206 512 461)
4(205 511 512 206)
4(156 207 513 462)
4(206 512 513 207)
4(157 208 514 463)
4(207 513 514 208)
4(158 209 515 464)
4(208 514 515 209)
4(159 210 516 465)
4(209 515 516 210)
4(160 211 517 466)
4(210 516 517 211)
4(161 212 518 467)
4(211 517 518 212)
4(162 213 519 468)
4(212 518 519 213)
4(163 214 520 469)
4(213 519 520 214)
4(164 215 521 470)
4(214 520 521 215)
4(165 216 522 471)
4(215 521 522 216)
4(166 217 523 472)
4(216 522 523 217)
4(167 218 524 473)
4(217 523 524 218)
4(168 219 525 474)
4(218 524 525 219)
4(169 220 526 475)
4(219 525 526 220)
4(170 221 527 476)
4(220 526 527 221)
4(171 222 528 477)
4(221 527 528 222)
4(172 223 529 478)
4(222 528 529 223)
4(173 224 530 479)
4(223 529 530 224)
4(174 225 531 480)
4(224 530 531 225)
4(175 226 532 481)
4(225 531 532 226)
4(176 227 533 482)
4(226 532 533 227)
4(177 228 534 483)
4(227 533 534 228)
4(178 229 535 484)
4(228 534 535 229)
4(179 230 536 485)
4(229 535 536 230)
4(180 231 537 486)
4(230 536 537 231)
4(181 232 538 487)
4(231 537 538 232)
4(182 233 539 488)
4(232 538 539 233)
4(183 234 540 489)
4(233 539 540 234)
4(184 235 541 490)
4(234 540 541 235)
4(185 236 542 491)
4(235 541 542 236)
4(186 237 543 492)
4(236 542 543 237)
4(187 238 544 493)
4(237 543 544 238)
4(188 239 545 494)
4(238 544 545 239)
4(189 240 546 495)
4(239 545 546 240)
4(190 241 547 496)
4(240 546 547 241)
4(191 242 548 497)
4(241 547 548 242)
4(192 243 549 498)
4(242 548 549 243)
4(193 244 550 499)
4(243 549 550 244)
4(194 245 551 500)
4(244 550 551 245)
4(195 246 552 501)
4(245 551 552 246)
4(196 247 553 502)
4(246 552 553 247)
4(197 248 554 503)
4(247 553 554 248)
4(198 249 555 504)
4(248 554 555 249)
4(199 250 556 505)
4(249 555 556 250)
4(200 251 557 506)
4(250 556 557 251)
4(201 252 558 507)
4(251 557 558 252)
4(202 253 559 508)
4(252 558 559 253)
4(253 559 560 254)
4(205 256 562 511)
4(206 257 563 512)
4(207 258 564 513)
4(208 259 565 514)
4(209 260 566 515)
4(210 261 567 516)
4(211 262 568 517)
4(212 263 569 518)
4(213 264 570 519)
4(214 265 571 520)
4(215 266 572 521)
4(216 267 573 522)
4(217 268 574 523)
4(218 269 575 524)
4(219 270 576 525)
4(220 271 577 526)
4(221 272 578 527)
4(222 273 579 528)
4(223 274 580 529)
4(224 275 581 530)
4(225 276 582 531)
4(226 277 583 532)
4(227 278 584 533)
4(228 279 585 534)
4(229 280 586 535)
4(230 281 587 536)
4(231 282 588 537)
4(232 283 589 538)
4(233 284 590 539)
4(234 285 591 540)
4(235 286 592 541)
4(236 287 593 542)
4(237 288 594 543)
4(238 289 595 544)
4(239 290 596 545)
4(240 291 597 546)
4(241 292 598 547)
4(242 293 599 548)
4(243 294 600 549)
4(244 295 601 550)
4(245 296 602 551)
4(246 297 603 552)
4(247 298 604 553)
4(248 299 605 554)
4(249 300 606 555)
4(250 301 607 556)
4(251 302 608 557)
4(252 303 609 558)
4(253 304 610 559)
4(613 626 795 782)
4(625 794 795 626)
4(614 627 796 783)
4(626 795 796 627)
4(615 628 797 784)
4(627 796 797 628)
4(616 629 798 785)
4(628 797 798 629)
4(617 630 799 786)
4(629 798 799 630)
4(618 631 800 787)
4(630 799 800 631)
4(619 632 801 788)
4(631 800 801 632)
4(620 633 802 789)
4(632 801 802 633)
4(621 634 803 790)
4(633 802 803 634)
4(622 635 804 791)
4(634 803 804 635)
4(623 636 805 792)
4(635 804 805 636)
4(636 805 806 637)
4(626 639 808 795)
4(638 807 808 639)
4(627 640 809 796)
4(639 808 809 640)
4(628 641 810 797)
4(640 809 810 641)
4(629 642 811 798)
4(641 810 811 642)
4(630 643 812 799)
4(642 811 812 643)
4(631 644 813 800)
4(643 812 813 644)
4(632 645 814 801)
4(644 813 814 645)
4(633 646 815 802)
4(645 814 815 646)
4(634 647 816 803)
4(646 815 816 647)
4(635 648 817 804)
4(647 816 817 648)
4(636 649 818 805)
4(648 817 818 649)
4(649 818 819 650)
4(639 652 821 808)
4(651 820 821 652)
4(640 653 822 809)
4(652 821 822 653)
4(641 654 823 810)
4(653 822 823 654)
4(642 655 824 811)
4(654 823 824 655)
4(643 656 825 812)
4(655 824 825 656)
4(644 657 826 813)
4(656 825 826 657)
4(645 658 827 814)
4(657 826 827 658)
4(646 659 828 815)
4(658 827 828 659)
4(647 660 829 816)
4(659 828 829 660)
4(648 661 830 817)
4(660 829 830 661)
4(649 662 831 818)
4(661 830 831 662)
4(662 831 832 663)
4(652 665 834 821)
4(664 833 834 665)
4(653 666 835 822)
4(665 834 835 666)
4(654 667 836 823)
4(666 835 836 667)
4(655 668 837 824)
4(667 836 837 668)
4(656 669 838 825)
4(668 837 838 669)
4(657 670 839 826)
4(669 838 839 670)
4(658 671 840 827)
4(670 839 840 671)
4(659 672 841 828)
4(671 840 841 672)
4(660 673 842 829)
4(672 841 842 673)
4(661 674 843 830)
4(673 842 843 674)
4(662 675 844 831)
4(674 843 844 675)
4(675 844 845 676)
4(665 678 847 834)
4(677 846 847 678)
4(666 679 848 835)
4(678 847 848 679)
4(667 680 849 836)
4(679 848 849 680)
4(668 681 850 837)
4(680 849 850 681)
4(669 682 851 838)
4(681 850 851 682)
4(670 683 852 839)
4(682 851 852 683)
4(671 684 853 840)
4(683 852 853 684)
4(672 685 854 841)
4(684 853 854 685)
4(673 686 855 842)
4(685 854 855 686)
4(674 687 856 843)
4(686 855 856 687)
4(675 688 857 844)
4(687 856 857 688)
4(688 857 858 689)
4(678 691 860 847)
4(690 859 860 691)
4(679 692 861 848)
4(691 860 861 692)
4(680 693 862 849)
4(692 861 862 693)
4(681 694 863 850)
4(693 862 863 694)
4(682 695 864 851)
4(694 863 864 695)
4(683 696 865 852)
4(695 864 865 696)
4(684 697 866 853)
4(696 865 866 697)
4(685 698 867 854)
4(697 866 867 698)
4(686 699 868 855)
4(698 867 868 699)
4(687 700 869 856)
4(699 868 869 700)
4(688 701 870 857)
4(700 869 870 701)
4(701 870 871 702)
4(691 704 873 860)
4(703 872 873 704)
4(692 705 874 861)
4(704 873 874 705)
4(693 706 875 862)
4(705 874 875 706)
4(694 707 876 863)
4(706 875 876 707)
4(695 708 877 864)
4(707 876 877 708)
4(696 709 878 865)
4(708 877 878 709)
4(697 710 879 866)
4(709 878 879 710)
4(698 711 880 867)
4(710 879 880 711)
4(699 712 881 868)
4(711 880 881 712)
4(700 713 882 869)
4(712 881 882 713)
4(701 714 883 870)
4(713 882 883 714)
4(714 883 884 715)
4(704 717 886 873)
4(716 885 886 717)
4(705 718 887 874)
4(717 886 887 718)
4(706 719 888 875)
4(718 887 888 719)
4(707 720 889 876)
4(719 888 889 720)
4(708 721 890 877)
4(720 889 890 721)
4(709 722 891 878)
4(721 890 891 722)
4(710 723 892 879)
4(722 891 892 723)
4(711 724 893 880)
4(723 892 893 724)
4(712 725 894 881)
4(724 893 894 725)
4(713 726 895 882)
4(725 894 895 726)
4(714 727 896 883)
4(726 895 896 727)
4(727 896 897 728)
4(717 730 899 886)
4(729 898 899 730)
4(718 731 900 887)
4(730 899 900 731)
4(719 732 901 888)
4(731 900 901 732)
4(720 733 902 889)
4(732 901 902 733)
4(721 734 903 890)
4(733 902 903 734)
4(722 735 904 891)
4(734 903 904 735)
4(723 736 905 892)
4(735 904 905 736)
4(724 737 906 893)
4(736 905 906 737)
4(725 738 907 894)
4(737 906 907 738)
4(726 739 908 895)
4(738 907 908 739)
4(727 740 909 896)
4(739 908 909 740)
4(740 909 910 741)
4(730 743 912 899)
4(742 911 912 743)
4(731 744 913 900)
4(743 912 913 744)
4(732 745 914 901)
4(744 913 914 745)
4(733 746 915 902)
4(745 914 915 746)
4(734 747 916 903)
4(746 915 916 747)
4(735 748 917 904)
4(747 916 917 748)
4(736 749 918 905)
4(748 917 918 749)
4(737 750 919 906)
4(749 918 919 750)
4(738 751 920 907)
4(750 919 920 751)
4(739 752 921 908)
4(751 920 921 752)
4(740 753 922 909)
4(752 921 922 753)
4(753 922 923 754)
4(743 756 925 912)
4(755 924 925 756)
4(744 757 926 913)
4(756 925 926 757)
4(745 758 927 914)
4(757 926 927 758)
4(746 759 928 915)
4(758 927 928 759)
4(747 760 929 916)
4(759 928 929 760)
4(748 761 930 917)
4(760 929 930 761)
4(749 762 931 918)
4(761 930 931 762)
4(750 763 932 919)
4(762 931 932 763)
4(751 764 933 920)
4(763 932 933 764)
4(752 765 934 921)
4(764 933 934 765)
4(753 766 935 922)
4(765 934 935 766)
4(766 935 936 767)
4(756 769 938 925)
4(757 770 939 926)
4(758 771 940 927)
4(759 772 941 928)
4(760 773 942 929)
4(761 774 943 930)
4(762 775 944 931)
4(763 776 945 932)
4(764 777 946 933)
4(765 778 947 934)
4(766 779 948 935)
4(951 957 1263 1257)
4(956 1262 1263 957)
4(952 958 1264 1258)
4(957 1263 1264 958)
4(953 959 1265 1259)
4(958 1264 1265 959)
4(954 960 1266 1260)
4(959 1265 1266 960)
4(960 1266 1267 961)
4(957 963 1269 1263)
4(962 1268 1269 963)
4(958 964 1270 1264)
4(963 1269 1270 964)
4(959 965 1271 1265)
4(964 1270 1271 965)
4(960 966 1272 1266)
4(965 1271 1272 966)
4(966 1272 1273 967)
4(963 969 1275 1269)
4(968 1274 1275 969)
4(964 970 1276 1270)
4(969 1275 1276 970)
4(965 971 1277 1271)
4(970 1276 1277 971)
4(966 972 1278 1272)
4(971 1277 1278 972)
4(972 1278 1279 973)
4(969 975 1281 1275)
4(974 1280 1281 975)
4(970 976 1282 1276)
4(975 1281 1282 976)
4(971 977 1283 1277)
4(976 1282 1283 977)
4(972 978 1284 1278)
4(977 1283 1284 978)
4(978 1284 1285 979)
4(975 981 1287 1281)
4(980 1286 1287 981)
4(976 982 1288 1282)
4(981 1287 1288 982)
4(977 983 1289 1283)
4(982 1288 1289 983)
4(978 984 1290 1284)
4(983 1289 1290 984)
4(984 1290 1291 985)
4(981 987 1293 1287)
4(986 1292 1293 987)
4(982 988 1294 1288)
4(987 1293 1294 988)
4(983 989 1295 1289)
4(988 1294 1295 989)
4(984 990 1296 1290)
4(989 1295 1296 990)
4(990 1296 1297 991)
4(987 993 1299 1293)
4(992 1298 1299 993)
4(988 994 1300 1294)
4(993 1299 1300 994)
4(989 995 1301 1295)
4(994 1300 1301 995)
4(990 996 1302 1296)
4(995 1301 1302 996)
4(996 1302 1303 997)
4(993 999 1305 1299)
4(998 1304 1305 999)
4(994 1000 1306 1300)
4(999 1305 1306 1000)
4(995 1001 1307 1301)
4(1000 1306 1307 1001)
4(996 1002 1308 1302)
4(1001 1307 1308 1002)
4(1002 1308 1309 1003)
4(999 1005 1311 1305)
4(1004 1310 1311 1005)
4(1000 1006 1312 1306)
4(1005 1311 1312 1006)
4(1001 1007 1313 1307)
4(1006 1312 1313 1007)
4(1002 1008 1314 1308)
4(1007 1313 1314 1008)
4(1008 1314 1315 1009)
4(1005 1011 1317 1311)
4(1010 1316 1317 1011)
4(1006 1012 1318 1312)
4(1011 1317 1318 1012)
4(1007 1013 1319 1313)
4(1012 1318 1319 1013)
4(1008 1014 1320 1314)
4(1013 1319 1320 1014)
4(1014 1320 1321 1015)
4(1011 1017 1323 1317)
4(1016 1322 1323 1017)
4(1012 1018 1324 1318)
4(1017 1323 1324 1018)
4(1013 1019 1325 1319)
4(1018 1324 1325 1019)
4(1014 1020 1326 1320)
4(1019 1325 1326 1020)
4(1020 1326 1327 1021)
4(1017 1023 1329 1323)
4(1022 1328 1329 1023)
4(1018 1024 1330 1324)
4(1023 1329 1330 1024)
4(1019 1025 1331 1325)
4(1024 1330 1331 1025)
4(1020 1026 1332 1326)
4(1025 1331 1332 1026)
4(1026 1332 1333 1027)
4(1023 1029 1335 1329)
4(1028 1334 1335 1029)
4(1024 1030 1336 1330)
4(1029 1335 1336 1030)
4(1025 1031 1337 1331)
4(1030 1336 1337 1031)
4(1026 1032 1338 1332)
4(1031 1337 1338 1032)
4(1032 1338 1339 1033)
4(1029 1035 1341 1335)
4(1034 1340 1341 1035)
4(1030 1036 1342 1336)
4(1035 1341 1342 1036)
4(1031 1037 1343 1337)
4(1036 1342 1343 1037)
4(1032 1038 1344 1338)
4(1037 1343 1344 1038)
4(1038 1344 1345 1039)
4(1035 1041 1347 1341)
4(1040 1346 1347 1041)
4(1036 1042 1348 1342)
4(1041 1347 1348 1042)
4(1037 1043 1349 1343)
4(1042 1348 1349 1043)
4(1038 1044 1350 1344)
4(1043 1349 1350 1044)
4(1044 1350 1351 1045)
4(1041 1047 1353 1347)
4(1046 1352 1353 1047)
4(1042 1048 1354 1348)
4(1047 1353 1354 1048)
4(1043 1049 1355 1349)
4(1048 1354 1355 1049)
4(1044 1050 1356 1350)
4(1049 1355 1356 1050)
4(1050 1356 1357 1051)
4(1047 1053 1359 1353)
4(1052 1358 1359 1053)
4(1048 1054 1360 1354)
4(1053 1359 1360 1054)
4(1049 1055 1361 1355)
4(1054 1360 1361 1055)
4(1050 1056 1362 1356)
4(1055 1361 1362 1056)
4(1056 1362 1363 1057)
4(1053 1059 1365 1359)
4(1058 1364 1365 1059)
4(1054 1060 1366 1360)
4(1059 1365 1366 1060)
4(1055 1061 1367 1361)
4(1060 1366 1367 1061)
4(1056 1062 1368 1362)
4(1061 1367 1368 1062)
4(1062 1368 1369 1063)
4(1059 1065 1371 1365)
4(1064 1370 1371 1065)
4(1060 1066 1372 1366)
4(1065 1371 1372 1066)
4(1061 1067 1373 1367)
4(1066 1372 1373 1067)
4(1062 1068 1374 1368)
4(1067 1373 1374 1068)
4(1068 1374 1375 1069)
4(1065 1071 1377 1371)
4(1070 1376 1377 1071)
4(1066 1072 1378 1372)
4(1071 1377 1378 1072)
4(1067 1073 1379 1373)
4(1072 1378 1379 1073)
4(1068 1074 1380 1374)
4(1073 1379 1380 1074)
4(1074 1380 1381 1075)
4(1071 1077 1383 1377)
4(1076 1382 1383 1077)
4(1072 1078 1384 1378)
4(1077 1383 1384 1078)
4(1073 1079 1385 1379)
4(1078 1384 1385 1079)
4(1074 1080 1386 1380)
4(1079 1385 1386 1080)
4(1080 1386 1387 1081)
4(1077 1083 1389 1383)
4(1082 1388 1389 1083)
4(1078 1084 1390 1384)
4(1083 1389 1390 1084)
4(1079 1085 1391 1385)
4(1084 1390 1391 1085)
4(1080 1086 1392 1386)
4(1085 1391 1392 1086)
4(1086 1392 1393 1087)
4(1083 1089 1395 1389)
4(1088 1394 1395 1089)
4(1084 1090 1396 1390)
4(1089 1395 1396 1090)
4(1085 1091 1397 1391)
4(1090 1396 1397 1091)
4(1086 1092 1398 1392)
4(1091 1397 1398 1092)
4(1092 1398 1399 1093)
4(1089 1095 1401 1395)
4(1094 1400 1401 1095)
4(1090 1096 1402 1396)
4(1095 1401 1402 1096)
4(1091 1097 1403 1397)
4(1096 1402 1403 1097)
4(1092 1098 1404 1398)
4(1097 1403 1404 1098)
4(1098 1404 1405 1099)
4(1095 1101 1407 1401)
4(1100 1406 1407 1101)
4(1096 1102 1408 1402)
4(1101 1407 1408 1102)
4(1097 1103 1409 1403)
4(1102 1408 1409 1103)
4(1098 1104 1410 1404)
4(1103 1409 1410 1104)
4(1104 1410 1411 1105)
4(1101 1107 1413 1407)
4(1106 1412 1413 1107)
4(1102 1108 1414 1408)
4(1107 1413 1414 1108)
4(1103 1109 1415 1409)
4(1108 1414 1415 1109)
4(1104 1110 1416 1410)
4(1109 1415 1416 1110)
4(1110 1416 1417 1111)
4(1107 1113 1419 1413)
4(1112 1418 1419 1113)
4(1108 1114 1420 1414)
4(1113 1419 1420 1114)
4(1109 1115 1421 1415)
4(1114 1420 1421 1115)
4(1110 1116 1422 1416)
4(1115 1421 1422 1116)
4(1116 1422 1423 1117)
4(1113 1119 1425 1419)
4(1118 1424 1425 1119)
4(1114 1120 1426 1420)
4(1119 1425 1426 1120)
4(1115 1121 1427 1421)
4(1120 1426 1427 1121)
4(1116 1122 1428 1422)
4(1121 1427 1428 1122)
4(1122 1428 1429 1123)
4(1119 1125 1431 1425)
4(1124 1430 1431 1125)
4(1120 1126 1432 1426)
4(1125 1431 1432 1126)
4(1121 1127 1433 1427)
4(1126 1432 1433 1127)
4(1122 1128 1434 1428)
4(1127 1433 1434 1128)
4(1128 1434 1435 1129)
4(1125 1131 1437 1431)
4(1130 1436 1437 1131)
4(1126 1132 1438 1432)
4(1131 1437 1438 1132)
4(1127 1133 1439 1433)
4(1132 1438 1439 1133)
4(1128 1134 1440 1434)
4(1133 1439 1440 1134)
4(1134 1440 1441 1135)
4(1131 1137 1443 1437)
4(1136 1442 1443 1137)
4(1132 1138 1444 1438)
4(1137 1443 1444 1138)
4(1133 1139 1445 1439)
4(1138 1444 1445 1139)
4(1134 1140 1446 1440)
4(1139 1445 1446 1140)
4(1140 1446 1447 1141)
4(1137 1143 1449 1443)
4(1142 1448 1449 1143)
4(1138 1144 1450 1444)
4(1143 1449 1450 1144)
4(1139 1145 1451 1445)
4(1144 1450 1451 1145)
4(1140 1146 1452 1446)
4(1145 1451 1452 1146)
4(1146 1452 1453 1147)
4(1143 1149 1455 1449)
4(1148 1454 1455 1149)
4(1144 1150 1456 1450)
4(1149 1455 1456 1150)
4(1145 1151 1457 1451)
4(1150 1456 1457 1151)
4(1146 1152 1458 1452)
4(1151 1457 1458 1152)
4(1152 1458 1459 1153)
4(1149 1155 1461 1455)
4(1154 1460 1461 1155)
4(1150 1156 1462 1456)
4(1155 1461 1462 1156)
4(1151 1157 1463 1457)
4(1156 1462 1463 1157)
4(1152 1158 1464 1458)
4(1157 1463 1464 1158)
4(1158 1464 1465 1159)
4(1155 1161 1467 1461)
4(1160 1466 1467 1161)
4(1156 1162 1468 1462)
4(1161 1467 1468 1162)
4(1157 1163 1469 1463)
4(1162 1468 1469 1163)
4(1158 1164 1470 1464)
4(1163 1469 1470 1164)
4(1164 1470 1471 1165)
4(1161 1167 1473 1467)
4(1166 1472 1473 1167)
4(1162 1168 1474 1468)
4(1167 1473 1474 1168)
4(1163 1169 1475 1469)
4(1168 1474 1475 1169)
4(1164 1170 1476 1470)
4(1169 1475 1476 1170)
4(1170 1476 1477 1171)
4(1167 1173 1479 1473)
4(1172 1478 1479 1173)
4(1168 1174 1480 1474)
4(1173 1479 1480 1174)
4(1169 1175 1481 1475)
4(1174 1480 1481 1175)
4(1170 1176 1482 1476)
4(1175 1481 1482 1176)
4(1176 1482 1483 1177)
4(1173 1179 1485 1479)
4(1178 1484 1485 1179)
4(1174 1180 1486 1480)
4(1179 1485 1486 1180)
4(1175 1181 1487 1481)
4(1180 1486 1487 1181)
4(1176 1182 1488 1482)
4(1181 1487 1488 1182)
4(1182 1488 1489 1183)
4(1179 1185 1491 1485)
4(1184 1490 1491 1185)
4(1180 1186 1492 1486)
4(1185 1491 1492 1186)
4(1181 1187 1493 1487)
4(1186 1492 1493 1187)
4(1182 1188 1494 1488)
4(1187 1493 1494 1188)
4(1188 1494 1495 1189)
4(1185 1191 1497 1491)
4(1190 1496 1497 1191)
4(1186 1192 1498 1492)
4(1191 1497 1498 1192)
4(1187 1193 1499 1493)
4(1192 1498 1499 1193)
4(1188 1194 1500 1494)
4(1193 1499 1500 1194)
4(1194 1500 1501 1195)
4(1191 1197 1503 1497)
4(1196 1502 1503 1197)
4(1192 1198 1504 1498)
4(1197 1503 1504 1198)
4(1193 1199 1505 1499)
4(1198 1504 1505 1199)
4(1194 1200 1506 1500)
4(1199 1505 1506 1200)
4(1200 1506 1507 1201)
4(1197 1203 1509 1503)
4(1202 1508 1509 1203)
4(1198 1204 1510 1504)
4(1203 1509 1510 1204)
4(1199 1205 1511 1505)
4(1204 1510 1511 1205)
4(1200 1206 1512 1506)
4(1205 1511 1512 1206)
4(1206 1512 1513 1207)
4(1203 1209 1515 1509)
4(1208 1514 1515 1209)
4(1204 1210 1516 1510)
4(1209 1515 1516 1210)
4(1205 1211 1517 1511)
4(1210 1516 1517 1211)
4(1206 1212 1518 1512)
4(1211 1517 1518 1212)
4(1212 1518 1519 1213)
4(1209 1215 1521 1515)
4(1214 1520 1521 1215)
4(1210 1216 1522 1516)
4(1215 1521 1522 1216)
4(1211 1217 1523 1517)
4(1216 1522 1523 1217)
4(1212 1218 1524 1518)
4(1217 1523 1524 1218)
4(1218 1524 1525 1219)
4(1215 1221 1527 1521)
4(1220 1526 1527 1221)
4(1216 1222 1528 1522)
4(1221 1527 1528 1222)
4(1217 1223 1529 1523)
4(1222 1528 1529 1223)
4(1218 1224 1530 1524)
4(1223 1529 1530 1224)
4(1224 1530 1531 1225)
4(1221 1227 1533 1527)
4(1226 1532 1533 1227)
4(1222 1228 1534 1528)
4(1227 1533 1534 1228)
4(1223 1229 1535 1529)
4(1228 1534 1535 1229)
4(1224 1230 1536 1530)
4(1229 1535 1536 1230)
4(1230 1536 1537 1231)
4(1227 1233 1539 1533)
4(1232 1538 1539 1233)
4(1228 1234 1540 1534)
4(1233 1539 1540 1234)
4(1229 1235 1541 1535)
4(1234 1540 1541 1235)
4(1230 1236 1542 1536)
4(1235 1541 1542 1236)
4(1236 1542 1543 1237)
4(1233 1239 1545 1539)
4(1238 1544 1545 1239)
4(1234 1240 1546 1540)
4(1239 1545 1546 1240)
4(1235 1241 1547 1541)
4(1240 1546 1547 1241)
4(1236 1242 1548 1542)
4(1241 1547 1548 1242)
4(1242 1548 1549 1243)
4(1239 1245 1551 1545)
4(1244 1550 1551 1245)
4(1240 1246 1552 1546)
4(1245 1551 1552 1246)
4(1241 1247 1553 1547)
4(1246 1552 1553 1247)
4(1242 1248 1554 1548)
4(1247 1553 1554 1248)
4(1248 1554 1555 1249)
4(1245 1251 1557 1551)
4(1246 1252 1558 1552)
4(1247 1253 1559 1553)
4(1248 1254 1560 1554)
4(1563 1569 1875 1869)
4(1568 1874 1875 1569)
4(1564 1570 1876 1870)
4(1569 1875 1876 1570)
4(1565 1571 1877 1871)
4(1570 1876 1877 1571)
4(1566 1572 1878 1872)
4(1571 1877 1878 1572)
4(1572 1878 1879 1573)
4(1569 1575 1881 1875)
4(1574 1880 1881 1575)
4(1570 1576 1882 1876)
4(1575 1881 1882 1576)
4(1571 1577 1883 1877)
4(1576 1882 1883 1577)
4(1572 1578 1884 1878)
4(1577 1883 1884 1578)
4(1578 1884 1885 1579)
4(1575 1581 1887 1881)
4(1580 1886 1887 1581)
4(1576 1582 1888 1882)
4(1581 1887 1888 1582)
4(1577 1583 1889 1883)
4(1582 1888 1889 1583)
4(1578 1584 1890 1884)
4(1583 1889 1890 1584)
4(1584 1890 1891 1585)
4(1581 1587 1893 1887)
4(1586 1892 1893 1587)
4(1582 1588 1894 1888)
4(1587 1893 1894 1588)
4(1583 1589 1895 1889)
4(1588 1894 1895 1589)
4(1584 1590 1896 1890)
4(1589 1895 1896 1590)
4(1590 1896 1897 1591)
4(1587 1593 1899 1893)
4(1592 1898 1899 1593)
4(1588 1594 1900 1894)
4(1593 1899 1900 1594)
4(1589 1595 1901 1895)
4(1594 1900 1901 1595)
4(1590 1596 1902 1896)
4(1595 1901 1902 1596)
4(1596 1902 1903 1597)
4(1593 1599 1905 1899)
4(1598 1904 1905 1599)
4(1594 1600 1906 1900)
4(1599 1905 1906 1600)
4(1595 1601 1907 1901)
4(1600 1906 1907 1601)
4(1596 1602 1908 1902)
4(1601 1907 1908 1602)
4(1602 1908 1909 1603)
4(1599 1605 1911 1905)
4(1604 1910 1911 1605)
4(1600 1606 1912 1906)
4(1605 1911 1912 1606)
4(1601 1607 1913 1907)
4(1606 1912 1913 1607)
4(1602 1608 1914 1908)
4(1607 1913 1914 1608)
4(1608 1914 1915 1609)
4(1605 1611 1917 1911)
4(1610 1916 1917 1611)
4(1606 1612 1918 1912)
4(1611 1917 1918 1612)
4(1607 1613 1919 1913)
4(1612 1918 1919 1613)
4(1608 1614 1920 1914)
4(1613 1919 1920 1614)
4(1614 1920 1921 1615)
4(1611 1617 1923 1917)
4(1616 1922 1923 1617)
4(1612 1618 1924 1918)
4(1617 1923 1924 1618)
4(1613 1619 1925 1919)
4(1618 1924 1925 1619)
4(1614 1620 1926 1920)
4(1619 1925 1926 1620)
4(1620 1926 1927 1621)
4(1617 1623 1929 1923)
4(1622 1928 1929 1623)
4(1618 1624 1930 1924)
4(1623 1929 1930 1624)
4(1619 1625 1931 1925)
4(1624 1930 1931 1625)
4(1620 1626 1932 1926)
4(1625 1931 1932 1626)
4(1626 1932 1933 1627)
4(1623 1629 1935 1929)
4(1628 1934 1935 1629)
4(1624 1630 1936 1930)
4(1629 1935 1936 1630)
4(1625 1631 1937 1931)
4(1630 1936 1937 1631)
4(1626 1632 1938 1932)
4(1631 1937 1938 1632)
4(1632 1938 1939 1633)
4(1629 1635 1941 1935)
4(1634 1940 1941 1635)
4(1630 1636 1942 1936)
4(1635 1941 1942 1636)
4(1631 1637 1943 1937)
4(1636 1942 1943 1637)
4(1632 1638 1944 1938)
4(1637 1943 1944 1638)
4(1638 1944 1945 1639)
4(1635 1641 1947 1941)
4(1640 1946 1947 1641)
4(1636 1642 1948 1942)
4(1641 1947 1948 1642)
4(1637 1643 1949 1943)
4(1642 1948 1949 1643)
4(1638 1644 1950 1944)
4(1643 1949 1950 1644)
4(1644 1950 1951 1645)
4(1641 1647 1953 1947)
4(1646 1952 1953 1647)
4(1642 1648 1954 1948)
4(1647 1953 1954 1648)
4(1643 1649 1955 1949)
4(1648 1954 1955 1649)
4(1644 1650 1956 1950)
4(1649 1955 1956 1650)
4(1650 1956 1957 1651)
4(1647 1653 1959 1953)
4(1652 1958 1959 1653)
4(1648 1654 1960 1954)
4(1653 1959 1960 1654)
4(1649 1655 1961 1955)
4(1654 1960 1961 1655)
4(1650 1656 1962 1956)
4(1655 1961 1962 1656)
4(1656 1962 1963 1657)
4(1653 1659 1965 1959)
4(1658 1964 1965 1659)
4(1654 1660 1966 1960)
4(1659 1965 1966 1660)
4(1655 1661 1967 1961)
4(1660 1966 1967 1661)
4(1656 1662 1968 1962)
4(1661 1967 1968 1662)
4(1662 1968 1969 1663)
4(1659 1665 1971 1965)
4(1664 1970 1971 1665)
4(1660 1666 1972 1966)
4(1665 1971 1972 1666)
4(1661 1667 1973 1967)
4(1666 1972 1973 1667)
4(1662 1668 1974 1968)
4(1667 1973 1974 1668)
4(1668 1974 1975 1669)
4(1665 1671 1977 1971)
4(1670 1976 1977 1671)
4(1666 1672 1978 1972)
4(1671 1977 1978 1672)
4(1667 1673 1979 1973)
4(1672 1978 1979 1673)
4(1668 1674 1980 1974)
4(1673 1979 1980 1674)
4(1674 1980 1981 1675)
4(1671 1677 1983 1977)
4(1676 1982 1983 1677)
4(1672 1678 1984 1978)
4(1677 1983 1984 1678)
4(1673 1679 1985 1979)
4(1678 1984 1985 1679)
4(1674 1680 1986 1980)
4(1679 1985 1986 1680)
4(1680 1986 1987 1681)
4(1677 1683 1989 1983)
4(1682 1988 1989 1683)
4(1678 1684 1990 1984)
4(1683 1989 1990 1684)
4(1679 1685 1991 1985)
4(1684 1990 1991 1685)
4(1680 1686 1992 1986)
4(1685 1991 1992 1686)
4(1686 1992 1993 1687)
4(1683 1689 1995 1989)
4(1688 1994 1995 1689)
4(1684 1690 1996 1990)
4(1689 1995 1996 1690)
4(1685 1691 1997 1991)
4(1690 1996 1997 1691)
4(1686 1692 1998 1992)
4(1691 1997 1998 1692)
4(1692 1998 1999 1693)
4(1689 1695 2001 1995)
4(1694 2000 2001 1695)
4(1690 1696 2002 1996)
4(1695 2001 2002 1696)
4(1691 1697 2003 1997)
4(1696 2002 2003 1697)
4(1692 1698 2004 1998)
4(1697 2003 2004 1698)
4(1698 2004 2005 1699)
4(1695 1701 2007 2001)
4(1700 2006 2007 1701)
4(1696 1702 2008 2002)
4(1701 2007 2008 1702)
4(1697 1703 2009 2003)
4(1702 2008 2009 1703)
4(1698 1704 2010 2004)
4(1703 2009 2010 1704)
4(1704 2010 2011 1705)
4(1701 1707 2013 2007)
4(1706 2012 2013 1707)
4(1702 1708 2014 2008)
4(1707 2013 2014 1708)
4(1703 1709 2015 2009)
4(1708 2014 2015 1709)
4(1704 1710 2016 2010)
4(1709 2015 2016 1710)
4(1710 2016 2017 1711)
4(1707 1713 2019 2013)
4(1712 2018 2019 1713)
4(1708 1714 2020 2014)
4(1713 2019 2020 1714)
4(1709 1715 2021 2015)
4(1714 2020 2021 1715)
4(1710 1716 2022 2016)
4(1715 2021 2022 1716)
4(1716 2022 2023 1717)
4(1713 1719 2025 2019)
4(1718 2024 2025 1719)
4(1714 1720 2026 2020)
4(1719 2025 2026 1720)
4(1715 1721 2027 2021)
4(1720 2026 2027 1721)
4(1716 1722 2028 2022)
4(1721 2027 2028 1722)
4(1722 2028 2029 1723)
4(1719 1725 2031 2025)
4(1724 2030 2031 1725)
4(1720 1726 2032 2026)
4(1725 2031 2032 1726)
4(1721 1727 2033 2027)
4(1726 2032 2033 1727)
4(1722 1728 2034 2028)
4(1727 2033 2034 1728)
4(1728 2034 2035 1729)
4(1725 1731 2037 2031)
4(1730 2036 2037 1731)
4(1726 1732 2038 2032)
4(1731 2037 2038 1732)
4(1727 1733 2039 2033)
4(1732 2038 2039 1733)
4(1728 1734 2040 2034)
4(1733 2039 2040 1734)
4(1734 2040 2041 1735)
4(1731 1737 2043 2037)
4(1736 2042 2043 1737)
4(1732 1738 2044 2038)
4(1737 2043 2044 1738)
4(1733 1739 2045 2039)
4(1738 2044 2045 1739)
4(1734 1740 2046 2040)
4(1739 2045 2046 1740)
4(1740 2046 2047 1741)
4(1737 1743 2049 2043)
4(1742 2048 2049 1743)
4(1738 1744 2050 2044)
4(1743 2049 2050 1744)
4(1739 1745 2051 2045)
4(1744 2050 2051 1745)
4(1740 1746 2052 2046)
4(1745 2051 2052 1746)
4(1746 2052 2053 1747)
4(1743 1749 2055 2049)
4(1748 2054 2055 1749)
4(1744 1750 2056 2050)
4(1749 2055 2056 1750)
4(1745 1751 2057 2051)
4(1750 2056 2057 1751)
4(1746 1752 2058 2052)
4(1751 2057 2058 1752)
4(1752 2058 2059 1753)
4(1749 1755 2061 2055)
4(1754 2060 2061 1755)
4(1750 1756 2062 2056)
4(1755 2061 2062 1756)
4(1751 1757 2063 2057)
4(1756 2062 2063 1757)
4(1752 1758 2064 2058)
4(1757 2063 2064 1758)
4(1758 2064 2065 1759)
4(1755 1761 2067 2061)
4(1760 2066 2067 1761)
4(1756 1762 2068 2062)
4(1761 2067 2068 1762)
4(1757 1763 2069 2063)
4(1762 2068 2069 1763)
4(1758 1764 2070 2064)
4(1763 2069 2070 1764)
4(1764 2070 2071 1765)
4(1761 1767 2073 2067)
4(1766 2072 2073 1767)
4(1762 1768 2074 2068)
4(1767 2073 2074 1768)
4(1763 1769 2075 2069)
4(1768 2074 2075 1769)
4(1764 1770 2076 2070)
4(1769 2075 2076 1770)
4(1770 2076 2077 1771)
4(1767 1773 2079 2073)
4(1772 2078 2079 1773)
4(1768 1774 2080 2074)
4(1773 2079 2080 1774)
4(1769 1775 2081 2075)
4(1774 2080 2081 1775)
4(1770 1776 2082 2076)
4(1775 2081 2082 1776)
4(1776 2082 2083 1777)
4(1773 1779 2085 2079)
4(1778 2084 2085 1779)
4(1774 1780 2086 2080)
4(1779 2085 2086 1780)
4(1775 1781 2087 2081)
4(1780 2086 2087 1781)
4(1776 1782 2088 2082)
4(1781 2087 2088 1782)
4(1782 2088 2089 1783)
4(1779 1785 2091 2085)
4(1784 2090 2091 1785)
4(1780 1786 2092 2086)
4(1785 2091 2092 1786)
4(1781 1787 2093 2087)
4(1786 2092 2093 1787)
4(1782 1788 2094 2088)
4(1787 2093 2094 1788)
4(1788 2094 2095 1789)
4(1785 1791 2097 2091)
4(1790 2096 2097 1791)
4(1786 1792 2098 2092)
4(1791 2097 2098 1792)
4(1787 1793 2099 2093)
4(1792 2098 2099 1793)
4(1788 1794 2100 2094)
4(1793 2099 2100 1794)
4(1794 2100 2101 1795)
4(1791 1797 2103 2097)
4(1796 2102 2103 1797)
4(1792 1798 2104 2098)
4(1797 2103 2104 1798)
4(1793 1799 2105 2099)
4(1798 2104 2105 1799)
4(1794 1800 2106 2100)
4(1799 2105 2106 1800)
4(1800 2106 2107 1801)
4(1797 1803 2109 2103)
4(1802 2108 2109 1803)
4(1798 1804 2110 2104)
4(1803 2109 2110 1804)
4(1799 1805 2111 2105)
4(1804 2110 2111 1805)
4(1800 1806 2112 2106)
4(1805 2111 2112 1806)
4(1806 2112 2113 1807)
4(1803 1809 2115 2109)
4(1808 2114 2115 1809)
4(1804 1810 2116 2110)
4(1809 2115 2116 1810)
4(1805 1811 2117 2111)
4(1810 2116 2117 1811)
4(1806 1812 2118 2112)
4(1811 2117 2118 1812)
4(1812 2118 2119 1813)
4(1809 1815 2121 2115)
4(1814 2120 2121 1815)
4(1810 1816 2122 2116)
4(1815 2121 2122 1816)
4(1811 1817 2123 2117)
4(1816 2122 2123 1817)
4(1812 1818 2124 2118)
4(1817 2123 2124 1818)
4(1818 2124 2125 1819)
4(1815 1821 2127 2121)
4(1820 2126 2127 1821)
4(1816 1822 2128 2122)
4(1821 2127 2128 1822)
4(1817 1823 2129 2123)
4(1822 2128 2129 1823)
4(1818 1824 2130 2124)
4(1823 2129 2130 1824)
4(1824 2130 2131 1825)
4(1821 1827 2133 2127)
4(1826 2132 2133 1827)
4(1822 1828 2134 2128)
4(1827 2133 2134 1828)
4(1823 1829 2135 2129)
4(1828 2134 2135 1829)
4(1824 1830 2136 2130)
4(1829 2135 2136 1830)
4(1830 2136 2137 1831)
4(1827 1833 2139 2133)
4(1832 2138 2139 1833)
4(1828 1834 2140 2134)
4(1833 2139 2140 1834)
4(1829 1835 2141 2135)
4(1834 2140 2141 1835)
4(1830 1836 2142 2136)
4(1835 2141 2142 1836)
4(1836 2142 2143 1837)
4(1833 1839 2145 2139)
4(1838 2144 2145 1839)
4(1834 1840 2146 2140)
4(1839 2145 2146 1840)
4(1835 1841 2147 2141)
4(1840 2146 2147 1841)
4(1836 1842 2148 2142)
4(1841 2147 2148 1842)
4(1842 2148 2149 1843)
4(1839 1845 2151 2145)
4(1844 2150 2151 1845)
4(1840 1846 2152 2146)
4(1845 2151 2152 1846)
4(1841 1847 2153 2147)
4(1846 2152 2153 1847)
4(1842 1848 2154 2148)
4(1847 2153 2154 1848)
4(1848 2154 2155 1849)
4(1845 1851 2157 2151)
4(1850 2156 2157 1851)
4(1846 1852 2158 2152)
4(1851 2157 2158 1852)
4(1847 1853 2159 2153)
4(1852 2158 2159 1853)
4(1848 1854 2160 2154)
4(1853 2159 2160 1854)
4(1854 2160 2161 1855)
4(1851 1857 2163 2157)
4(1856 2162 2163 1857)
4(1852 1858 2164 2158)
4(1857 2163 2164 1858)
4(1853 1859 2165 2159)
4(1858 2164 2165 1859)
4(1854 1860 2166 2160)
4(1859 2165 2166 1860)
4(1860 2166 2167 1861)
4(1857 1863 2169 2163)
4(1858 1864 2170 2164)
4(1859 1865 2171 2165)
4(1860 1866 2172 2166)
4(0 306 357 51)
4(51 357 408 102)
4(102 408 459 153)
4(153 459 510 204)
4(204 510 561 255)
4(950 951 1257 1256)
4(951 952 1258 1257)
4(952 953 1259 1258)
4(953 954 1260 1259)
4(954 955 1261 1260)
4(1862 2168 2169 1863)
4(1863 2169 2170 1864)
4(1864 2170 2171 1865)
4(1865 2171 2172 1866)
4(1866 2172 2173 1867)
4(255 561 562 256)
4(256 562 563 257)
4(257 563 564 258)
4(258 564 565 259)
4(259 565 566 260)
4(260 566 567 261)
4(261 567 568 262)
4(262 568 569 263)
4(263 569 570 264)
4(264 570 571 265)
4(265 571 572 266)
4(266 572 573 267)
4(267 573 574 268)
4(268 574 575 269)
4(269 575 576 270)
4(270 576 577 271)
4(271 577 578 272)
4(272 578 579 273)
4(273 579 580 274)
4(274 580 581 275)
4(275 581 582 276)
4(276 582 583 277)
4(277 583 584 278)
4(278 584 585 279)
4(279 585 586 280)
4(280 586 587 281)
4(281 587 588 282)
4(282 588 589 283)
4(283 589 590 284)
4(284 590 591 285)
4(285 591 592 286)
4(286 592 593 287)
4(287 593 594 288)
4(288 594 595 289)
4(289 595 596 290)
4(290 596 597 291)
4(291 597 598 292)
4(292 598 599 293)
4(293 599 600 294)
4(294 600 601 295)
4(295 601 602 296)
4(296 602 603 297)
4(297 603 604 298)
4(298 604 605 299)
4(299 605 606 300)
4(300 606 607 301)
4(301 607 608 302)
4(302 608 609 303)
4(303 609 610 304)
4(304 610 611 305)
4(0 1 307 306)
4(1 2 308 307)
4(2 3 309 308)
4(3 4 310 309)
4(4 5 311 310)
4(5 6 312 311)
4(6 7 313 312)
4(7 8 314 313)
4(8 9 315 314)
4(9 10 316 315)
4(10 11 317 316)
4(11 12 318 317)
4(12 13 319 318)
4(13 14 320 319)
4(14 15 321 320)
4(15 16 322 321)
4(16 17 323 322)
4(17 18 324 323)
4(18 19 325 324)
4(19 20 326 325)
4(20 21 327 326)
4(21 22 328 327)
4(22 23 329 328)
4(23 24 330 329)
4(24 25 331 330)
4(25 26 332 331)
4(26 27 333 332)
4(27 28 334 333)
4(28 29 335 334)
4(29 30 336 335)
4(30 31 337 336)
4(31 32 338 337)
4(32 33 339 338)
4(33 34 340 339)
4(34 35 341 340)
4(35 36 342 341)
4(36 37 343 342)
4(37 38 344 343)
4(38 39 345 344)
4(39 40 346 345)
4(40 41 347 346)
4(41 42 348 347)
4(42 43 349 348)
4(43 44 350 349)
4(44 45 351 350)
4(45 46 352 351)
4(46 47 353 352)
4(47 48 354 353)
4(48 49 355 354)
4(49 50 356 355)
4(624 637 806 793)
4(637 650 819 806)
4(650 663 832 819)
4(663 676 845 832)
4(676 689 858 845)
4(689 702 871 858)
4(702 715 884 871)
4(715 728 897 884)
4(728 741 910 897)
4(741 754 923 910)
4(754 767 936 923)
4(767 780 949 936)
4(950 1256 1262 956)
4(956 1262 1268 962)
4(962 1268 1274 968)
4(968 1274 1280 974)
4(974 1280 1286 980)
4(980 1286 1292 986)
4(986 1292 1298 992)
4(992 1298 1304 998)
4(998 1304 1310 1004)
4(1004 1310 1316 1010)
4(1010 1316 1322 1016)
4(1016 1322 1328 1022)
4(1022 1328 1334 1028)
4(1028 1334 1340 1034)
4(1034 1340 1346 1040)
4(1040 1346 1352 1046)
4(1046 1352 1358 1052)
4(1052 1358 1364 1058)
4(1058 1364 1370 1064)
4(1064 1370 1376 1070)
4(1070 1376 1382 1076)
4(1076 1382 1388 1082)
4(1082 1388 1394 1088)
4(1088 1394 1400 1094)
4(1094 1400 1406 1100)
4(1100 1406 1412 1106)
4(1106 1412 1418 1112)
4(1112 1418 1424 1118)
4(1118 1424 1430 1124)
4(1124 1430 1436 1130)
4(1130 1436 1442 1136)
4(1136 1442 1448 1142)
4(1142 1448 1454 1148)
4(1148 1454 1460 1154)
4(1154 1460 1466 1160)
4(1160 1466 1472 1166)
4(1166 1472 1478 1172)
4(1172 1478 1484 1178)
4(1178 1484 1490 1184)
4(1184 1490 1496 1190)
4(1190 1496 1502 1196)
4(1196 1502 1508 1202)
4(1202 1508 1514 1208)
4(1208 1514 1520 1214)
4(1214 1520 1526 1220)
4(1220 1526 1532 1226)
4(1226 1532 1538 1232)
4(1232 1538 1544 1238)
4(1238 1544 1550 1244)
4(1244 1550 1556 1250)
4(955 961 1267 1261)
4(961 967 1273 1267)
4(967 973 1279 1273)
4(973 979 1285 1279)
4(979 985 1291 1285)
4(985 991 1297 1291)
4(991 997 1303 1297)
4(997 1003 1309 1303)
4(1003 1009 1315 1309)
4(1009 1015 1321 1315)
4(1015 1021 1327 1321)
4(1021 1027 1333 1327)
4(1027 1033 1339 1333)
4(1033 1039 1345 1339)
4(1039 1045 1351 1345)
4(1045 1051 1357 1351)
4(1051 1057 1363 1357)
4(1057 1063 1369 1363)
4(1063 1069 1375 1369)
4(1069 1075 1381 1375)
4(1075 1081 1387 1381)
4(1081 1087 1393 1387)
4(1087 1093 1399 1393)
4(1093 1099 1405 1399)
4(1099 1105 1411 1405)
4(1105 1111 1417 1411)
4(1111 1117 1423 1417)
4(1117 1123 1429 1423)
4(1123 1129 1435 1429)
4(1129 1135 1441 1435)
4(1135 1141 1447 1441)
4(1141 1147 1453 1447)
4(1147 1153 1459 1453)
4(1153 1159 1465 1459)
4(1159 1165 1471 1465)
4(1165 1171 1477 1471)
4(1171 1177 1483 1477)
4(1177 1183 1489 1483)
4(1183 1189 1495 1489)
4(1189 1195 1501 1495)
4(1195 1201 1507 1501)
4(1201 1207 1513 1507)
4(1207 1213 1519 1513)
4(1213 1219 1525 1519)
4(1219 1225 1531 1525)
4(1225 1231 1537 1531)
4(1231 1237 1543 1537)
4(1237 1243 1549 1543)
4(1243 1249 1555 1549)
4(1249 1255 1561 1555)
4(1567 1573 1879 1873)
4(1573 1579 1885 1879)
4(1579 1585 1891 1885)
4(1585 1591 1897 1891)
4(1591 1597 1903 1897)
4(1597 1603 1909 1903)
4(1603 1609 1915 1909)
4(1609 1615 1921 1915)
4(1615 1621 1927 1921)
4(1621 1627 1933 1927)
4(1627 1633 1939 1933)
4(1633 1639 1945 1939)
4(1639 1645 1951 1945)
4(1645 1651 1957 1951)
4(1651 1657 1963 1957)
4(1657 1663 1969 1963)
4(1663 1669 1975 1969)
4(1669 1675 1981 1975)
4(1675 1681 1987 1981)
4(1681 1687 1993 1987)
4(1687 1693 1999 1993)
4(1693 1699 2005 1999)
4(1699 1705 2011 2005)
4(1705 1711 2017 2011)
4(1711 1717 2023 2017)
4(1717 1723 2029 2023)
4(1723 1729 2035 2029)
4(1729 1735 2041 2035)
4(1735 1741 2047 2041)
4(1741 1747 2053 2047)
4(1747 1753 2059 2053)
4(1753 1759 2065 2059)
4(1759 1765 2071 2065)
4(1765 1771 2077 2071)
4(1771 1777 2083 2077)
4(1777 1783 2089 2083)
4(1783 1789 2095 2089)
4(1789 1795 2101 2095)
4(1795 1801 2107 2101)
4(1801 1807 2113 2107)
4(1807 1813 2119 2113)
4(1813 1819 2125 2119)
4(1819 1825 2131 2125)
4(1825 1831 2137 2131)
4(1831 1837 2143 2137)
4(1837 1843 2149 2143)
4(1843 1849 2155 2149)
4(1849 1855 2161 2155)
4(1855 1861 2167 2161)
4(1861 1867 2173 2167)
4(1562 1868 1874 1568)
4(1568 1874 1880 1574)
4(1574 1880 1886 1580)
4(1580 1886 1892 1586)
4(1586 1892 1898 1592)
4(1592 1898 1904 1598)
4(1598 1904 1910 1604)
4(1604 1910 1916 1610)
4(1610 1916 1922 1616)
4(1616 1922 1928 1622)
4(1622 1928 1934 1628)
4(1628 1934 1940 1634)
4(1634 1940 1946 1640)
4(1640 1946 1952 1646)
4(1646 1952 1958 1652)
4(1652 1958 1964 1658)
4(1658 1964 1970 1664)
4(1664 1970 1976 1670)
4(1670 1976 1982 1676)
4(1676 1982 1988 1682)
4(1682 1988 1994 1688)
4(1688 1994 2000 1694)
4(1694 2000 2006 1700)
4(1700 2006 2012 1706)
4(1706 2012 2018 1712)
4(1712 2018 2024 1718)
4(1718 2024 2030 1724)
4(1724 2030 2036 1730)
4(1730 2036 2042 1736)
4(1736 2042 2048 1742)
4(1742 2048 2054 1748)
4(1748 2054 2060 1754)
4(1754 2060 2066 1760)
4(1760 2066 2072 1766)
4(1766 2072 2078 1772)
4(1772 2078 2084 1778)
4(1778 2084 2090 1784)
4(1784 2090 2096 1790)
4(1790 2096 2102 1796)
4(1796 2102 2108 1802)
4(1802 2108 2114 1808)
4(1808 2114 2120 1814)
4(1814 2120 2126 1820)
4(1820 2126 2132 1826)
4(1826 2132 2138 1832)
4(1832 2138 2144 1838)
4(1838 2144 2150 1844)
4(1844 2150 2156 1850)
4(1850 2156 2162 1856)
4(1856 2162 2168 1862)
4(50 101 407 356)
4(101 152 458 407)
4(152 203 509 458)
4(203 254 560 509)
4(254 305 611 560)
4(50 101 407 356)
4(101 152 458 407)
4(152 203 509 458)
4(203 254 560 509)
4(254 305 611 560)
4(612 781 794 625)
4(625 794 807 638)
4(638 807 820 651)
4(651 820 833 664)
4(664 833 846 677)
4(677 846 859 690)
4(690 859 872 703)
4(703 872 885 716)
4(716 885 898 729)
4(729 898 911 742)
4(742 911 924 755)
4(755 924 937 768)
4(612 781 794 625)
4(625 794 807 638)
4(638 807 820 651)
4(651 820 833 664)
4(664 833 846 677)
4(677 846 859 690)
4(690 859 872 703)
4(703 872 885 716)
4(716 885 898 729)
4(729 898 911 742)
4(742 911 924 755)
4(755 924 937 768)
4(1250 1556 1557 1251)
4(1251 1557 1558 1252)
4(1252 1558 1559 1253)
4(1253 1559 1560 1254)
4(1254 1560 1561 1255)
4(1250 1556 1557 1251)
4(1251 1557 1558 1252)
4(1252 1558 1559 1253)
4(1253 1559 1560 1254)
4(1254 1560 1561 1255)
4(612 613 782 781)
4(613 614 783 782)
4(614 615 784 783)
4(615 616 785 784)
4(616 617 786 785)
4(617 618 787 786)
4(618 619 788 787)
4(619 620 789 788)
4(620 621 790 789)
4(621 622 791 790)
4(622 623 792 791)
4(623 624 793 792)
4(612 613 782 781)
4(613 614 783 782)
4(614 615 784 783)
4(615 616 785 784)
4(616 617 786 785)
4(617 618 787 786)
4(618 619 788 787)
4(619 620 789 788)
4(620 621 790 789)
4(621 622 791 790)
4(622 623 792 791)
4(623 624 793 792)
4(1562 1563 1869 1868)
4(1563 1564 1870 1869)
4(1564 1565 1871 1870)
4(1565 1566 1872 1871)
4(1566 1567 1873 1872)
4(1562 1563 1869 1868)
4(1563 1564 1870 1869)
4(1564 1565 1871 1870)
4(1565 1566 1872 1871)
4(1566 1567 1873 1872)
4(768 937 938 769)
4(769 938 939 770)
4(770 939 940 771)
4(771 940 941 772)
4(772 941 942 773)
4(773 942 943 774)
4(774 943 944 775)
4(775 944 945 776)
4(776 945 946 777)
4(777 946 947 778)
4(778 947 948 779)
4(779 948 949 780)
4(768 937 938 769)
4(769 938 939 770)
4(770 939 940 771)
4(771 940 941 772)
4(772 941 942 773)
4(773 942 943 774)
4(774 943 944 775)
4(775 944 945 776)
4(776 945 946 777)
4(777 946 947 778)
4(778 947 948 779)
4(779 948 949 780)
4(0 51 52 1)
4(51 102 103 52)
4(102 153 154 103)
4(153 204 205 154)
4(204 255 256 205)
4(1 52 53 2)
4(52 103 104 53)
4(103 154 155 104)
4(154 205 206 155)
4(205 256 257 206)
4(2 53 54 3)
4(53 104 105 54)
4(104 155 156 105)
4(155 206 207 156)
4(206 257 258 207)
4(3 54 55 4)
4(54 105 106 55)
4(105 156 157 106)
4(156 207 208 157)
4(207 258 259 208)
4(4 55 56 5)
4(55 106 107 56)
4(106 157 158 107)
4(157 208 209 158)
4(208 259 260 209)
4(5 56 57 6)
4(56 107 108 57)
4(107 158 159 108)
4(158 209 210 159)
4(209 260 261 210)
4(6 57 58 7)
4(57 108 109 58)
4(108 159 160 109)
4(159 210 211 160)
4(210 261 262 211)
4(7 58 59 8)
4(58 109 110 59)
4(109 160 161 110)
4(160 211 212 161)
4(211 262 263 212)
4(8 59 60 9)
4(59 110 111 60)
4(110 161 162 111)
4(161 212 213 162)
4(212 263 264 213)
4(9 60 61 10)
4(60 111 112 61)
4(111 162 163 112)
4(162 213 214 163)
4(213 264 265 214)
4(10 61 62 11)
4(61 112 113 62)
4(112 163 164 113)
4(163 214 215 164)
4(214 265 266 215)
4(11 62 63 12)
4(62 113 114 63)
4(113 164 165 114)
4(164 215 216 165)
4(215 266 267 216)
4(12 63 64 13)
4(63 114 115 64)
4(114 165 166 115)
4(165 216 217 166)
4(216 267 268 217)
4(13 64 65 14)
4(64 115 116 65)
4(115 166 167 116)
4(166 217 218 167)
4(217 268 269 218)
4(14 65 66 15)
4(65 116 117 66)
4(116 167 168 117)
4(167 218 219 168)
4(218 269 270 219)
4(15 66 67 16)
4(66 117 118 67)
4(117 168 169 118)
4(168 219 220 169)
4(219 270 271 220)
4(16 67 68 17)
4(67 118 119 68)
4(118 169 170 119)
4(169 220 221 170)
4(220 271 272 221)
4(17 68 69 18)
4(68 119 120 69)
4(119 170 171 120)
4(170 221 222 171)
4(221 272 273 222)
4(18 69 70 19)
4(69 120 121 70)
4(120 171 172 121)
4(171 222 223 172)
4(222 273 274 223)
4(19 70 71 20)
4(70 121 122 71)
4(121 172 173 122)
4(172 223 224 173)
4(223 274 275 224)
4(20 71 72 21)
4(71 122 123 72)
4(122 173 174 123)
4(173 224 225 174)
4(224 275 276 225)
4(21 72 73 22)
4(72 123 124 73)
4(123 174 175 124)
4(174 225 226 175)
4(225 276 277 226)
4(22 73 74 23)
4(73 124 125 74)
4(124 175 176 125)
4(175 226 227 176)
4(226 277 278 227)
4(23 74 75 24)
4(74 125 126 75)
4(125 176 177 126)
4(176 227 228 177)
4(227 278 279 228)
4(24 75 76 25)
4(75 126 127 76)
4(126 177 178 127)
4(177 228 229 178)
4(228 279 280 229)
4(25 76 77 26)
4(76 127 128 77)
4(127 178 179 128)
4(178 229 230 179)
4(229 280 281 230)
4(26 77 78 27)
4(77 128 129 78)
4(128 179 180 129)
4(179 230 231 180)
4(230 281 282 231)
4(27 78 79 28)
4(78 129 130 79)
4(129 180 181 130)
4(180 231 232 181)
4(231 282 283 232)
4(28 79 80 29)
4(79 130 131 80)
4(130 181 182 131)
4(181 232 233 182)
4(232 283 284 233)
4(29 80 81 30)
4(80 131 132 81)
4(131 182 183 132)
4(182 233 234 183)
4(233 284 285 234)
4(30 81 82 31)
4(81 132 133 82)
4(132 183 184 133)
4(183 234 235 184)
4(234 285 286 235)
4(31 82 83 32)
4(82 133 134 83)
4(133 184 185 134)
4(184 235 236 185)
4(235 286 287 236)
4(32 83 84 33)
4(83 134 135 84)
4(134 185 186 135)
4(185 236 237 186)
4(236 287 288 237)
4(33 84 85 34)
4(84 135 136 85)
4(135 186 187 136)
4(186 237 238 187)
4(237 288 289 238)
4(34 85 86 35)
4(85 136 137 86)
4(136 187 188 137)
4(187 238 239 188)
4(238 289 290 239)
4(35 86 87 36)
4(86 137 138 87)
4(137 188 189 138)
4(188 239 240 189)
4(239 290 291 240)
4(36 87 88 37)
4(87 138 139 88)
4(138 189 190 139)
4(189 240 241 190)
4(240 291 292 241)
4(37 88 89 38)
4(88 139 140 89)
4(139 190 191 140)
4(190 241 242 191)
4(241 292 293 242)
4(38 89 90 39)
4(89 140 141 90)
4(140 191 192 141)
4(191 242 243 192)
4(242 293 294 243)
4(39 90 91 40)
4(90 141 142 91)
4(141 192 193 142)
4(192 243 244 193)
4(243 294 295 244)
4(40 91 92 41)
4(91 142 143 92)
4(142 193 194 143)
4(193 244 245 194)
4(244 295 296 245)
4(41 92 93 42)
4(92 143 144 93)
4(143 194 195 144)
4(194 245 246 195)
4(245 296 297 246)
4(42 93 94 43)
4(93 144 145 94)
4(144 195 196 145)
4(195 246 247 196)
4(246 297 298 247)
4(43 94 95 44)
4(94 145 146 95)
4(145 196 197 146)
4(196 247 248 197)
4(247 298 299 248)
4(44 95 96 45)
4(95 146 147 96)
4(146 197 198 147)
4(197 248 249 198)
4(248 299 300 249)
4(45 96 97 46)
4(96 147 148 97)
4(147 198 199 148)
4(198 249 250 199)
4(249 300 301 250)
4(46 97 98 47)
4(97 148 149 98)
4(148 199 200 149)
4(199 250 251 200)
4(250 301 302 251)
4(47 98 99 48)
4(98 149 150 99)
4(149 200 201 150)
4(200 251 252 201)
4(251 302 303 252)
4(48 99 100 49)
4(99 150 151 100)
4(150 201 202 151)
4(201 252 253 202)
4(252 303 304 253)
4(49 100 101 50)
4(100 151 152 101)
4(151 202 203 152)
4(202 253 254 203)
4(253 304 305 254)
4(306 307 358 357)
4(357 358 409 408)
4(408 409 460 459)
4(459 460 511 510)
4(510 511 562 561)
4(307 308 359 358)
4(358 359 410 409)
4(409 410 461 460)
4(460 461 512 511)
4(511 512 563 562)
4(308 309 360 359)
4(359 360 411 410)
4(410 411 462 461)
4(461 462 513 512)
4(512 513 564 563)
4(309 310 361 360)
4(360 361 412 411)
4(411 412 463 462)
4(462 463 514 513)
4(513 514 565 564)
4(310 311 362 361)
4(361 362 413 412)
4(412 413 464 463)
4(463 464 515 514)
4(514 515 566 565)
4(311 312 363 362)
4(362 363 414 413)
4(413 414 465 464)
4(464 465 516 515)
4(515 516 567 566)
4(312 313 364 363)
4(363 364 415 414)
4(414 415 466 465)
4(465 466 517 516)
4(516 517 568 567)
4(313 314 365 364)
4(364 365 416 415)
4(415 416 467 466)
4(466 467 518 517)
4(517 518 569 568)
4(314 315 366 365)
4(365 366 417 416)
4(416 417 468 467)
4(467 468 519 518)
4(518 519 570 569)
4(315 316 367 366)
4(366 367 418 417)
4(417 418 469 468)
4(468 469 520 519)
4(519 520 571 570)
4(316 317 368 367)
4(367 368 419 418)
4(418 419 470 469)
4(469 470 521 520)
4(520 521 572 571)
4(317 318 369 368)
4(368 369 420 419)
4(419 420 471 470)
4(470 471 522 521)
4(521 522 573 572)
4(318 319 370 369)
4(369 370 421 420)
4(420 421 472 471)
4(471 472 523 522)
4(522 523 574 573)
4(319 320 371 370)
4(370 371 422 421)
4(421 422 473 472)
4(472 473 524 523)
4(523 524 575 574)
4(320 321 372 371)
4(371 372 423 422)
4(422 423 474 473)
4(473 474 525 524)
4(524 525 576 575)
4(321 322 373 372)
4(372 373 424 423)
4(423 424 475 474)
4(474 475 526 525)
4(525 526 577 576)
4(322 323 374 373)
4(373 374 425 424)
4(424 425 476 475)
4(475 476 527 526)
4(526 527 578 577)
4(323 324 375 374)
4(374 375 426 425)
4(425 426 477 476)
4(476 477 528 527)
4(527 528 579 578)
4(324 325 376 375)
4(375 376 427 426)
4(426 427 478 477)
4(477 478 529 528)
4(528 529 580 579)
4(325 326 377 376)
4(376 377 428 427)
4(427 428 479 478)
4(478 479 530 529)
4(529 530 581 580)
4(326 327 378 377)
4(377 378 429 428)
4(428 429 480 479)
4(479 480 531 530)
4(530 531 582 581)
4(327 328 379 378)
4(378 379 430 429)
4(429 430 481 480)
4(480 481 532 531)
4(531 532 583 582)
4(328 329 380 379)
4(379 380 431 430)
4(430 431 482 481)
4(481 482 533 532)
4(532 533 584 583)
4(329 330 381 380)
4(380 381 432 431)
4(431 432 483 482)
4(482 483 534 533)
4(533 534 585 584)
4(330 331 382 381)
4(381 382 433 432)
4(432 433 484 483)
4(483 484 535 534)
4(534 535 586 585)
4(331 332 383 382)
4(382 383 434 433)
4(433 434 485 484)
4(484 485 536 535)
4(535 536 587 586)
4(332 333 384 383)
4(383 384 435 434)
4(434 435 486 485)
4(485 486 537 536)
4(536 537 588 587)
4(333 334 385 384)
4(384 385 436 435)
4(435 436 487 486)
4(486 487 538 537)
4(537 538 589 588)
4(334 335 386 385)
4(385 386 437 436)
4(436 437 488 487)
4(487 488 539 538)
4(538 539 590 589)
4(335 336 387 386)
4(386 387 438 437)
4(437 438 489 488)
4(488 489 540 539)
4(539 540 591 590)
4(336 337 388 387)
4(387 388 439 438)
4(438 439 490 489)
4(489 490 541 540)
4(540 541 592 591)
4(337 338 389 388)
4(388 389 440 439)
4(439 440 491 490)
4(490 491 542 541)
4(541 542 593 592)
4(338 339 390 389)
4(389 390 441 440)
4(440 441 492 491)
4(491 492 543 542)
4(542 543 594 593)
4(339 340 391 390)
4(390 391 442 441)
4(441 442 493 492)
4(492 493 544 543)
4(543 544 595 594)
4(340 341 392 391)
4(391 392 443 442)
4(442 443 494 493)
4(493 494 545 544)
4(544 545 596 595)
4(341 342 393 392)
4(392 393 444 443)
4(443 444 495 494)
4(494 495 546 545)
4(545 546 597 596)
4(342 343 394 393)
4(393 394 445 444)
4(444 445 496 495)
4(495 496 547 546)
4(546 547 598 597)
4(343 344 395 394)
4(394 395 446 445)
4(445 446 497 496)
4(496 497 548 547)
4(547 548 599 598)
4(344 345 396 395)
4(395 396 447 446)
4(446 447 498 497)
4(497 498 549 548)
4(548 549 600 599)
4(345 346 397 396)
4(396 397 448 447)
4(447 448 499 498)
4(498 499 550 549)
4(549 550 601 600)
4(346 347 398 397)
4(397 398 449 448)
4(448 449 500 499)
4(499 500 551 550)
4(550 551 602 601)
4(347 348 399 398)
4(398 399 450 449)
4(449 450 501 500)
4(500 501 552 551)
4(551 552 603 602)
4(348 349 400 399)
4(399 400 451 450)
4(450 451 502 501)
4(501 502 553 552)
4(552 553 604 603)
4(349 350 401 400)
4(400 401 452 451)
4(451 452 503 502)
4(502 503 554 553)
4(553 554 605 604)
4(350 351 402 401)
4(401 402 453 452)
4(452 453 504 503)
4(503 504 555 554)
4(554 555 606 605)
4(351 352 403 402)
4(402 403 454 453)
4(453 454 505 504)
4(504 505 556 555)
4(555 556 607 606)
4(352 353 404 403)
4(403 404 455 454)
4(454 455 506 505)
4(505 506 557 556)
4(556 557 608 607)
4(353 354 405 404)
4(404 405 456 455)
4(455 456 507 506)
4(506 507 558 557)
4(557 558 609 608)
4(354 355 406 405)
4(405 406 457 456)
4(456 457 508 507)
4(507 508 559 558)
4(558 559 610 609)
4(355 356 407 406)
4(406 407 458 457)
4(457 458 509 508)
4(508 509 560 559)
4(559 560 611 610)
4(612 625 626 613)
4(625 638 639 626)
4(638 651 652 639)
4(651 664 665 652)
4(664 677 678 665)
4(677 690 691 678)
4(690 703 704 691)
4(703 716 717 704)
4(716 729 730 717)
4(729 742 743 730)
4(742 755 756 743)
4(755 768 769 756)
4(613 626 627 614)
4(626 639 640 627)
4(639 652 653 640)
4(652 665 666 653)
4(665 678 679 666)
4(678 691 692 679)
4(691 704 705 692)
4(704 717 718 705)
4(717 730 731 718)
4(730 743 744 731)
4(743 756 757 744)
4(756 769 770 757)
4(614 627 628 615)
4(627 640 641 628)
4(640 653 654 641)
4(653 666 667 654)
4(666 679 680 667)
4(679 692 693 680)
4(692 705 706 693)
4(705 718 719 706)
4(718 731 732 719)
4(731 744 745 732)
4(744 757 758 745)
4(757 770 771 758)
4(615 628 629 616)
4(628 641 642 629)
4(641 654 655 642)
4(654 667 668 655)
4(667 680 681 668)
4(680 693 694 681)
4(693 706 707 694)
4(706 719 720 707)
4(719 732 733 720)
4(732 745 746 733)
4(745 758 759 746)
4(758 771 772 759)
4(616 629 630 617)
4(629 642 643 630)
4(642 655 656 643)
4(655 668 669 656)
4(668 681 682 669)
4(681 694 695 682)
4(694 707 708 695)
4(707 720 721 708)
4(720 733 734 721)
4(733 746 747 734)
4(746 759 760 747)
4(759 772 773 760)
4(617 630 631 618)
4(630 643 644 631)
4(643 656 657 644)
4(656 669 670 657)
4(669 682 683 670)
4(682 695 696 683)
4(695 708 709 696)
4(708 721 722 709)
4(721 734 735 722)
4(734 747 748 735)
4(747 760 761 748)
4(760 773 774 761)
4(618 631 632 619)
4(631 644 645 632)
4(644 657 658 645)
4(657 670 671 658)
4(670 683 684 671)
4(683 696 697 684)
4(696 709 710 697)
4(709 722 723 710)
4(722 735 736 723)
4(735 748 749 736)
4(748 761 762 749)
4(761 774 775 762)
4(619 632 633 620)
4(632 645 646 633)
4(645 658 659 646)
4(658 671 672 659)
4(671 684 685 672)
4(684 697 698 685)
4(697 710 711 698)
4(710 723 724 711)
4(723 736 737 724)
4(736 749 750 737)
4(749 762 763 750)
4(762 775 776 763)
4(620 633 634 621)
4(633 646 647 634)
4(646 659 660 647)
4(659 672 673 660)
4(672 685 686 673)
4(685 698 699 686)
4(698 711 712 699)
4(711 724 725 712)
4(724 737 738 725)
4(737 750 751 738)
4(750 763 764 751)
4(763 776 777 764)
4(621 634 635 622)
4(634 647 648 635)
4(647 660 661 648)
4(660 673 674 661)
4(673 686 687 674)
4(686 699 700 687)
4(699 712 713 700)
4(712 725 726 713)
4(725 738 739 726)
4(738 751 752 739)
4(751 764 765 752)
4(764 777 778 765)
4(622 635 636 623)
4(635 648 649 636)
4(648 661 662 649)
4(661 674 675 662)
4(674 687 688 675)
4(687 700 701 688)
4(700 713 714 701)
4(713 726 727 714)
4(726 739 740 727)
4(739 752 753 740)
4(752 765 766 753)
4(765 778 779 766)
4(623 636 637 624)
4(636 649 650 637)
4(649 662 663 650)
4(662 675 676 663)
4(675 688 689 676)
4(688 701 702 689)
4(701 714 715 702)
4(714 727 728 715)
4(727 740 741 728)
4(740 753 754 741)
4(753 766 767 754)
4(766 779 780 767)
4(781 782 795 794)
4(794 795 808 807)
4(807 808 821 820)
4(820 821 834 833)
4(833 834 847 846)
4(846 847 860 859)
4(859 860 873 872)
4(872 873 886 885)
4(885 886 899 898)
4(898 899 912 911)
4(911 912 925 924)
4(924 925 938 937)
4(782 783 796 795)
4(795 796 809 808)
4(808 809 822 821)
4(821 822 835 834)
4(834 835 848 847)
4(847 848 861 860)
4(860 861 874 873)
4(873 874 887 886)
4(886 887 900 899)
4(899 900 913 912)
4(912 913 926 925)
4(925 926 939 938)
4(783 784 797 796)
4(796 797 810 809)
4(809 810 823 822)
4(822 823 836 835)
4(835 836 849 848)
4(848 849 862 861)
4(861 862 875 874)
4(874 875 888 887)
4(887 888 901 900)
4(900 901 914 913)
4(913 914 927 926)
4(926 927 940 939)
4(784 785 798 797)
4(797 798 811 810)
4(810 811 824 823)
4(823 824 837 836)
4(836 837 850 849)
4(849 850 863 862)
4(862 863 876 875)
4(875 876 889 888)
4(888 889 902 901)
4(901 902 915 914)
4(914 915 928 927)
4(927 928 941 940)
4(785 786 799 798)
4(798 799 812 811)
4(811 812 825 824)
4(824 825 838 837)
4(837 838 851 850)
4(850 851 864 863)
4(863 864 877 876)
4(876 877 890 889)
4(889 890 903 902)
4(902 903 916 915)
4(915 916 929 928)
4(928 929 942 941)
4(786 787 800 799)
4(799 800 813 812)
4(812 813 826 825)
4(825 826 839 838)
4(838 839 852 851)
4(851 852 865 864)
4(864 865 878 877)
4(877 878 891 890)
4(890 891 904 903)
4(903 904 917 916)
4(916 917 930 929)
4(929 930 943 942)
4(787 788 801 800)
4(800 801 814 813)
4(813 814 827 826)
4(826 827 840 839)
4(839 840 853 852)
4(852 853 866 865)
4(865 866 879 878)
4(878 879 892 891)
4(891 892 905 904)
4(904 905 918 917)
4(917 918 931 930)
4(930 931 944 943)
4(788 789 802 801)
4(801 802 815 814)
4(814 815 828 827)
4(827 828 841 840)
4(840 841 854 853)
4(853 854 867 866)
4(866 867 880 879)
4(879 880 893 892)
4(892 893 906 905)
4(905 906 919 918)
4(918 919 932 931)
4(931 932 945 944)
4(789 790 803 802)
4(802 803 816 815)
4(815 816 829 828)
4(828 829 842 841)
4(841 842 855 854)
4(854 855 868 867)
4(867 868 881 880)
4(880 881 894 893)
4(893 894 907 906)
4(906 907 920 919)
4(919 920 933 932)
4(932 933 946 945)
4(790 791 804 803)
4(803 804 817 816)
4(816 817 830 829)
4(829 830 843 842)
4(842 843 856 855)
4(855 856 869 868)
4(868 869 882 881)
4(881 882 895 894)
4(894 895 908 907)
4(907 908 921 920)
4(920 921 934 933)
4(933 934 947 946)
4(791 792 805 804)
4(804 805 818 817)
4(817 818 831 830)
4(830 831 844 843)
4(843 844 857 856)
4(856 857 870 869)
4(869 870 883 882)
4(882 883 896 895)
4(895 896 909 908)
4(908 909 922 921)
4(921 922 935 934)
4(934 935 948 947)
4(792 793 806 805)
4(805 806 819 818)
4(818 819 832 831)
4(831 832 845 844)
4(844 845 858 857)
4(857 858 871 870)
4(870 871 884 883)
4(883 884 897 896)
4(896 897 910 909)
4(909 910 923 922)
4(922 923 936 935)
4(935 936 949 948)
4(950 956 957 951)
4(956 962 963 957)
4(962 968 969 963)
4(968 974 975 969)
4(974 980 981 975)
4(980 986 987 981)
4(986 992 993 987)
4(992 998 999 993)
4(998 1004 1005 999)
4(1004 1010 1011 1005)
4(1010 1016 1017 1011)
4(1016 1022 1023 1017)
4(1022 1028 1029 1023)
4(1028 1034 1035 1029)
4(1034 1040 1041 1035)
4(1040 1046 1047 1041)
4(1046 1052 1053 1047)
4(1052 1058 1059 1053)
4(1058 1064 1065 1059)
4(1064 1070 1071 1065)
4(1070 1076 1077 1071)
4(1076 1082 1083 1077)
4(1082 1088 1089 1083)
4(1088 1094 1095 1089)
4(1094 1100 1101 1095)
4(1100 1106 1107 1101)
4(1106 1112 1113 1107)
4(1112 1118 1119 1113)
4(1118 1124 1125 1119)
4(1124 1130 1131 1125)
4(1130 1136 1137 1131)
4(1136 1142 1143 1137)
4(1142 1148 1149 1143)
4(1148 1154 1155 1149)
4(1154 1160 1161 1155)
4(1160 1166 1167 1161)
4(1166 1172 1173 1167)
4(1172 1178 1179 1173)
4(1178 1184 1185 1179)
4(1184 1190 1191 1185)
4(1190 1196 1197 1191)
4(1196 1202 1203 1197)
4(1202 1208 1209 1203)
4(1208 1214 1215 1209)
4(1214 1220 1221 1215)
4(1220 1226 1227 1221)
4(1226 1232 1233 1227)
4(1232 1238 1239 1233)
4(1238 1244 1245 1239)
4(1244 1250 1251 1245)
4(951 957 958 952)
4(957 963 964 958)
4(963 969 970 964)
4(969 975 976 970)
4(975 981 982 976)
4(981 987 988 982)
4(987 993 994 988)
4(993 999 1000 994)
4(999 1005 1006 1000)
4(1005 1011 1012 1006)
4(1011 1017 1018 1012)
4(1017 1023 1024 1018)
4(1023 1029 1030 1024)
4(1029 1035 1036 1030)
4(1035 1041 1042 1036)
4(1041 1047 1048 1042)
4(1047 1053 1054 1048)
4(1053 1059 1060 1054)
4(1059 1065 1066 1060)
4(1065 1071 1072 1066)
4(1071 1077 1078 1072)
4(1077 1083 1084 1078)
4(1083 1089 1090 1084)
4(1089 1095 1096 1090)
4(1095 1101 1102 1096)
4(1101 1107 1108 1102)
4(1107 1113 1114 1108)
4(1113 1119 1120 1114)
4(1119 1125 1126 1120)
4(1125 1131 1132 1126)
4(1131 1137 1138 1132)
4(1137 1143 1144 1138)
4(1143 1149 1150 1144)
4(1149 1155 1156 1150)
4(1155 1161 1162 1156)
4(1161 1167 1168 1162)
4(1167 1173 1174 1168)
4(1173 1179 1180 1174)
4(1179 1185 1186 1180)
4(1185 1191 1192 1186)
4(1191 1197 1198 1192)
4(1197 1203 1204 1198)
4(1203 1209 1210 1204)
4(1209 1215 1216 1210)
4(1215 1221 1222 1216)
4(1221 1227 1228 1222)
4(1227 1233 1234 1228)
4(1233 1239 1240 1234)
4(1239 1245 1246 1240)
4(1245 1251 1252 1246)
4(952 958 959 953)
4(958 964 965 959)
4(964 970 971 965)
4(970 976 977 971)
4(976 982 983 977)
4(982 988 989 983)
4(988 994 995 989)
4(994 1000 1001 995)
4(1000 1006 1007 1001)
4(1006 1012 1013 1007)
4(1012 1018 1019 1013)
4(1018 1024 1025 1019)
4(1024 1030 1031 1025)
4(1030 1036 1037 1031)
4(1036 1042 1043 1037)
4(1042 1048 1049 1043)
4(1048 1054 1055 1049)
4(1054 1060 1061 1055)
4(1060 1066 1067 1061)
4(1066 1072 1073 1067)
4(1072 1078 1079 1073)
4(1078 1084 1085 1079)
4(1084 1090 1091 1085)
4(1090 1096 1097 1091)
4(1096 1102 1103 1097)
4(1102 1108 1109 1103)
4(1108 1114 1115 1109)
4(1114 1120 1121 1115)
4(1120 1126 1127 1121)
4(1126 1132 1133 1127)
4(1132 1138 1139 1133)
4(1138 1144 1145 1139)
4(1144 1150 1151 1145)
4(1150 1156 1157 1151)
4(1156 1162 1163 1157)
4(1162 1168 1169 1163)
4(1168 1174 1175 1169)
4(1174 1180 1181 1175)
4(1180 1186 1187 1181)
4(1186 1192 1193 1187)
4(1192 1198 1199 1193)
4(1198 1204 1205 1199)
4(1204 1210 1211 1205)
4(1210 1216 1217 1211)
4(1216 1222 1223 1217)
4(1222 1228 1229 1223)
4(1228 1234 1235 1229)
4(1234 1240 1241 1235)
4(1240 1246 1247 1241)
4(1246 1252 1253 1247)
4(953 959 960 954)
4(959 965 966 960)
4(965 971 972 966)
4(971 977 978 972)
4(977 983 984 978)
4(983 989 990 984)
4(989 995 996 990)
4(995 1001 1002 996)
4(1001 1007 1008 1002)
4(1007 1013 1014 1008)
4(1013 1019 1020 1014)
4(1019 1025 1026 1020)
4(1025 1031 1032 1026)
4(1031 1037 1038 1032)
4(1037 1043 1044 1038)
4(1043 1049 1050 1044)
4(1049 1055 1056 1050)
4(1055 1061 1062 1056)
4(1061 1067 1068 1062)
4(1067 1073 1074 1068)
4(1073 1079 1080 1074)
4(1079 1085 1086 1080)
4(1085 1091 1092 1086)
4(1091 1097 1098 1092)
4(1097 1103 1104 1098)
4(1103 1109 1110 1104)
4(1109 1115 1116 1110)
4(1115 1121 1122 1116)
4(1121 1127 1128 1122)
4(1127 1133 1134 1128)
4(1133 1139 1140 1134)
4(1139 1145 1146 1140)
4(1145 1151 1152 1146)
4(1151 1157 1158 1152)
4(1157 1163 1164 1158)
4(1163 1169 1170 1164)
4(1169 1175 1176 1170)
4(1175 1181 1182 1176)
4(1181 1187 1188 1182)
4(1187 1193 1194 1188)
4(1193 1199 1200 1194)
4(1199 1205 1206 1200)
4(1205 1211 1212 1206)
4(1211 1217 1218 1212)
4(1217 1223 1224 1218)
4(1223 1229 1230 1224)
4(1229 1235 1236 1230)
4(1235 1241 1242 1236)
4(1241 1247 1248 1242)
4(1247 1253 1254 1248)
4(954 960 961 955)
4(960 966 967 961)
4(966 972 973 967)
4(972 978 979 973)
4(978 984 985 979)
4(984 990 991 985)
4(990 996 997 991)
4(996 1002 1003 997)
4(1002 1008 1009 1003)
4(1008 1014 1015 1009)
4(1014 1020 1021 1015)
4(1020 1026 1027 1021)
4(1026 1032 1033 1027)
4(1032 1038 1039 1033)
4(1038 1044 1045 1039)
4(1044 1050 1051 1045)
4(1050 1056 1057 1051)
4(1056 1062 1063 1057)
4(1062 1068 1069 1063)
4(1068 1074 1075 1069)
4(1074 1080 1081 1075)
4(1080 1086 1087 1081)
4(1086 1092 1093 1087)
4(1092 1098 1099 1093)
4(1098 1104 1105 1099)
4(1104 1110 1111 1105)
4(1110 1116 1117 1111)
4(1116 1122 1123 1117)
4(1122 1128 1129 1123)
4(1128 1134 1135 1129)
4(1134 1140 1141 1135)
4(1140 1146 1147 1141)
4(1146 1152 1153 1147)
4(1152 1158 1159 1153)
4(1158 1164 1165 1159)
4(1164 1170 1171 1165)
4(1170 1176 1177 1171)
4(1176 1182 1183 1177)
4(1182 1188 1189 1183)
4(1188 1194 1195 1189)
4(1194 1200 1201 1195)
4(1200 1206 1207 1201)
4(1206 1212 1213 1207)
4(1212 1218 1219 1213)
4(1218 1224 1225 1219)
4(1224 1230 1231 1225)
4(1230 1236 1237 1231)
4(1236 1242 1243 1237)
4(1242 1248 1249 1243)
4(1248 1254 1255 1249)
4(1256 1257 1263 1262)
4(1262 1263 1269 1268)
4(1268 1269 1275 1274)
4(1274 1275 1281 1280)
4(1280 1281 1287 1286)
4(1286 1287 1293 1292)
4(1292 1293 1299 1298)
4(1298 1299 1305 1304)
4(1304 1305 1311 1310)
4(1310 1311 1317 1316)
4(1316 1317 1323 1322)
4(1322 1323 1329 1328)
4(1328 1329 1335 1334)
4(1334 1335 1341 1340)
4(1340 1341 1347 1346)
4(1346 1347 1353 1352)
4(1352 1353 1359 1358)
4(1358 1359 1365 1364)
4(1364 1365 1371 1370)
4(1370 1371 1377 1376)
4(1376 1377 1383 1382)
4(1382 1383 1389 1388)
4(1388 1389 1395 1394)
4(1394 1395 1401 1400)
4(1400 1401 1407 1406)
4(1406 1407 1413 1412)
4(1412 1413 1419 1418)
4(1418 1419 1425 1424)
4(1424 1425 1431 1430)
4(1430 1431 1437 1436)
4(1436 1437 1443 1442)
4(1442 1443 1449 1448)
4(1448 1449 1455 1454)
4(1454 1455 1461 1460)
4(1460 1461 1467 1466)
4(1466 1467 1473 1472)
4(1472 1473 1479 1478)
4(1478 1479 1485 1484)
4(1484 1485 1491 1490)
4(1490 1491 1497 1496)
4(1496 1497 1503 1502)
4(1502 1503 1509 1508)
4(1508 1509 1515 1514)
4(1514 1515 1521 1520)
4(1520 1521 1527 1526)
4(1526 1527 1533 1532)
4(1532 1533 1539 1538)
4(1538 1539 1545 1544)
4(1544 1545 1551 1550)
4(1550 1551 1557 1556)
4(1257 1258 1264 1263)
4(1263 1264 1270 1269)
4(1269 1270 1276 1275)
4(1275 1276 1282 1281)
4(1281 1282 1288 1287)
4(1287 1288 1294 1293)
4(1293 1294 1300 1299)
4(1299 1300 1306 1305)
4(1305 1306 1312 1311)
4(1311 1312 1318 1317)
4(1317 1318 1324 1323)
4(1323 1324 1330 1329)
4(1329 1330 1336 1335)
4(1335 1336 1342 1341)
4(1341 1342 1348 1347)
4(1347 1348 1354 1353)
4(1353 1354 1360 1359)
4(1359 1360 1366 1365)
4(1365 1366 1372 1371)
4(1371 1372 1378 1377)
4(1377 1378 1384 1383)
4(1383 1384 1390 1389)
4(1389 1390 1396 1395)
4(1395 1396 1402 1401)
4(1401 1402 1408 1407)
4(1407 1408 1414 1413)
4(1413 1414 1420 1419)
4(1419 1420 1426 1425)
4(1425 1426 1432 1431)
4(1431 1432 1438 1437)
4(1437 1438 1444 1443)
4(1443 1444 1450 1449)
4(1449 1450 1456 1455)
4(1455 1456 1462 1461)
4(1461 1462 1468 1467)
4(1467 1468 1474 1473)
4(1473 1474 1480 1479)
4(1479 1480 1486 1485)
4(1485 1486 1492 1491)
4(1491 1492 1498 1497)
4(1497 1498 1504 1503)
4(1503 1504 1510 1509)
4(1509 1510 1516 1515)
4(1515 1516 1522 1521)
4(1521 1522 1528 1527)
4(1527 1528 1534 1533)
4(1533 1534 1540 1539)
4(1539 1540 1546 1545)
4(1545 1546 1552 1551)
4(1551 1552 1558 1557)
4(1258 1259 1265 1264)
4(1264 1265 1271 1270)
4(1270 1271 1277 1276)
4(1276 1277 1283 1282)
4(1282 1283 1289 1288)
4(1288 1289 1295 1294)
4(1294 1295 1301 1300)
4(1300 1301 1307 1306)
4(1306 1307 1313 1312)
4(1312 1313 1319 1318)
4(1318 1319 1325 1324)
4(1324 1325 1331 1330)
4(1330 1331 1337 1336)
4(1336 1337 1343 1342)
4(1342 1343 1349 1348)
4(1348 1349 1355 1354)
4(1354 1355 1361 1360)
4(1360 1361 1367 1366)
4(1366 1367 1373 1372)
4(1372 1373 1379 1378)
4(1378 1379 1385 1384)
4(1384 1385 1391 1390)
4(1390 1391 1397 1396)
4(1396 1397 1403 1402)
4(1402 1403 1409 1408)
4(1408 1409 1415 1414)
4(1414 1415 1421 1420)
4(1420 1421 1427 1426)
4(1426 1427 1433 1432)
4(1432 1433 1439 1438)
4(1438 1439 1445 1444)
4(1444 1445 1451 1450)
4(1450 1451 1457 1456)
4(1456 1457 1463 1462)
4(1462 1463 1469 1468)
4(1468 1469 1475 1474)
4(1474 1475 1481 1480)
4(1480 1481 1487 1486)
4(1486 1487 1493 1492)
4(1492 1493 1499 1498)
4(1498 1499 1505 1504)
4(1504 1505 1511 1510)
4(1510 1511 1517 1516)
4(1516 1517 1523 1522)
4(1522 1523 1529 1528)
4(1528 1529 1535 1534)
4(1534 1535 1541 1540)
4(1540 1541 1547 1546)
4(1546 1547 1553 1552)
4(1552 1553 1559 1558)
4(1259 1260 1266 1265)
4(1265 1266 1272 1271)
4(1271 1272 1278 1277)
4(1277 1278 1284 1283)
4(1283 1284 1290 1289)
4(1289 1290 1296 1295)
4(1295 1296 1302 1301)
4(1301 1302 1308 1307)
4(1307 1308 1314 1313)
4(1313 1314 1320 1319)
4(1319 1320 1326 1325)
4(1325 1326 1332 1331)
4(1331 1332 1338 1337)
4(1337 1338 1344 1343)
4(1343 1344 1350 1349)
4(1349 1350 1356 1355)
4(1355 1356 1362 1361)
4(1361 1362 1368 1367)
4(1367 1368 1374 1373)
4(1373 1374 1380 1379)
4(1379 1380 1386 1385)
4(1385 1386 1392 1391)
4(1391 1392 1398 1397)
4(1397 1398 1404 1403)
4(1403 1404 1410 1409)
4(1409 1410 1416 1415)
4(1415 1416 1422 1421)
4(1421 1422 1428 1427)
4(1427 1428 1434 1433)
4(1433 1434 1440 1439)
4(1439 1440 1446 1445)
4(1445 1446 1452 1451)
4(1451 1452 1458 1457)
4(1457 1458 1464 1463)
4(1463 1464 1470 1469)
4(1469 1470 1476 1475)
4(1475 1476 1482 1481)
4(1481 1482 1488 1487)
4(1487 1488 1494 1493)
4(1493 1494 1500 1499)
4(1499 1500 1506 1505)
4(1505 1506 1512 1511)
4(1511 1512 1518 1517)
4(1517 1518 1524 1523)
4(1523 1524 1530 1529)
4(1529 1530 1536 1535)
4(1535 1536 1542 1541)
4(1541 1542 1548 1547)
4(1547 1548 1554 1553)
4(1553 1554 1560 1559)
4(1260 1261 1267 1266)
4(1266 1267 1273 1272)
4(1272 1273 1279 1278)
4(1278 1279 1285 1284)
4(1284 1285 1291 1290)
4(1290 1291 1297 1296)
4(1296 1297 1303 1302)
4(1302 1303 1309 1308)
4(1308 1309 1315 1314)
4(1314 1315 1321 1320)
4(1320 1321 1327 1326)
4(1326 1327 1333 1332)
4(1332 1333 1339 1338)
4(1338 1339 1345 1344)
4(1344 1345 1351 1350)
4(1350 1351 1357 1356)
4(1356 1357 1363 1362)
4(1362 1363 1369 1368)
4(1368 1369 1375 1374)
4(1374 1375 1381 1380)
4(1380 1381 1387 1386)
4(1386 1387 1393 1392)
4(1392 1393 1399 1398)
4(1398 1399 1405 1404)
4(1404 1405 1411 1410)
4(1410 1411 1417 1416)
4(1416 1417 1423 1422)
4(1422 1423 1429 1428)
4(1428 1429 1435 1434)
4(1434 1435 1441 1440)
4(1440 1441 1447 1446)
4(1446 1447 1453 1452)
4(1452 1453 1459 1458)
4(1458 1459 1465 1464)
4(1464 1465 1471 1470)
4(1470 1471 1477 1476)
4(1476 1477 1483 1482)
4(1482 1483 1489 1488)
4(1488 1489 1495 1494)
4(1494 1495 1501 1500)
4(1500 1501 1507 1506)
4(1506 1507 1513 1512)
4(1512 1513 1519 1518)
4(1518 1519 1525 1524)
4(1524 1525 1531 1530)
4(1530 1531 1537 1536)
4(1536 1537 1543 1542)
4(1542 1543 1549 1548)
4(1548 1549 1555 1554)
4(1554 1555 1561 1560)
4(1562 1568 1569 1563)
4(1568 1574 1575 1569)
4(1574 1580 1581 1575)
4(1580 1586 1587 1581)
4(1586 1592 1593 1587)
4(1592 1598 1599 1593)
4(1598 1604 1605 1599)
4(1604 1610 1611 1605)
4(1610 1616 1617 1611)
4(1616 1622 1623 1617)
4(1622 1628 1629 1623)
4(1628 1634 1635 1629)
4(1634 1640 1641 1635)
4(1640 1646 1647 1641)
4(1646 1652 1653 1647)
4(1652 1658 1659 1653)
4(1658 1664 1665 1659)
4(1664 1670 1671 1665)
4(1670 1676 1677 1671)
4(1676 1682 1683 1677)
4(1682 1688 1689 1683)
4(1688 1694 1695 1689)
4(1694 1700 1701 1695)
4(1700 1706 1707 1701)
4(1706 1712 1713 1707)
4(1712 1718 1719 1713)
4(1718 1724 1725 1719)
4(1724 1730 1731 1725)
4(1730 1736 1737 1731)
4(1736 1742 1743 1737)
4(1742 1748 1749 1743)
4(1748 1754 1755 1749)
4(1754 1760 1761 1755)
4(1760 1766 1767 1761)
4(1766 1772 1773 1767)
4(1772 1778 1779 1773)
4(1778 1784 1785 1779)
4(1784 1790 1791 1785)
4(1790 1796 1797 1791)
4(1796 1802 1803 1797)
4(1802 1808 1809 1803)
4(1808 1814 1815 1809)
4(1814 1820 1821 1815)
4(1820 1826 1827 1821)
4(1826 1832 1833 1827)
4(1832 1838 1839 1833)
4(1838 1844 1845 1839)
4(1844 1850 1851 1845)
4(1850 1856 1857 1851)
4(1856 1862 1863 1857)
4(1563 1569 1570 1564)
4(1569 1575 1576 1570)
4(1575 1581 1582 1576)
4(1581 1587 1588 1582)
4(1587 1593 1594 1588)
4(1593 1599 1600 1594)
4(1599 1605 1606 1600)
4(1605 1611 1612 1606)
4(1611 1617 1618 1612)
4(1617 1623 1624 1618)
4(1623 1629 1630 1624)
4(1629 1635 1636 1630)
4(1635 1641 1642 1636)
4(1641 1647 1648 1642)
4(1647 1653 1654 1648)
4(1653 1659 1660 1654)
4(1659 1665 1666 1660)
4(1665 1671 1672 1666)
4(1671 1677 1678 1672)
4(1677 1683 1684 1678)
4(1683 1689 1690 1684)
4(1689 1695 1696 1690)
4(1695 1701 1702 1696)
4(1701 1707 1708 1702)
4(1707 1713 1714 1708)
4(1713 1719 1720 1714)
4(1719 1725 1726 1720)
4(1725 1731 1732 1726)
4(1731 1737 1738 1732)
4(1737 1743 1744 1738)
4(1743 1749 1750 1744)
4(1749 1755 1756 1750)
4(1755 1761 1762 1756)
4(1761 1767 1768 1762)
4(1767 1773 1774 1768)
4(1773 1779 1780 1774)
4(1779 1785 1786 1780)
4(1785 1791 1792 1786)
4(1791 1797 1798 1792)
4(1797 1803 1804 1798)
4(1803 1809 1810 1804)
4(1809 1815 1816 1810)
4(1815 1821 1822 1816)
4(1821 1827 1828 1822)
4(1827 1833 1834 1828)
4(1833 1839 1840 1834)
4(1839 1845 1846 1840)
4(1845 1851 1852 1846)
4(1851 1857 1858 1852)
4(1857 1863 1864 1858)
4(1564 1570 1571 1565)
4(1570 1576 1577 1571)
4(1576 1582 1583 1577)
4(1582 1588 1589 1583)
4(1588 1594 1595 1589)
4(1594 1600 1601 1595)
4(1600 1606 1607 1601)
4(1606 1612 1613 1607)
4(1612 1618 1619 1613)
4(1618 1624 1625 1619)
4(1624 1630 1631 1625)
4(1630 1636 1637 1631)
4(1636 1642 1643 1637)
4(1642 1648 1649 1643)
4(1648 1654 1655 1649)
4(1654 1660 1661 1655)
4(1660 1666 1667 1661)
4(1666 1672 1673 1667)
4(1672 1678 1679 1673)
4(1678 1684 1685 1679)
4(1684 1690 1691 1685)
4(1690 1696 1697 1691)
4(1696 1702 1703 1697)
4(1702 1708 1709 1703)
4(1708 1714 1715 1709)
4(1714 1720 1721 1715)
4(1720 1726 1727 1721)
4(1726 1732 1733 1727)
4(1732 1738 1739 1733)
4(1738 1744 1745 1739)
4(1744 1750 1751 1745)
4(1750 1756 1757 1751)
4(1756 1762 1763 1757)
4(1762 1768 1769 1763)
4(1768 1774 1775 1769)
4(1774 1780 1781 1775)
4(1780 1786 1787 1781)
4(1786 1792 1793 1787)
4(1792 1798 1799 1793)
4(1798 1804 1805 1799)
4(1804 1810 1811 1805)
4(1810 1816 1817 1811)
4(1816 1822 1823 1817)
4(1822 1828 1829 1823)
4(1828 1834 1835 1829)
4(1834 1840 1841 1835)
4(1840 1846 1847 1841)
4(1846 1852 1853 1847)
4(1852 1858 1859 1853)
4(1858 1864 1865 1859)
4(1565 1571 1572 1566)
4(1571 1577 1578 1572)
4(1577 1583 1584 1578)
4(1583 1589 1590 1584)
4(1589 1595 1596 1590)
4(1595 1601 1602 1596)
4(1601 1607 1608 1602)
4(1607 1613 1614 1608)
4(1613 1619 1620 1614)
4(1619 1625 1626 1620)
4(1625 1631 1632 1626)
4(1631 1637 1638 1632)
4(1637 1643 1644 1638)
4(1643 1649 1650 1644)
4(1649 1655 1656 1650)
4(1655 1661 1662 1656)
4(1661 1667 1668 1662)
4(1667 1673 1674 1668)
4(1673 1679 1680 1674)
4(1679 1685 1686 1680)
4(1685 1691 1692 1686)
4(1691 1697 1698 1692)
4(1697 1703 1704 1698)
4(1703 1709 1710 1704)
4(1709 1715 1716 1710)
4(1715 1721 1722 1716)
4(1721 1727 1728 1722)
4(1727 1733 1734 1728)
4(1733 1739 1740 1734)
4(1739 1745 1746 1740)
4(1745 1751 1752 1746)
4(1751 1757 1758 1752)
4(1757 1763 1764 1758)
4(1763 1769 1770 1764)
4(1769 1775 1776 1770)
4(1775 1781 1782 1776)
4(1781 1787 1788 1782)
4(1787 1793 1794 1788)
4(1793 1799 1800 1794)
4(1799 1805 1806 1800)
4(1805 1811 1812 1806)
4(1811 1817 1818 1812)
4(1817 1823 1824 1818)
4(1823 1829 1830 1824)
4(1829 1835 1836 1830)
4(1835 1841 1842 1836)
4(1841 1847 1848 1842)
4(1847 1853 1854 1848)
4(1853 1859 1860 1854)
4(1859 1865 1866 1860)
4(1566 1572 1573 1567)
4(1572 1578 1579 1573)
4(1578 1584 1585 1579)
4(1584 1590 1591 1585)
4(1590 1596 1597 1591)
4(1596 1602 1603 1597)
4(1602 1608 1609 1603)
4(1608 1614 1615 1609)
4(1614 1620 1621 1615)
4(1620 1626 1627 1621)
4(1626 1632 1633 1627)
4(1632 1638 1639 1633)
4(1638 1644 1645 1639)
4(1644 1650 1651 1645)
4(1650 1656 1657 1651)
4(1656 1662 1663 1657)
4(1662 1668 1669 1663)
4(1668 1674 1675 1669)
4(1674 1680 1681 1675)
4(1680 1686 1687 1681)
4(1686 1692 1693 1687)
4(1692 1698 1699 1693)
4(1698 1704 1705 1699)
4(1704 1710 1711 1705)
4(1710 1716 1717 1711)
4(1716 1722 1723 1717)
4(1722 1728 1729 1723)
4(1728 1734 1735 1729)
4(1734 1740 1741 1735)
4(1740 1746 1747 1741)
4(1746 1752 1753 1747)
4(1752 1758 1759 1753)
4(1758 1764 1765 1759)
4(1764 1770 1771 1765)
4(1770 1776 1777 1771)
4(1776 1782 1783 1777)
4(1782 1788 1789 1783)
4(1788 1794 1795 1789)
4(1794 1800 1801 1795)
4(1800 1806 1807 1801)
4(1806 1812 1813 1807)
4(1812 1818 1819 1813)
4(1818 1824 1825 1819)
4(1824 1830 1831 1825)
4(1830 1836 1837 1831)
4(1836 1842 1843 1837)
4(1842 1848 1849 1843)
4(1848 1854 1855 1849)
4(1854 1860 1861 1855)
4(1860 1866 1867 1861)
4(1868 1869 1875 1874)
4(1874 1875 1881 1880)
4(1880 1881 1887 1886)
4(1886 1887 1893 1892)
4(1892 1893 1899 1898)
4(1898 1899 1905 1904)
4(1904 1905 1911 1910)
4(1910 1911 1917 1916)
4(1916 1917 1923 1922)
4(1922 1923 1929 1928)
4(1928 1929 1935 1934)
4(1934 1935 1941 1940)
4(1940 1941 1947 1946)
4(1946 1947 1953 1952)
4(1952 1953 1959 1958)
4(1958 1959 1965 1964)
4(1964 1965 1971 1970)
4(1970 1971 1977 1976)
4(1976 1977 1983 1982)
4(1982 1983 1989 1988)
4(1988 1989 1995 1994)
4(1994 1995 2001 2000)
4(2000 2001 2007 2006)
4(2006 2007 2013 2012)
4(2012 2013 2019 2018)
4(2018 2019 2025 2024)
4(2024 2025 2031 2030)
4(2030 2031 2037 2036)
4(2036 2037 2043 2042)
4(2042 2043 2049 2048)
4(2048 2049 2055 2054)
4(2054 2055 2061 2060)
4(2060 2061 2067 2066)
4(2066 2067 2073 2072)
4(2072 2073 2079 2078)
4(2078 2079 2085 2084)
4(2084 2085 2091 2090)
4(2090 2091 2097 2096)
4(2096 2097 2103 2102)
4(2102 2103 2109 2108)
4(2108 2109 2115 2114)
4(2114 2115 2121 2120)
4(2120 2121 2127 2126)
4(2126 2127 2133 2132)
4(2132 2133 2139 2138)
4(2138 2139 2145 2144)
4(2144 2145 2151 2150)
4(2150 2151 2157 2156)
4(2156 2157 2163 2162)
4(2162 2163 2169 2168)
4(1869 1870 1876 1875)
4(1875 1876 1882 1881)
4(1881 1882 1888 1887)
4(1887 1888 1894 1893)
4(1893 1894 1900 1899)
4(1899 1900 1906 1905)
4(1905 1906 1912 1911)
4(1911 1912 1918 1917)
4(1917 1918 1924 1923)
4(1923 1924 1930 1929)
4(1929 1930 1936 1935)
4(1935 1936 1942 1941)
4(1941 1942 1948 1947)
4(1947 1948 1954 1953)
4(1953 1954 1960 1959)
4(1959 1960 1966 1965)
4(1965 1966 1972 1971)
4(1971 1972 1978 1977)
4(1977 1978 1984 1983)
4(1983 1984 1990 1989)
4(1989 1990 1996 1995)
4(1995 1996 2002 2001)
4(2001 2002 2008 2007)
4(2007 2008 2014 2013)
4(2013 2014 2020 2019)
4(2019 2020 2026 2025)
4(2025 2026 2032 2031)
4(2031 2032 2038 2037)
4(2037 2038 2044 2043)
4(2043 2044 2050 2049)
4(2049 2050 2056 2055)
4(2055 2056 2062 2061)
4(2061 2062 2068 2067)
4(2067 2068 2074 2073)
4(2073 2074 2080 2079)
4(2079 2080 2086 2085)
4(2085 2086 2092 2091)
4(2091 2092 2098 2097)
4(2097 2098 2104 2103)
4(2103 2104 2110 2109)
4(2109 2110 2116 2115)
4(2115 2116 2122 2121)
4(2121 2122 2128 2127)
4(2127 2128 2134 2133)
4(2133 2134 2140 2139)
4(2139 2140 2146 2145)
4(2145 2146 2152 2151)
4(2151 2152 2158 2157)
4(2157 2158 2164 2163)
4(2163 2164 2170 2169)
4(1870 1871 1877 1876)
4(1876 1877 1883 1882)
4(1882 1883 1889 1888)
4(1888 1889 1895 1894)
4(1894 1895 1901 1900)
4(1900 1901 1907 1906)
4(1906 1907 1913 1912)
4(1912 1913 1919 1918)
4(1918 1919 1925 1924)
4(1924 1925 1931 1930)
4(1930 1931 1937 1936)
4(1936 1937 1943 1942)
4(1942 1943 1949 1948)
4(1948 1949 1955 1954)
4(1954 1955 1961 1960)
4(1960 1961 1967 1966)
4(1966 1967 1973 1972)
4(1972 1973 1979 1978)
4(1978 1979 1985 1984)
4(1984 1985 1991 1990)
4(1990 1991 1997 1996)
4(1996 1997 2003 2002)
4(2002 2003 2009 2008)
4(2008 2009 2015 2014)
4(2014 2015 2021 2020)
4(2020 2021 2027 2026)
4(2026 2027 2033 2032)
4(2032 2033 2039 2038)
4(2038 2039 2045 2044)
4(2044 2045 2051 2050)
4(2050 2051 2057 2056)
4(2056 2057 2063 2062)
4(2062 2063 2069 2068)
4(2068 2069 2075 2074)
4(2074 2075 2081 2080)
4(2080 2081 2087 2086)
4(2086 2087 2093 2092)
4(2092 2093 2099 2098)
4(2098 2099 2105 2104)
4(2104 2105 2111 2110)
4(2110 2111 2117 2116)
4(2116 2117 2123 2122)
4(2122 2123 2129 2128)
4(2128 2129 2135 2134)
4(2134 2135 2141 2140)
4(2140 2141 2147 2146)
4(2146 2147 2153 2152)
4(2152 2153 2159 2158)
4(2158 2159 2165 2164)
4(2164 2165 2171 2170)
4(1871 1872 1878 1877)
4(1877 1878 1884 1883)
4(1883 1884 1890 1889)
4(1889 1890 1896 1895)
4(1895 1896 1902 1901)
4(1901 1902 1908 1907)
4(1907 1908 1914 1913)
4(1913 1914 1920 1919)
4(1919 1920 1926 1925)
4(1925 1926 1932 1931)
4(1931 1932 1938 1937)
4(1937 1938 1944 1943)
4(1943 1944 1950 1949)
4(1949 1950 1956 1955)
4(1955 1956 1962 1961)
4(1961 1962 1968 1967)
4(1967 1968 1974 1973)
4(1973 1974 1980 1979)
4(1979 1980 1986 1985)
4(1985 1986 1992 1991)
4(1991 1992 1998 1997)
4(1997 1998 2004 2003)
4(2003 2004 2010 2009)
4(2009 2010 2016 2015)
4(2015 2016 2022 2021)
4(2021 2022 2028 2027)
4(2027 2028 2034 2033)
4(2033 2034 2040 2039)
4(2039 2040 2046 2045)
4(2045 2046 2052 2051)
4(2051 2052 2058 2057)
4(2057 2058 2064 2063)
4(2063 2064 2070 2069)
4(2069 2070 2076 2075)
4(2075 2076 2082 2081)
4(2081 2082 2088 2087)
4(2087 2088 2094 2093)
4(2093 2094 2100 2099)
4(2099 2100 2106 2105)
4(2105 2106 2112 2111)
4(2111 2112 2118 2117)
4(2117 2118 2124 2123)
4(2123 2124 2130 2129)
4(2129 2130 2136 2135)
4(2135 2136 2142 2141)
4(2141 2142 2148 2147)
4(2147 2148 2154 2153)
4(2153 2154 2160 2159)
4(2159 2160 2166 2165)
4(2165 2166 2172 2171)
4(1872 1873 1879 1878)
4(1878 1879 1885 1884)
4(1884 1885 1891 1890)
4(1890 1891 1897 1896)
4(1896 1897 1903 1902)
4(1902 1903 1909 1908)
4(1908 1909 1915 1914)
4(1914 1915 1921 1920)
4(1920 1921 1927 1926)
4(1926 1927 1933 1932)
4(1932 1933 1939 1938)
4(1938 1939 1945 1944)
4(1944 1945 1951 1950)
4(1950 1951 1957 1956)
4(1956 1957 1963 1962)
4(1962 1963 1969 1968)
4(1968 1969 1975 1974)
4(1974 1975 1981 1980)
4(1980 1981 1987 1986)
4(1986 1987 1993 1992)
4(1992 1993 1999 1998)
4(1998 1999 2005 2004)
4(2004 2005 2011 2010)
4(2010 2011 2017 2016)
4(2016 2017 2023 2022)
4(2022 2023 2029 2028)
4(2028 2029 2035 2034)
4(2034 2035 2041 2040)
4(2040 2041 2047 2046)
4(2046 2047 2053 2052)
4(2052 2053 2059 2058)
4(2058 2059 2065 2064)
4(2064 2065 2071 2070)
4(2070 2071 2077 2076)
4(2076 2077 2083 2082)
4(2082 2083 2089 2088)
4(2088 2089 2095 2094)
4(2094 2095 2101 2100)
4(2100 2101 2107 2106)
4(2106 2107 2113 2112)
4(2112 2113 2119 2118)
4(2118 2119 2125 2124)
4(2124 2125 2131 2130)
4(2130 2131 2137 2136)
4(2136 2137 2143 2142)
4(2142 2143 2149 2148)
4(2148 2149 2155 2154)
4(2154 2155 2161 2160)
4(2160 2161 2167 2166)
4(2166 2167 2173 2172)
)


// ************************************************************************* //
