/*--------------------------------*- C++ -*----------------------------------*\
| =========                 |                                                 |
| \\      /  F ield         | OpenFOAM: The Open Source CFD Toolbox           |
|  \\    /   O peration     | Version:  2406                                  |
|   \\  /    A nd           | Website:  www.openfoam.com                      |
|    \\/     M anipulation  |                                                 |
\*---------------------------------------------------------------------------*/
FoamFile
{
    version     2.0;
    format      ascii;
    arch        "LSB;label=32;scalar=64";
    note        "nPoints:2174  nCells:894  nFaces:3816  nInternalFaces:1599";
    class       labelList;
    location    "constant/polyMesh";
    object      neighbour;
}
// * * * * * * * * * * * * * * * * * * * * * * * * * * * * * * * * * * * * * //


1599
(
1
50
2
51
3
52
4
53
5
54
6
55
7
56
8
57
9
58
10
59
11
60
12
61
13
62
14
63
15
64
16
65
17
66
18
67
19
68
20
69
21
70
22
71
23
72
24
73
25
74
26
75
27
76
28
77
29
78
30
79
31
80
32
81
33
82
34
83
35
84
36
85
37
86
38
87
39
88
40
89
41
90
42
91
43
92
44
93
45
94
46
95
47
96
48
97
49
98
99
51
100
52
101
53
102
54
103
55
104
56
105
57
106
58
107
59
108
60
109
61
110
62
111
63
112
64
113
65
114
66
115
67
116
68
117
69
118
70
119
71
120
72
121
73
122
74
123
75
124
76
125
77
126
78
127
79
128
80
129
81
130
82
131
83
132
84
133
85
134
86
135
87
136
88
137
89
138
90
139
91
140
92
141
93
142
94
143
95
144
96
145
97
146
98
147
99
148
149
101
150
102
151
103
152
104
153
105
154
106
155
107
156
108
157
109
158
110
159
111
160
112
161
113
162
114
163
115
164
116
165
117
166
118
167
119
168
120
169
121
170
122
171
123
172
124
173
125
174
126
175
127
176
128
177
129
178
130
179
131
180
132
181
133
182
134
183
135
184
136
185
137
186
138
187
139
188
140
189
141
190
142
191
143
192
144
193
145
194
146
195
147
196
148
197
149
198
199
151
200
152
201
153
202
154
203
155
204
156
205
157
206
158
207
159
208
160
209
161
210
162
211
163
212
164
213
165
214
166
215
167
216
168
217
169
218
170
219
171
220
172
221
173
222
174
223
175
224
176
225
177
226
178
227
179
228
180
229
181
230
182
231
183
232
184
233
185
234
186
235
187
236
188
237
189
238
190
239
191
240
192
241
193
242
194
243
195
244
196
245
197
246
198
247
199
248
249
201
202
203
204
205
206
207
208
209
210
211
212
213
214
215
216
217
218
219
220
221
222
223
224
225
226
227
228
229
230
231
232
233
234
235
236
237
238
239
240
241
242
243
244
245
246
247
248
249
251
262
252
263
253
264
254
265
255
266
256
267
257
268
258
269
259
270
260
271
261
272
273
263
274
264
275
265
276
266
277
267
278
268
279
269
280
270
281
271
282
272
283
273
284
285
275
286
276
287
277
288
278
289
279
290
280
291
281
292
282
293
283
294
284
295
285
296
297
287
298
288
299
289
300
290
301
291
302
292
303
293
304
294
305
295
306
296
307
297
308
309
299
310
300
311
301
312
302
313
303
314
304
315
305
316
306
317
307
318
308
319
309
320
321
311
322
312
323
313
324
314
325
315
326
316
327
317
328
318
329
319
330
320
331
321
332
333
323
334
324
335
325
336
326
337
327
338
328
339
329
340
330
341
331
342
332
343
333
344
345
335
346
336
347
337
348
338
349
339
350
340
351
341
352
342
353
343
354
344
355
345
356
357
347
358
348
359
349
360
350
361
351
362
352
363
353
364
354
365
355
366
356
367
357
368
369
359
370
360
371
361
372
362
373
363
374
364
375
365
376
366
377
367
378
368
379
369
380
381
371
382
372
383
373
384
374
385
375
386
376
387
377
388
378
389
379
390
380
391
381
392
393
383
384
385
386
387
388
389
390
391
392
393
395
399
396
400
397
401
398
402
403
400
404
401
405
402
406
403
407
408
405
409
406
410
407
411
408
412
413
410
414
411
415
412
416
413
417
418
415
419
416
420
417
421
418
422
423
420
424
421
425
422
426
423
427
428
425
429
426
430
427
431
428
432
433
430
434
431
435
432
436
433
437
438
435
439
436
440
437
441
438
442
443
440
444
441
445
442
446
443
447
448
445
449
446
450
447
451
448
452
453
450
454
451
455
452
456
453
457
458
455
459
456
460
457
461
458
462
463
460
464
461
465
462
466
463
467
468
465
469
466
470
467
471
468
472
473
470
474
471
475
472
476
473
477
478
475
479
476
480
477
481
478
482
483
480
484
481
485
482
486
483
487
488
485
489
486
490
487
491
488
492
493
490
494
491
495
492
496
493
497
498
495
499
496
500
497
501
498
502
503
500
504
501
505
502
506
503
507
508
505
509
506
510
507
511
508
512
513
510
514
511
515
512
516
513
517
518
515
519
516
520
517
521
518
522
523
520
524
521
525
522
526
523
527
528
525
529
526
530
527
531
528
532
533
530
534
531
535
532
536
533
537
538
535
539
536
540
537
541
538
542
543
540
544
541
545
542
546
543
547
548
545
549
546
550
547
551
548
552
553
550
554
551
555
552
556
553
557
558
555
559
556
560
557
561
558
562
563
560
564
561
565
562
566
563
567
568
565
569
566
570
567
571
568
572
573
570
574
571
575
572
576
573
577
578
575
579
576
580
577
581
578
582
583
580
584
581
585
582
586
583
587
588
585
589
586
590
587
591
588
592
593
590
594
591
595
592
596
593
597
598
595
599
596
600
597
601
598
602
603
600
604
601
605
602
606
603
607
608
605
609
606
610
607
611
608
612
613
610
614
611
615
612
616
613
617
618
615
619
616
620
617
621
618
622
623
620
624
621
625
622
626
623
627
628
625
629
626
630
627
631
628
632
633
630
634
631
635
632
636
633
637
638
635
639
636
640
637
641
638
642
643
640
641
642
643
645
649
646
650
647
651
648
652
653
650
654
651
655
652
656
653
657
658
655
659
656
660
657
661
658
662
663
660
664
661
665
662
666
663
667
668
665
669
666
670
667
671
668
672
673
670
674
671
675
672
676
673
677
678
675
679
676
680
677
681
678
682
683
680
684
681
685
682
686
683
687
688
685
689
686
690
687
691
688
692
693
690
694
691
695
692
696
693
697
698
695
699
696
700
697
701
698
702
703
700
704
701
705
702
706
703
707
708
705
709
706
710
707
711
708
712
713
710
714
711
715
712
716
713
717
718
715
719
716
720
717
721
718
722
723
720
724
721
725
722
726
723
727
728
725
729
726
730
727
731
728
732
733
730
734
731
735
732
736
733
737
738
735
739
736
740
737
741
738
742
743
740
744
741
745
742
746
743
747
748
745
749
746
750
747
751
748
752
753
750
754
751
755
752
756
753
757
758
755
759
756
760
757
761
758
762
763
760
764
761
765
762
766
763
767
768
765
769
766
770
767
771
768
772
773
770
774
771
775
772
776
773
777
778
775
779
776
780
777
781
778
782
783
780
784
781
785
782
786
783
787
788
785
789
786
790
787
791
788
792
793
790
794
791
795
792
796
793
797
798
795
799
796
800
797
801
798
802
803
800
804
801
805
802
806
803
807
808
805
809
806
810
807
811
808
812
813
810
814
811
815
812
816
813
817
818
815
819
816
820
817
821
818
822
823
820
824
821
825
822
826
823
827
828
825
829
826
830
827
831
828
832
833
830
834
831
835
832
836
833
837
838
835
839
836
840
837
841
838
842
843
840
844
841
845
842
846
843
847
848
845
849
846
850
847
851
848
852
853
850
854
851
855
852
856
853
857
858
855
859
856
860
857
861
858
862
863
860
864
861
865
862
866
863
867
868
865
869
866
870
867
871
868
872
873
870
874
871
875
872
876
873
877
878
875
879
876
880
877
881
878
882
883
880
884
881
885
882
886
883
887
888
885
889
886
890
887
891
888
892
893
890
891
892
893
)


// ************************************************************************* //
