/*--------------------------------*- C++ -*----------------------------------*\
| =========                 |                                                 |
| \\      /  F ield         | OpenFOAM: The Open Source CFD Toolbox           |
|  \\    /   O peration     | Version:  2406                                  |
|   \\  /    A nd           | Website:  www.openfoam.com                      |
|    \\/     M anipulation  |                                                 |
\*---------------------------------------------------------------------------*/
FoamFile
{
    version     2.0;
    format      ascii;
    arch        "LSB;label=32;scalar=64";
    note        "nPoints:2174  nCells:894  nFaces:3816  nInternalFaces:1599";
    class       labelList;
    location    "constant/polyMesh";
    object      owner;
}
// * * * * * * * * * * * * * * * * * * * * * * * * * * * * * * * * * * * * * //


3816
(
0
0
1
1
2
2
3
3
4
4
5
5
6
6
7
7
8
8
9
9
10
10
11
11
12
12
13
13
14
14
15
15
16
16
17
17
18
18
19
19
20
20
21
21
22
22
23
23
24
24
25
25
26
26
27
27
28
28
29
29
30
30
31
31
32
32
33
33
34
34
35
35
36
36
37
37
38
38
39
39
40
40
41
41
42
42
43
43
44
44
45
45
46
46
47
47
48
48
49
50
50
51
51
52
52
53
53
54
54
55
55
56
56
57
57
58
58
59
59
60
60
61
61
62
62
63
63
64
64
65
65
66
66
67
67
68
68
69
69
70
70
71
71
72
72
73
73
74
74
75
75
76
76
77
77
78
78
79
79
80
80
81
81
82
82
83
83
84
84
85
85
86
86
87
87
88
88
89
89
90
90
91
91
92
92
93
93
94
94
95
95
96
96
97
97
98
98
99
100
100
101
101
102
102
103
103
104
104
105
105
106
106
107
107
108
108
109
109
110
110
111
111
112
112
113
113
114
114
115
115
116
116
117
117
118
118
119
119
120
120
121
121
122
122
123
123
124
124
125
125
126
126
127
127
128
128
129
129
130
130
131
131
132
132
133
133
134
134
135
135
136
136
137
137
138
138
139
139
140
140
141
141
142
142
143
143
144
144
145
145
146
146
147
147
148
148
149
150
150
151
151
152
152
153
153
154
154
155
155
156
156
157
157
158
158
159
159
160
160
161
161
162
162
163
163
164
164
165
165
166
166
167
167
168
168
169
169
170
170
171
171
172
172
173
173
174
174
175
175
176
176
177
177
178
178
179
179
180
180
181
181
182
182
183
183
184
184
185
185
186
186
187
187
188
188
189
189
190
190
191
191
192
192
193
193
194
194
195
195
196
196
197
197
198
198
199
200
201
202
203
204
205
206
207
208
209
210
211
212
213
214
215
216
217
218
219
220
221
222
223
224
225
226
227
228
229
230
231
232
233
234
235
236
237
238
239
240
241
242
243
244
245
246
247
248
250
250
251
251
252
252
253
253
254
254
255
255
256
256
257
257
258
258
259
259
260
260
261
262
262
263
263
264
264
265
265
266
266
267
267
268
268
269
269
270
270
271
271
272
272
273
274
274
275
275
276
276
277
277
278
278
279
279
280
280
281
281
282
282
283
283
284
284
285
286
286
287
287
288
288
289
289
290
290
291
291
292
292
293
293
294
294
295
295
296
296
297
298
298
299
299
300
300
301
301
302
302
303
303
304
304
305
305
306
306
307
307
308
308
309
310
310
311
311
312
312
313
313
314
314
315
315
316
316
317
317
318
318
319
319
320
320
321
322
322
323
323
324
324
325
325
326
326
327
327
328
328
329
329
330
330
331
331
332
332
333
334
334
335
335
336
336
337
337
338
338
339
339
340
340
341
341
342
342
343
343
344
344
345
346
346
347
347
348
348
349
349
350
350
351
351
352
352
353
353
354
354
355
355
356
356
357
358
358
359
359
360
360
361
361
362
362
363
363
364
364
365
365
366
366
367
367
368
368
369
370
370
371
371
372
372
373
373
374
374
375
375
376
376
377
377
378
378
379
379
380
380
381
382
383
384
385
386
387
388
389
390
391
392
394
394
395
395
396
396
397
397
398
399
399
400
400
401
401
402
402
403
404
404
405
405
406
406
407
407
408
409
409
410
410
411
411
412
412
413
414
414
415
415
416
416
417
417
418
419
419
420
420
421
421
422
422
423
424
424
425
425
426
426
427
427
428
429
429
430
430
431
431
432
432
433
434
434
435
435
436
436
437
437
438
439
439
440
440
441
441
442
442
443
444
444
445
445
446
446
447
447
448
449
449
450
450
451
451
452
452
453
454
454
455
455
456
456
457
457
458
459
459
460
460
461
461
462
462
463
464
464
465
465
466
466
467
467
468
469
469
470
470
471
471
472
472
473
474
474
475
475
476
476
477
477
478
479
479
480
480
481
481
482
482
483
484
484
485
485
486
486
487
487
488
489
489
490
490
491
491
492
492
493
494
494
495
495
496
496
497
497
498
499
499
500
500
501
501
502
502
503
504
504
505
505
506
506
507
507
508
509
509
510
510
511
511
512
512
513
514
514
515
515
516
516
517
517
518
519
519
520
520
521
521
522
522
523
524
524
525
525
526
526
527
527
528
529
529
530
530
531
531
532
532
533
534
534
535
535
536
536
537
537
538
539
539
540
540
541
541
542
542
543
544
544
545
545
546
546
547
547
548
549
549
550
550
551
551
552
552
553
554
554
555
555
556
556
557
557
558
559
559
560
560
561
561
562
562
563
564
564
565
565
566
566
567
567
568
569
569
570
570
571
571
572
572
573
574
574
575
575
576
576
577
577
578
579
579
580
580
581
581
582
582
583
584
584
585
585
586
586
587
587
588
589
589
590
590
591
591
592
592
593
594
594
595
595
596
596
597
597
598
599
599
600
600
601
601
602
602
603
604
604
605
605
606
606
607
607
608
609
609
610
610
611
611
612
612
613
614
614
615
615
616
616
617
617
618
619
619
620
620
621
621
622
622
623
624
624
625
625
626
626
627
627
628
629
629
630
630
631
631
632
632
633
634
634
635
635
636
636
637
637
638
639
640
641
642
644
644
645
645
646
646
647
647
648
649
649
650
650
651
651
652
652
653
654
654
655
655
656
656
657
657
658
659
659
660
660
661
661
662
662
663
664
664
665
665
666
666
667
667
668
669
669
670
670
671
671
672
672
673
674
674
675
675
676
676
677
677
678
679
679
680
680
681
681
682
682
683
684
684
685
685
686
686
687
687
688
689
689
690
690
691
691
692
692
693
694
694
695
695
696
696
697
697
698
699
699
700
700
701
701
702
702
703
704
704
705
705
706
706
707
707
708
709
709
710
710
711
711
712
712
713
714
714
715
715
716
716
717
717
718
719
719
720
720
721
721
722
722
723
724
724
725
725
726
726
727
727
728
729
729
730
730
731
731
732
732
733
734
734
735
735
736
736
737
737
738
739
739
740
740
741
741
742
742
743
744
744
745
745
746
746
747
747
748
749
749
750
750
751
751
752
752
753
754
754
755
755
756
756
757
757
758
759
759
760
760
761
761
762
762
763
764
764
765
765
766
766
767
767
768
769
769
770
770
771
771
772
772
773
774
774
775
775
776
776
777
777
778
779
779
780
780
781
781
782
782
783
784
784
785
785
786
786
787
787
788
789
789
790
790
791
791
792
792
793
794
794
795
795
796
796
797
797
798
799
799
800
800
801
801
802
802
803
804
804
805
805
806
806
807
807
808
809
809
810
810
811
811
812
812
813
814
814
815
815
816
816
817
817
818
819
819
820
820
821
821
822
822
823
824
824
825
825
826
826
827
827
828
829
829
830
830
831
831
832
832
833
834
834
835
835
836
836
837
837
838
839
839
840
840
841
841
842
842
843
844
844
845
845
846
846
847
847
848
849
849
850
850
851
851
852
852
853
854
854
855
855
856
856
857
857
858
859
859
860
860
861
861
862
862
863
864
864
865
865
866
866
867
867
868
869
869
870
870
871
871
872
872
873
874
874
875
875
876
876
877
877
878
879
879
880
880
881
881
882
882
883
884
884
885
885
886
886
887
887
888
889
890
891
892
0
50
100
150
200
394
395
396
397
398
889
890
891
892
893
200
201
202
203
204
205
206
207
208
209
210
211
212
213
214
215
216
217
218
219
220
221
222
223
224
225
226
227
228
229
230
231
232
233
234
235
236
237
238
239
240
241
242
243
244
245
246
247
248
249
0
1
2
3
4
5
6
7
8
9
10
11
12
13
14
15
16
17
18
19
20
21
22
23
24
25
26
27
28
29
30
31
32
33
34
35
36
37
38
39
40
41
42
43
44
45
46
47
48
49
261
273
285
297
309
321
333
345
357
369
381
393
394
399
404
409
414
419
424
429
434
439
444
449
454
459
464
469
474
479
484
489
494
499
504
509
514
519
524
529
534
539
544
549
554
559
564
569
574
579
584
589
594
599
604
609
614
619
624
629
634
639
398
403
408
413
418
423
428
433
438
443
448
453
458
463
468
473
478
483
488
493
498
503
508
513
518
523
528
533
538
543
548
553
558
563
568
573
578
583
588
593
598
603
608
613
618
623
628
633
638
643
648
653
658
663
668
673
678
683
688
693
698
703
708
713
718
723
728
733
738
743
748
753
758
763
768
773
778
783
788
793
798
803
808
813
818
823
828
833
838
843
848
853
858
863
868
873
878
883
888
893
644
649
654
659
664
669
674
679
684
689
694
699
704
709
714
719
724
729
734
739
744
749
754
759
764
769
774
779
784
789
794
799
804
809
814
819
824
829
834
839
844
849
854
859
864
869
874
879
884
889
49
99
149
199
249
49
99
149
199
249
250
262
274
286
298
310
322
334
346
358
370
382
250
262
274
286
298
310
322
334
346
358
370
382
639
640
641
642
643
639
640
641
642
643
250
251
252
253
254
255
256
257
258
259
260
261
250
251
252
253
254
255
256
257
258
259
260
261
644
645
646
647
648
644
645
646
647
648
382
383
384
385
386
387
388
389
390
391
392
393
382
383
384
385
386
387
388
389
390
391
392
393
0
50
100
150
200
1
51
101
151
201
2
52
102
152
202
3
53
103
153
203
4
54
104
154
204
5
55
105
155
205
6
56
106
156
206
7
57
107
157
207
8
58
108
158
208
9
59
109
159
209
10
60
110
160
210
11
61
111
161
211
12
62
112
162
212
13
63
113
163
213
14
64
114
164
214
15
65
115
165
215
16
66
116
166
216
17
67
117
167
217
18
68
118
168
218
19
69
119
169
219
20
70
120
170
220
21
71
121
171
221
22
72
122
172
222
23
73
123
173
223
24
74
124
174
224
25
75
125
175
225
26
76
126
176
226
27
77
127
177
227
28
78
128
178
228
29
79
129
179
229
30
80
130
180
230
31
81
131
181
231
32
82
132
182
232
33
83
133
183
233
34
84
134
184
234
35
85
135
185
235
36
86
136
186
236
37
87
137
187
237
38
88
138
188
238
39
89
139
189
239
40
90
140
190
240
41
91
141
191
241
42
92
142
192
242
43
93
143
193
243
44
94
144
194
244
45
95
145
195
245
46
96
146
196
246
47
97
147
197
247
48
98
148
198
248
49
99
149
199
249
0
50
100
150
200
1
51
101
151
201
2
52
102
152
202
3
53
103
153
203
4
54
104
154
204
5
55
105
155
205
6
56
106
156
206
7
57
107
157
207
8
58
108
158
208
9
59
109
159
209
10
60
110
160
210
11
61
111
161
211
12
62
112
162
212
13
63
113
163
213
14
64
114
164
214
15
65
115
165
215
16
66
116
166
216
17
67
117
167
217
18
68
118
168
218
19
69
119
169
219
20
70
120
170
220
21
71
121
171
221
22
72
122
172
222
23
73
123
173
223
24
74
124
174
224
25
75
125
175
225
26
76
126
176
226
27
77
127
177
227
28
78
128
178
228
29
79
129
179
229
30
80
130
180
230
31
81
131
181
231
32
82
132
182
232
33
83
133
183
233
34
84
134
184
234
35
85
135
185
235
36
86
136
186
236
37
87
137
187
237
38
88
138
188
238
39
89
139
189
239
40
90
140
190
240
41
91
141
191
241
42
92
142
192
242
43
93
143
193
243
44
94
144
194
244
45
95
145
195
245
46
96
146
196
246
47
97
147
197
247
48
98
148
198
248
49
99
149
199
249
250
262
274
286
298
310
322
334
346
358
370
382
251
263
275
287
299
311
323
335
347
359
371
383
252
264
276
288
300
312
324
336
348
360
372
384
253
265
277
289
301
313
325
337
349
361
373
385
254
266
278
290
302
314
326
338
350
362
374
386
255
267
279
291
303
315
327
339
351
363
375
387
256
268
280
292
304
316
328
340
352
364
376
388
257
269
281
293
305
317
329
341
353
365
377
389
258
270
282
294
306
318
330
342
354
366
378
390
259
271
283
295
307
319
331
343
355
367
379
391
260
272
284
296
308
320
332
344
356
368
380
392
261
273
285
297
309
321
333
345
357
369
381
393
250
262
274
286
298
310
322
334
346
358
370
382
251
263
275
287
299
311
323
335
347
359
371
383
252
264
276
288
300
312
324
336
348
360
372
384
253
265
277
289
301
313
325
337
349
361
373
385
254
266
278
290
302
314
326
338
350
362
374
386
255
267
279
291
303
315
327
339
351
363
375
387
256
268
280
292
304
316
328
340
352
364
376
388
257
269
281
293
305
317
329
341
353
365
377
389
258
270
282
294
306
318
330
342
354
366
378
390
259
271
283
295
307
319
331
343
355
367
379
391
260
272
284
296
308
320
332
344
356
368
380
392
261
273
285
297
309
321
333
345
357
369
381
393
394
399
404
409
414
419
424
429
434
439
444
449
454
459
464
469
474
479
484
489
494
499
504
509
514
519
524
529
534
539
544
549
554
559
564
569
574
579
584
589
594
599
604
609
614
619
624
629
634
639
395
400
405
410
415
420
425
430
435
440
445
450
455
460
465
470
475
480
485
490
495
500
505
510
515
520
525
530
535
540
545
550
555
560
565
570
575
580
585
590
595
600
605
610
615
620
625
630
635
640
396
401
406
411
416
421
426
431
436
441
446
451
456
461
466
471
476
481
486
491
496
501
506
511
516
521
526
531
536
541
546
551
556
561
566
571
576
581
586
591
596
601
606
611
616
621
626
631
636
641
397
402
407
412
417
422
427
432
437
442
447
452
457
462
467
472
477
482
487
492
497
502
507
512
517
522
527
532
537
542
547
552
557
562
567
572
577
582
587
592
597
602
607
612
617
622
627
632
637
642
398
403
408
413
418
423
428
433
438
443
448
453
458
463
468
473
478
483
488
493
498
503
508
513
518
523
528
533
538
543
548
553
558
563
568
573
578
583
588
593
598
603
608
613
618
623
628
633
638
643
394
399
404
409
414
419
424
429
434
439
444
449
454
459
464
469
474
479
484
489
494
499
504
509
514
519
524
529
534
539
544
549
554
559
564
569
574
579
584
589
594
599
604
609
614
619
624
629
634
639
395
400
405
410
415
420
425
430
435
440
445
450
455
460
465
470
475
480
485
490
495
500
505
510
515
520
525
530
535
540
545
550
555
560
565
570
575
580
585
590
595
600
605
610
615
620
625
630
635
640
396
401
406
411
416
421
426
431
436
441
446
451
456
461
466
471
476
481
486
491
496
501
506
511
516
521
526
531
536
541
546
551
556
561
566
571
576
581
586
591
596
601
606
611
616
621
626
631
636
641
397
402
407
412
417
422
427
432
437
442
447
452
457
462
467
472
477
482
487
492
497
502
507
512
517
522
527
532
537
542
547
552
557
562
567
572
577
582
587
592
597
602
607
612
617
622
627
632
637
642
398
403
408
413
418
423
428
433
438
443
448
453
458
463
468
473
478
483
488
493
498
503
508
513
518
523
528
533
538
543
548
553
558
563
568
573
578
583
588
593
598
603
608
613
618
623
628
633
638
643
644
649
654
659
664
669
674
679
684
689
694
699
704
709
714
719
724
729
734
739
744
749
754
759
764
769
774
779
784
789
794
799
804
809
814
819
824
829
834
839
844
849
854
859
864
869
874
879
884
889
645
650
655
660
665
670
675
680
685
690
695
700
705
710
715
720
725
730
735
740
745
750
755
760
765
770
775
780
785
790
795
800
805
810
815
820
825
830
835
840
845
850
855
860
865
870
875
880
885
890
646
651
656
661
666
671
676
681
686
691
696
701
706
711
716
721
726
731
736
741
746
751
756
761
766
771
776
781
786
791
796
801
806
811
816
821
826
831
836
841
846
851
856
861
866
871
876
881
886
891
647
652
657
662
667
672
677
682
687
692
697
702
707
712
717
722
727
732
737
742
747
752
757
762
767
772
777
782
787
792
797
802
807
812
817
822
827
832
837
842
847
852
857
862
867
872
877
882
887
892
648
653
658
663
668
673
678
683
688
693
698
703
708
713
718
723
728
733
738
743
748
753
758
763
768
773
778
783
788
793
798
803
808
813
818
823
828
833
838
843
848
853
858
863
868
873
878
883
888
893
644
649
654
659
664
669
674
679
684
689
694
699
704
709
714
719
724
729
734
739
744
749
754
759
764
769
774
779
784
789
794
799
804
809
814
819
824
829
834
839
844
849
854
859
864
869
874
879
884
889
645
650
655
660
665
670
675
680
685
690
695
700
705
710
715
720
725
730
735
740
745
750
755
760
765
770
775
780
785
790
795
800
805
810
815
820
825
830
835
840
845
850
855
860
865
870
875
880
885
890
646
651
656
661
666
671
676
681
686
691
696
701
706
711
716
721
726
731
736
741
746
751
756
761
766
771
776
781
786
791
796
801
806
811
816
821
826
831
836
841
846
851
856
861
866
871
876
881
886
891
647
652
657
662
667
672
677
682
687
692
697
702
707
712
717
722
727
732
737
742
747
752
757
762
767
772
777
782
787
792
797
802
807
812
817
822
827
832
837
842
847
852
857
862
867
872
877
882
887
892
648
653
658
663
668
673
678
683
688
693
698
703
708
713
718
723
728
733
738
743
748
753
758
763
768
773
778
783
788
793
798
803
808
813
818
823
828
833
838
843
848
853
858
863
868
873
878
883
888
893
)


// ************************************************************************* //
