/*--------------------------------*- C++ -*----------------------------------*\
| =========                 |                                                 |
| \\      /  F ield         | OpenFOAM: The Open Source CFD Toolbox           |
|  \\    /   O peration     | Version:  2406                                  |
|   \\  /    A nd           | Website:  www.openfoam.com                      |
|    \\/     M anipulation  |                                                 |
\*---------------------------------------------------------------------------*/
FoamFile
{
    version     2.0;
    format      ascii;
    arch        "LSB;label=32;scalar=64";
    class       vectorField;
    location    "constant/polyMesh";
    object      points;
}
// * * * * * * * * * * * * * * * * * * * * * * * * * * * * * * * * * * * * * //


2174
(
(0 -0.01 0)
(0.0038 -0.01 0)
(0.0076 -0.01 0)
(0.0114 -0.01 0)
(0.0152 -0.01 0)
(0.019 -0.01 0)
(0.0228 -0.01 0)
(0.0266 -0.01 0)
(0.0304 -0.01 0)
(0.0342 -0.01 0)
(0.038 -0.01 0)
(0.0418 -0.01 0)
(0.0456 -0.01 0)
(0.0494 -0.01 0)
(0.0532 -0.01 0)
(0.057 -0.01 0)
(0.0608 -0.01 0)
(0.0646 -0.01 0)
(0.0684 -0.01 0)
(0.0722 -0.01 0)
(0.076 -0.01 0)
(0.0798 -0.01 0)
(0.0836 -0.01 0)
(0.0874 -0.01 0)
(0.0912 -0.01 0)
(0.095 -0.01 0)
(0.0988 -0.01 0)
(0.1026 -0.01 0)
(0.1064 -0.01 0)
(0.1102 -0.01 0)
(0.114 -0.01 0)
(0.1178 -0.01 0)
(0.1216 -0.01 0)
(0.1254 -0.01 0)
(0.1292 -0.01 0)
(0.133 -0.01 0)
(0.1368 -0.01 0)
(0.1406 -0.01 0)
(0.1444 -0.01 0)
(0.1482 -0.01 0)
(0.152 -0.01 0)
(0.1558 -0.01 0)
(0.1596 -0.01 0)
(0.1634 -0.01 0)
(0.1672 -0.01 0)
(0.171 -0.01 0)
(0.1748 -0.01 0)
(0.1786 -0.01 0)
(0.1824 -0.01 0)
(0.1862 -0.01 0)
(0.19 -0.01 0)
(0 -0.006 0)
(0.0038 -0.006 0)
(0.0076 -0.006 0)
(0.0114 -0.006 0)
(0.0152 -0.006 0)
(0.019 -0.006 0)
(0.0228 -0.006 0)
(0.0266 -0.006 0)
(0.0304 -0.006 0)
(0.0342 -0.006 0)
(0.038 -0.006 0)
(0.0418 -0.006 0)
(0.0456 -0.006 0)
(0.0494 -0.006 0)
(0.0532 -0.006 0)
(0.057 -0.006 0)
(0.0608 -0.006 0)
(0.0646 -0.006 0)
(0.0684 -0.006 0)
(0.0722 -0.006 0)
(0.076 -0.006 0)
(0.0798 -0.006 0)
(0.0836 -0.006 0)
(0.0874 -0.006 0)
(0.0912 -0.006 0)
(0.095 -0.006 0)
(0.0988 -0.006 0)
(0.1026 -0.006 0)
(0.1064 -0.006 0)
(0.1102 -0.006 0)
(0.114 -0.006 0)
(0.1178 -0.006 0)
(0.1216 -0.006 0)
(0.1254 -0.006 0)
(0.1292 -0.006 0)
(0.133 -0.006 0)
(0.1368 -0.006 0)
(0.1406 -0.006 0)
(0.1444 -0.006 0)
(0.1482 -0.006 0)
(0.152 -0.006 0)
(0.1558 -0.006 0)
(0.1596 -0.006 0)
(0.1634 -0.006 0)
(0.1672 -0.006 0)
(0.171 -0.006 0)
(0.1748 -0.006 0)
(0.1786 -0.006 0)
(0.1824 -0.006 0)
(0.1862 -0.006 0)
(0.19 -0.006 0)
(0 -0.002 0)
(0.0038 -0.002 0)
(0.0076 -0.002 0)
(0.0114 -0.002 0)
(0.0152 -0.002 0)
(0.019 -0.002 0)
(0.0228 -0.002 0)
(0.0266 -0.002 0)
(0.0304 -0.002 0)
(0.0342 -0.002 0)
(0.038 -0.002 0)
(0.0418 -0.002 0)
(0.0456 -0.002 0)
(0.0494 -0.002 0)
(0.0532 -0.002 0)
(0.057 -0.002 0)
(0.0608 -0.002 0)
(0.0646 -0.002 0)
(0.0684 -0.002 0)
(0.0722 -0.002 0)
(0.076 -0.002 0)
(0.0798 -0.002 0)
(0.0836 -0.002 0)
(0.0874 -0.002 0)
(0.0912 -0.002 0)
(0.095 -0.002 0)
(0.0988 -0.002 0)
(0.1026 -0.002 0)
(0.1064 -0.002 0)
(0.1102 -0.002 0)
(0.114 -0.002 0)
(0.1178 -0.002 0)
(0.1216 -0.002 0)
(0.1254 -0.002 0)
(0.1292 -0.002 0)
(0.133 -0.002 0)
(0.1368 -0.002 0)
(0.1406 -0.002 0)
(0.1444 -0.002 0)
(0.1482 -0.002 0)
(0.152 -0.002 0)
(0.1558 -0.002 0)
(0.1596 -0.002 0)
(0.1634 -0.002 0)
(0.1672 -0.002 0)
(0.171 -0.002 0)
(0.1748 -0.002 0)
(0.1786 -0.002 0)
(0.1824 -0.002 0)
(0.1862 -0.002 0)
(0.19 -0.002 0)
(0 0.002 0)
(0.0038 0.002 0)
(0.0076 0.002 0)
(0.0114 0.002 0)
(0.0152 0.002 0)
(0.019 0.002 0)
(0.0228 0.002 0)
(0.0266 0.002 0)
(0.0304 0.002 0)
(0.0342 0.002 0)
(0.038 0.002 0)
(0.0418 0.002 0)
(0.0456 0.002 0)
(0.0494 0.002 0)
(0.0532 0.002 0)
(0.057 0.002 0)
(0.0608 0.002 0)
(0.0646 0.002 0)
(0.0684 0.002 0)
(0.0722 0.002 0)
(0.076 0.002 0)
(0.0798 0.002 0)
(0.0836 0.002 0)
(0.0874 0.002 0)
(0.0912 0.002 0)
(0.095 0.002 0)
(0.0988 0.002 0)
(0.1026 0.002 0)
(0.1064 0.002 0)
(0.1102 0.002 0)
(0.114 0.002 0)
(0.1178 0.002 0)
(0.1216 0.002 0)
(0.1254 0.002 0)
(0.1292 0.002 0)
(0.133 0.002 0)
(0.1368 0.002 0)
(0.1406 0.002 0)
(0.1444 0.002 0)
(0.1482 0.002 0)
(0.152 0.002 0)
(0.1558 0.002 0)
(0.1596 0.002 0)
(0.1634 0.002 0)
(0.1672 0.002 0)
(0.171 0.002 0)
(0.1748 0.002 0)
(0.1786 0.002 0)
(0.1824 0.002 0)
(0.1862 0.002 0)
(0.19 0.002 0)
(0 0.006 0)
(0.0038 0.006 0)
(0.0076 0.006 0)
(0.0114 0.006 0)
(0.0152 0.006 0)
(0.019 0.006 0)
(0.0228 0.006 0)
(0.0266 0.006 0)
(0.0304 0.006 0)
(0.0342 0.006 0)
(0.038 0.006 0)
(0.0418 0.006 0)
(0.0456 0.006 0)
(0.0494 0.006 0)
(0.0532 0.006 0)
(0.057 0.006 0)
(0.0608 0.006 0)
(0.0646 0.006 0)
(0.0684 0.006 0)
(0.0722 0.006 0)
(0.076 0.006 0)
(0.0798 0.006 0)
(0.0836 0.006 0)
(0.0874 0.006 0)
(0.0912 0.006 0)
(0.095 0.006 0)
(0.0988 0.006 0)
(0.1026 0.006 0)
(0.1064 0.006 0)
(0.1102 0.006 0)
(0.114 0.006 0)
(0.1178 0.006 0)
(0.1216 0.006 0)
(0.1254 0.006 0)
(0.1292 0.006 0)
(0.133 0.006 0)
(0.1368 0.006 0)
(0.1406 0.006 0)
(0.1444 0.006 0)
(0.1482 0.006 0)
(0.152 0.006 0)
(0.1558 0.006 0)
(0.1596 0.006 0)
(0.1634 0.006 0)
(0.1672 0.006 0)
(0.171 0.006 0)
(0.1748 0.006 0)
(0.1786 0.006 0)
(0.1824 0.006 0)
(0.1862 0.006 0)
(0.19 0.006 0)
(0 0.01 0)
(0.0038 0.01 0)
(0.0076 0.01 0)
(0.0114 0.01 0)
(0.0152 0.01 0)
(0.019 0.01 0)
(0.0228 0.01 0)
(0.0266 0.01 0)
(0.0304 0.01 0)
(0.0342 0.01 0)
(0.038 0.01 0)
(0.0418 0.01 0)
(0.0456 0.01 0)
(0.0494 0.01 0)
(0.0532 0.01 0)
(0.057 0.01 0)
(0.0608 0.01 0)
(0.0646 0.01 0)
(0.0684 0.01 0)
(0.0722 0.01 0)
(0.076 0.01 0)
(0.0798 0.01 0)
(0.0836 0.01 0)
(0.0874 0.01 0)
(0.0912 0.01 0)
(0.095 0.01 0)
(0.0988 0.01 0)
(0.1026 0.01 0)
(0.1064 0.01 0)
(0.1102 0.01 0)
(0.114 0.01 0)
(0.1178 0.01 0)
(0.1216 0.01 0)
(0.1254 0.01 0)
(0.1292 0.01 0)
(0.133 0.01 0)
(0.1368 0.01 0)
(0.1406 0.01 0)
(0.1444 0.01 0)
(0.1482 0.01 0)
(0.152 0.01 0)
(0.1558 0.01 0)
(0.1596 0.01 0)
(0.1634 0.01 0)
(0.1672 0.01 0)
(0.171 0.01 0)
(0.1748 0.01 0)
(0.1786 0.01 0)
(0.1824 0.01 0)
(0.1862 0.01 0)
(0.19 0.01 0)
(0 -0.01 0.01)
(0.0038 -0.01 0.01)
(0.0076 -0.01 0.01)
(0.0114 -0.01 0.01)
(0.0152 -0.01 0.01)
(0.019 -0.01 0.01)
(0.0228 -0.01 0.01)
(0.0266 -0.01 0.01)
(0.0304 -0.01 0.01)
(0.0342 -0.01 0.01)
(0.038 -0.01 0.01)
(0.0418 -0.01 0.01)
(0.0456 -0.01 0.01)
(0.0494 -0.01 0.01)
(0.0532 -0.01 0.01)
(0.057 -0.01 0.01)
(0.0608 -0.01 0.01)
(0.0646 -0.01 0.01)
(0.0684 -0.01 0.01)
(0.0722 -0.01 0.01)
(0.076 -0.01 0.01)
(0.0798 -0.01 0.01)
(0.0836 -0.01 0.01)
(0.0874 -0.01 0.01)
(0.0912 -0.01 0.01)
(0.095 -0.01 0.01)
(0.0988 -0.01 0.01)
(0.1026 -0.01 0.01)
(0.1064 -0.01 0.01)
(0.1102 -0.01 0.01)
(0.114 -0.01 0.01)
(0.1178 -0.01 0.01)
(0.1216 -0.01 0.01)
(0.1254 -0.01 0.01)
(0.1292 -0.01 0.01)
(0.133 -0.01 0.01)
(0.1368 -0.01 0.01)
(0.1406 -0.01 0.01)
(0.1444 -0.01 0.01)
(0.1482 -0.01 0.01)
(0.152 -0.01 0.01)
(0.1558 -0.01 0.01)
(0.1596 -0.01 0.01)
(0.1634 -0.01 0.01)
(0.1672 -0.01 0.01)
(0.171 -0.01 0.01)
(0.1748 -0.01 0.01)
(0.1786 -0.01 0.01)
(0.1824 -0.01 0.01)
(0.1862 -0.01 0.01)
(0.19 -0.01 0.01)
(0 -0.006 0.01)
(0.0038 -0.006 0.01)
(0.0076 -0.006 0.01)
(0.0114 -0.006 0.01)
(0.0152 -0.006 0.01)
(0.019 -0.006 0.01)
(0.0228 -0.006 0.01)
(0.0266 -0.006 0.01)
(0.0304 -0.006 0.01)
(0.0342 -0.006 0.01)
(0.038 -0.006 0.01)
(0.0418 -0.006 0.01)
(0.0456 -0.006 0.01)
(0.0494 -0.006 0.01)
(0.0532 -0.006 0.01)
(0.057 -0.006 0.01)
(0.0608 -0.006 0.01)
(0.0646 -0.006 0.01)
(0.0684 -0.006 0.01)
(0.0722 -0.006 0.01)
(0.076 -0.006 0.01)
(0.0798 -0.006 0.01)
(0.0836 -0.006 0.01)
(0.0874 -0.006 0.01)
(0.0912 -0.006 0.01)
(0.095 -0.006 0.01)
(0.0988 -0.006 0.01)
(0.1026 -0.006 0.01)
(0.1064 -0.006 0.01)
(0.1102 -0.006 0.01)
(0.114 -0.006 0.01)
(0.1178 -0.006 0.01)
(0.1216 -0.006 0.01)
(0.1254 -0.006 0.01)
(0.1292 -0.006 0.01)
(0.133 -0.006 0.01)
(0.1368 -0.006 0.01)
(0.1406 -0.006 0.01)
(0.1444 -0.006 0.01)
(0.1482 -0.006 0.01)
(0.152 -0.006 0.01)
(0.1558 -0.006 0.01)
(0.1596 -0.006 0.01)
(0.1634 -0.006 0.01)
(0.1672 -0.006 0.01)
(0.171 -0.006 0.01)
(0.1748 -0.006 0.01)
(0.1786 -0.006 0.01)
(0.1824 -0.006 0.01)
(0.1862 -0.006 0.01)
(0.19 -0.006 0.01)
(0 -0.002 0.01)
(0.0038 -0.002 0.01)
(0.0076 -0.002 0.01)
(0.0114 -0.002 0.01)
(0.0152 -0.002 0.01)
(0.019 -0.002 0.01)
(0.0228 -0.002 0.01)
(0.0266 -0.002 0.01)
(0.0304 -0.002 0.01)
(0.0342 -0.002 0.01)
(0.038 -0.002 0.01)
(0.0418 -0.002 0.01)
(0.0456 -0.002 0.01)
(0.0494 -0.002 0.01)
(0.0532 -0.002 0.01)
(0.057 -0.002 0.01)
(0.0608 -0.002 0.01)
(0.0646 -0.002 0.01)
(0.0684 -0.002 0.01)
(0.0722 -0.002 0.01)
(0.076 -0.002 0.01)
(0.0798 -0.002 0.01)
(0.0836 -0.002 0.01)
(0.0874 -0.002 0.01)
(0.0912 -0.002 0.01)
(0.095 -0.002 0.01)
(0.0988 -0.002 0.01)
(0.1026 -0.002 0.01)
(0.1064 -0.002 0.01)
(0.1102 -0.002 0.01)
(0.114 -0.002 0.01)
(0.1178 -0.002 0.01)
(0.1216 -0.002 0.01)
(0.1254 -0.002 0.01)
(0.1292 -0.002 0.01)
(0.133 -0.002 0.01)
(0.1368 -0.002 0.01)
(0.1406 -0.002 0.01)
(0.1444 -0.002 0.01)
(0.1482 -0.002 0.01)
(0.152 -0.002 0.01)
(0.1558 -0.002 0.01)
(0.1596 -0.002 0.01)
(0.1634 -0.002 0.01)
(0.1672 -0.002 0.01)
(0.171 -0.002 0.01)
(0.1748 -0.002 0.01)
(0.1786 -0.002 0.01)
(0.1824 -0.002 0.01)
(0.1862 -0.002 0.01)
(0.19 -0.002 0.01)
(0 0.002 0.01)
(0.0038 0.002 0.01)
(0.0076 0.002 0.01)
(0.0114 0.002 0.01)
(0.0152 0.002 0.01)
(0.019 0.002 0.01)
(0.0228 0.002 0.01)
(0.0266 0.002 0.01)
(0.0304 0.002 0.01)
(0.0342 0.002 0.01)
(0.038 0.002 0.01)
(0.0418 0.002 0.01)
(0.0456 0.002 0.01)
(0.0494 0.002 0.01)
(0.0532 0.002 0.01)
(0.057 0.002 0.01)
(0.0608 0.002 0.01)
(0.0646 0.002 0.01)
(0.0684 0.002 0.01)
(0.0722 0.002 0.01)
(0.076 0.002 0.01)
(0.0798 0.002 0.01)
(0.0836 0.002 0.01)
(0.0874 0.002 0.01)
(0.0912 0.002 0.01)
(0.095 0.002 0.01)
(0.0988 0.002 0.01)
(0.1026 0.002 0.01)
(0.1064 0.002 0.01)
(0.1102 0.002 0.01)
(0.114 0.002 0.01)
(0.1178 0.002 0.01)
(0.1216 0.002 0.01)
(0.1254 0.002 0.01)
(0.1292 0.002 0.01)
(0.133 0.002 0.01)
(0.1368 0.002 0.01)
(0.1406 0.002 0.01)
(0.1444 0.002 0.01)
(0.1482 0.002 0.01)
(0.152 0.002 0.01)
(0.1558 0.002 0.01)
(0.1596 0.002 0.01)
(0.1634 0.002 0.01)
(0.1672 0.002 0.01)
(0.171 0.002 0.01)
(0.1748 0.002 0.01)
(0.1786 0.002 0.01)
(0.1824 0.002 0.01)
(0.1862 0.002 0.01)
(0.19 0.002 0.01)
(0 0.006 0.01)
(0.0038 0.006 0.01)
(0.0076 0.006 0.01)
(0.0114 0.006 0.01)
(0.0152 0.006 0.01)
(0.019 0.006 0.01)
(0.0228 0.006 0.01)
(0.0266 0.006 0.01)
(0.0304 0.006 0.01)
(0.0342 0.006 0.01)
(0.038 0.006 0.01)
(0.0418 0.006 0.01)
(0.0456 0.006 0.01)
(0.0494 0.006 0.01)
(0.0532 0.006 0.01)
(0.057 0.006 0.01)
(0.0608 0.006 0.01)
(0.0646 0.006 0.01)
(0.0684 0.006 0.01)
(0.0722 0.006 0.01)
(0.076 0.006 0.01)
(0.0798 0.006 0.01)
(0.0836 0.006 0.01)
(0.0874 0.006 0.01)
(0.0912 0.006 0.01)
(0.095 0.006 0.01)
(0.0988 0.006 0.01)
(0.1026 0.006 0.01)
(0.1064 0.006 0.01)
(0.1102 0.006 0.01)
(0.114 0.006 0.01)
(0.1178 0.006 0.01)
(0.1216 0.006 0.01)
(0.1254 0.006 0.01)
(0.1292 0.006 0.01)
(0.133 0.006 0.01)
(0.1368 0.006 0.01)
(0.1406 0.006 0.01)
(0.1444 0.006 0.01)
(0.1482 0.006 0.01)
(0.152 0.006 0.01)
(0.1558 0.006 0.01)
(0.1596 0.006 0.01)
(0.1634 0.006 0.01)
(0.1672 0.006 0.01)
(0.171 0.006 0.01)
(0.1748 0.006 0.01)
(0.1786 0.006 0.01)
(0.1824 0.006 0.01)
(0.1862 0.006 0.01)
(0.19 0.006 0.01)
(0 0.01 0.01)
(0.0038 0.01 0.01)
(0.0076 0.01 0.01)
(0.0114 0.01 0.01)
(0.0152 0.01 0.01)
(0.019 0.01 0.01)
(0.0228 0.01 0.01)
(0.0266 0.01 0.01)
(0.0304 0.01 0.01)
(0.0342 0.01 0.01)
(0.038 0.01 0.01)
(0.0418 0.01 0.01)
(0.0456 0.01 0.01)
(0.0494 0.01 0.01)
(0.0532 0.01 0.01)
(0.057 0.01 0.01)
(0.0608 0.01 0.01)
(0.0646 0.01 0.01)
(0.0684 0.01 0.01)
(0.0722 0.01 0.01)
(0.076 0.01 0.01)
(0.0798 0.01 0.01)
(0.0836 0.01 0.01)
(0.0874 0.01 0.01)
(0.0912 0.01 0.01)
(0.095 0.01 0.01)
(0.0988 0.01 0.01)
(0.1026 0.01 0.01)
(0.1064 0.01 0.01)
(0.1102 0.01 0.01)
(0.114 0.01 0.01)
(0.1178 0.01 0.01)
(0.1216 0.01 0.01)
(0.1254 0.01 0.01)
(0.1292 0.01 0.01)
(0.133 0.01 0.01)
(0.1368 0.01 0.01)
(0.1406 0.01 0.01)
(0.1444 0.01 0.01)
(0.1482 0.01 0.01)
(0.152 0.01 0.01)
(0.1558 0.01 0.01)
(0.1596 0.01 0.01)
(0.1634 0.01 0.01)
(0.1672 0.01 0.01)
(0.171 0.01 0.01)
(0.1748 0.01 0.01)
(0.1786 0.01 0.01)
(0.1824 0.01 0.01)
(0.1862 0.01 0.01)
(0.19 0.01 0.01)
(0.19 -0.02 0)
(0.1933333333 -0.02 0)
(0.1966666667 -0.02 0)
(0.2 -0.02 0)
(0.2033333333 -0.02 0)
(0.2066666667 -0.02 0)
(0.21 -0.02 0)
(0.2133333333 -0.02 0)
(0.2166666667 -0.02 0)
(0.22 -0.02 0)
(0.2233333333 -0.02 0)
(0.2266666667 -0.02 0)
(0.23 -0.02 0)
(0.19 -0.01666666667 0)
(0.1933333333 -0.01666666667 0)
(0.1966666667 -0.01666666667 0)
(0.2 -0.01666666667 0)
(0.2033333333 -0.01666666667 0)
(0.2066666667 -0.01666666667 0)
(0.21 -0.01666666667 0)
(0.2133333333 -0.01666666667 0)
(0.2166666667 -0.01666666667 0)
(0.22 -0.01666666667 0)
(0.2233333333 -0.01666666667 0)
(0.2266666667 -0.01666666667 0)
(0.23 -0.01666666667 0)
(0.19 -0.01333333333 0)
(0.1933333333 -0.01333333333 0)
(0.1966666667 -0.01333333333 0)
(0.2 -0.01333333333 0)
(0.2033333333 -0.01333333333 0)
(0.2066666667 -0.01333333333 0)
(0.21 -0.01333333333 0)
(0.2133333333 -0.01333333333 0)
(0.2166666667 -0.01333333333 0)
(0.22 -0.01333333333 0)
(0.2233333333 -0.01333333333 0)
(0.2266666667 -0.01333333333 0)
(0.23 -0.01333333333 0)
(0.19 -0.01 0)
(0.1933333333 -0.01 0)
(0.1966666667 -0.01 0)
(0.2 -0.01 0)
(0.2033333333 -0.01 0)
(0.2066666667 -0.01 0)
(0.21 -0.01 0)
(0.2133333333 -0.01 0)
(0.2166666667 -0.01 0)
(0.22 -0.01 0)
(0.2233333333 -0.01 0)
(0.2266666667 -0.01 0)
(0.23 -0.01 0)
(0.19 -0.006666666667 0)
(0.1933333333 -0.006666666667 0)
(0.1966666667 -0.006666666667 0)
(0.2 -0.006666666667 0)
(0.2033333333 -0.006666666667 0)
(0.2066666667 -0.006666666667 0)
(0.21 -0.006666666667 0)
(0.2133333333 -0.006666666667 0)
(0.2166666667 -0.006666666667 0)
(0.22 -0.006666666667 0)
(0.2233333333 -0.006666666667 0)
(0.2266666667 -0.006666666667 0)
(0.23 -0.006666666667 0)
(0.19 -0.003333333333 0)
(0.1933333333 -0.003333333333 0)
(0.1966666667 -0.003333333333 0)
(0.2 -0.003333333333 0)
(0.2033333333 -0.003333333333 0)
(0.2066666667 -0.003333333333 0)
(0.21 -0.003333333333 0)
(0.2133333333 -0.003333333333 0)
(0.2166666667 -0.003333333333 0)
(0.22 -0.003333333333 0)
(0.2233333333 -0.003333333333 0)
(0.2266666667 -0.003333333333 0)
(0.23 -0.003333333333 0)
(0.19 0 0)
(0.1933333333 0 0)
(0.1966666667 0 0)
(0.2 0 0)
(0.2033333333 -2.891205793e-19 0)
(0.2066666667 2.891205793e-19 0)
(0.21 0 0)
(0.2133333333 0 0)
(0.2166666667 0 0)
(0.22 -1.445602897e-19 0)
(0.2233333333 -2.168404345e-19 0)
(0.2266666667 7.228014483e-20 0)
(0.23 0 0)
(0.19 0.003333333333 0)
(0.1933333333 0.003333333333 0)
(0.1966666667 0.003333333333 0)
(0.2 0.003333333333 0)
(0.2033333333 0.003333333333 0)
(0.2066666667 0.003333333333 0)
(0.21 0.003333333333 0)
(0.2133333333 0.003333333333 0)
(0.2166666667 0.003333333333 0)
(0.22 0.003333333333 0)
(0.2233333333 0.003333333333 0)
(0.2266666667 0.003333333333 0)
(0.23 0.003333333333 0)
(0.19 0.006666666667 0)
(0.1933333333 0.006666666667 0)
(0.1966666667 0.006666666667 0)
(0.2 0.006666666667 0)
(0.2033333333 0.006666666667 0)
(0.2066666667 0.006666666667 0)
(0.21 0.006666666667 0)
(0.2133333333 0.006666666667 0)
(0.2166666667 0.006666666667 0)
(0.22 0.006666666667 0)
(0.2233333333 0.006666666667 0)
(0.2266666667 0.006666666667 0)
(0.23 0.006666666667 0)
(0.19 0.01 0)
(0.1933333333 0.01 0)
(0.1966666667 0.01 0)
(0.2 0.01 0)
(0.2033333333 0.01 0)
(0.2066666667 0.01 0)
(0.21 0.01 0)
(0.2133333333 0.01 0)
(0.2166666667 0.01 0)
(0.22 0.01 0)
(0.2233333333 0.01 0)
(0.2266666667 0.01 0)
(0.23 0.01 0)
(0.19 0.01333333333 0)
(0.1933333333 0.01333333333 0)
(0.1966666667 0.01333333333 0)
(0.2 0.01333333333 0)
(0.2033333333 0.01333333333 0)
(0.2066666667 0.01333333333 0)
(0.21 0.01333333333 0)
(0.2133333333 0.01333333333 0)
(0.2166666667 0.01333333333 0)
(0.22 0.01333333333 0)
(0.2233333333 0.01333333333 0)
(0.2266666667 0.01333333333 0)
(0.23 0.01333333333 0)
(0.19 0.01666666667 0)
(0.1933333333 0.01666666667 0)
(0.1966666667 0.01666666667 0)
(0.2 0.01666666667 0)
(0.2033333333 0.01666666667 0)
(0.2066666667 0.01666666667 0)
(0.21 0.01666666667 0)
(0.2133333333 0.01666666667 0)
(0.2166666667 0.01666666667 0)
(0.22 0.01666666667 0)
(0.2233333333 0.01666666667 0)
(0.2266666667 0.01666666667 0)
(0.23 0.01666666667 0)
(0.19 0.02 0)
(0.1933333333 0.02 0)
(0.1966666667 0.02 0)
(0.2 0.02 0)
(0.2033333333 0.02 0)
(0.2066666667 0.02 0)
(0.21 0.02 0)
(0.2133333333 0.02 0)
(0.2166666667 0.02 0)
(0.22 0.02 0)
(0.2233333333 0.02 0)
(0.2266666667 0.02 0)
(0.23 0.02 0)
(0.19 -0.02 0.01)
(0.1933333333 -0.02 0.01)
(0.1966666667 -0.02 0.01)
(0.2 -0.02 0.01)
(0.2033333333 -0.02 0.01)
(0.2066666667 -0.02 0.01)
(0.21 -0.02 0.01)
(0.2133333333 -0.02 0.01)
(0.2166666667 -0.02 0.01)
(0.22 -0.02 0.01)
(0.2233333333 -0.02 0.01)
(0.2266666667 -0.02 0.01)
(0.23 -0.02 0.01)
(0.19 -0.01666666667 0.01)
(0.1933333333 -0.01666666667 0.01)
(0.1966666667 -0.01666666667 0.01)
(0.2 -0.01666666667 0.01)
(0.2033333333 -0.01666666667 0.01)
(0.2066666667 -0.01666666667 0.01)
(0.21 -0.01666666667 0.01)
(0.2133333333 -0.01666666667 0.01)
(0.2166666667 -0.01666666667 0.01)
(0.22 -0.01666666667 0.01)
(0.2233333333 -0.01666666667 0.01)
(0.2266666667 -0.01666666667 0.01)
(0.23 -0.01666666667 0.01)
(0.19 -0.01333333333 0.01)
(0.1933333333 -0.01333333333 0.01)
(0.1966666667 -0.01333333333 0.01)
(0.2 -0.01333333333 0.01)
(0.2033333333 -0.01333333333 0.01)
(0.2066666667 -0.01333333333 0.01)
(0.21 -0.01333333333 0.01)
(0.2133333333 -0.01333333333 0.01)
(0.2166666667 -0.01333333333 0.01)
(0.22 -0.01333333333 0.01)
(0.2233333333 -0.01333333333 0.01)
(0.2266666667 -0.01333333333 0.01)
(0.23 -0.01333333333 0.01)
(0.19 -0.01 0.01)
(0.1933333333 -0.01 0.01)
(0.1966666667 -0.01 0.01)
(0.2 -0.01 0.01)
(0.2033333333 -0.01 0.01)
(0.2066666667 -0.01 0.01)
(0.21 -0.01 0.01)
(0.2133333333 -0.01 0.01)
(0.2166666667 -0.01 0.01)
(0.22 -0.01 0.01)
(0.2233333333 -0.01 0.01)
(0.2266666667 -0.01 0.01)
(0.23 -0.01 0.01)
(0.19 -0.006666666667 0.01)
(0.1933333333 -0.006666666667 0.01)
(0.1966666667 -0.006666666667 0.01)
(0.2 -0.006666666667 0.01)
(0.2033333333 -0.006666666667 0.01)
(0.2066666667 -0.006666666667 0.01)
(0.21 -0.006666666667 0.01)
(0.2133333333 -0.006666666667 0.01)
(0.2166666667 -0.006666666667 0.01)
(0.22 -0.006666666667 0.01)
(0.2233333333 -0.006666666667 0.01)
(0.2266666667 -0.006666666667 0.01)
(0.23 -0.006666666667 0.01)
(0.19 -0.003333333333 0.01)
(0.1933333333 -0.003333333333 0.01)
(0.1966666667 -0.003333333333 0.01)
(0.2 -0.003333333333 0.01)
(0.2033333333 -0.003333333333 0.01)
(0.2066666667 -0.003333333333 0.01)
(0.21 -0.003333333333 0.01)
(0.2133333333 -0.003333333333 0.01)
(0.2166666667 -0.003333333333 0.01)
(0.22 -0.003333333333 0.01)
(0.2233333333 -0.003333333333 0.01)
(0.2266666667 -0.003333333333 0.01)
(0.23 -0.003333333333 0.01)
(0.19 0 0.01)
(0.1933333333 0 0.01)
(0.1966666667 0 0.01)
(0.2 0 0.01)
(0.2033333333 -2.891205793e-19 0.01)
(0.2066666667 2.891205793e-19 0.01)
(0.21 0 0.01)
(0.2133333333 0 0.01)
(0.2166666667 0 0.01)
(0.22 -1.445602897e-19 0.01)
(0.2233333333 -2.168404345e-19 0.01)
(0.2266666667 7.228014483e-20 0.01)
(0.23 0 0.01)
(0.19 0.003333333333 0.01)
(0.1933333333 0.003333333333 0.01)
(0.1966666667 0.003333333333 0.01)
(0.2 0.003333333333 0.01)
(0.2033333333 0.003333333333 0.01)
(0.2066666667 0.003333333333 0.01)
(0.21 0.003333333333 0.01)
(0.2133333333 0.003333333333 0.01)
(0.2166666667 0.003333333333 0.01)
(0.22 0.003333333333 0.01)
(0.2233333333 0.003333333333 0.01)
(0.2266666667 0.003333333333 0.01)
(0.23 0.003333333333 0.01)
(0.19 0.006666666667 0.01)
(0.1933333333 0.006666666667 0.01)
(0.1966666667 0.006666666667 0.01)
(0.2 0.006666666667 0.01)
(0.2033333333 0.006666666667 0.01)
(0.2066666667 0.006666666667 0.01)
(0.21 0.006666666667 0.01)
(0.2133333333 0.006666666667 0.01)
(0.2166666667 0.006666666667 0.01)
(0.22 0.006666666667 0.01)
(0.2233333333 0.006666666667 0.01)
(0.2266666667 0.006666666667 0.01)
(0.23 0.006666666667 0.01)
(0.19 0.01 0.01)
(0.1933333333 0.01 0.01)
(0.1966666667 0.01 0.01)
(0.2 0.01 0.01)
(0.2033333333 0.01 0.01)
(0.2066666667 0.01 0.01)
(0.21 0.01 0.01)
(0.2133333333 0.01 0.01)
(0.2166666667 0.01 0.01)
(0.22 0.01 0.01)
(0.2233333333 0.01 0.01)
(0.2266666667 0.01 0.01)
(0.23 0.01 0.01)
(0.19 0.01333333333 0.01)
(0.1933333333 0.01333333333 0.01)
(0.1966666667 0.01333333333 0.01)
(0.2 0.01333333333 0.01)
(0.2033333333 0.01333333333 0.01)
(0.2066666667 0.01333333333 0.01)
(0.21 0.01333333333 0.01)
(0.2133333333 0.01333333333 0.01)
(0.2166666667 0.01333333333 0.01)
(0.22 0.01333333333 0.01)
(0.2233333333 0.01333333333 0.01)
(0.2266666667 0.01333333333 0.01)
(0.23 0.01333333333 0.01)
(0.19 0.01666666667 0.01)
(0.1933333333 0.01666666667 0.01)
(0.1966666667 0.01666666667 0.01)
(0.2 0.01666666667 0.01)
(0.2033333333 0.01666666667 0.01)
(0.2066666667 0.01666666667 0.01)
(0.21 0.01666666667 0.01)
(0.2133333333 0.01666666667 0.01)
(0.2166666667 0.01666666667 0.01)
(0.22 0.01666666667 0.01)
(0.2233333333 0.01666666667 0.01)
(0.2266666667 0.01666666667 0.01)
(0.23 0.01666666667 0.01)
(0.19 0.02 0.01)
(0.1933333333 0.02 0.01)
(0.1966666667 0.02 0.01)
(0.2 0.02 0.01)
(0.2033333333 0.02 0.01)
(0.2066666667 0.02 0.01)
(0.21 0.02 0.01)
(0.2133333333 0.02 0.01)
(0.2166666667 0.02 0.01)
(0.22 0.02 0.01)
(0.2233333333 0.02 0.01)
(0.2266666667 0.02 0.01)
(0.23 0.02 0.01)
(0.2 -0.21 0)
(0.204 -0.21 0)
(0.208 -0.21 0)
(0.212 -0.21 0)
(0.216 -0.21 0)
(0.22 -0.21 0)
(0.2 -0.2062 0)
(0.204 -0.2062 0)
(0.208 -0.2062 0)
(0.212 -0.2062 0)
(0.216 -0.2062 0)
(0.22 -0.2062 0)
(0.2 -0.2024 0)
(0.204 -0.2024 0)
(0.208 -0.2024 0)
(0.212 -0.2024 0)
(0.216 -0.2024 0)
(0.22 -0.2024 0)
(0.2 -0.1986 0)
(0.204 -0.1986 0)
(0.208 -0.1986 0)
(0.212 -0.1986 0)
(0.216 -0.1986 0)
(0.22 -0.1986 0)
(0.2 -0.1948 0)
(0.204 -0.1948 0)
(0.208 -0.1948 0)
(0.212 -0.1948 0)
(0.216 -0.1948 0)
(0.22 -0.1948 0)
(0.2 -0.191 0)
(0.204 -0.191 0)
(0.208 -0.191 0)
(0.212 -0.191 0)
(0.216 -0.191 0)
(0.22 -0.191 0)
(0.2 -0.1872 0)
(0.204 -0.1872 0)
(0.208 -0.1872 0)
(0.212 -0.1872 0)
(0.216 -0.1872 0)
(0.22 -0.1872 0)
(0.2 -0.1834 0)
(0.204 -0.1834 0)
(0.208 -0.1834 0)
(0.212 -0.1834 0)
(0.216 -0.1834 0)
(0.22 -0.1834 0)
(0.2 -0.1796 0)
(0.204 -0.1796 0)
(0.208 -0.1796 0)
(0.212 -0.1796 0)
(0.216 -0.1796 0)
(0.22 -0.1796 0)
(0.2 -0.1758 0)
(0.204 -0.1758 0)
(0.208 -0.1758 0)
(0.212 -0.1758 0)
(0.216 -0.1758 0)
(0.22 -0.1758 0)
(0.2 -0.172 0)
(0.204 -0.172 0)
(0.208 -0.172 0)
(0.212 -0.172 0)
(0.216 -0.172 0)
(0.22 -0.172 0)
(0.2 -0.1682 0)
(0.204 -0.1682 0)
(0.208 -0.1682 0)
(0.212 -0.1682 0)
(0.216 -0.1682 0)
(0.22 -0.1682 0)
(0.2 -0.1644 0)
(0.204 -0.1644 0)
(0.208 -0.1644 0)
(0.212 -0.1644 0)
(0.216 -0.1644 0)
(0.22 -0.1644 0)
(0.2 -0.1606 0)
(0.204 -0.1606 0)
(0.208 -0.1606 0)
(0.212 -0.1606 0)
(0.216 -0.1606 0)
(0.22 -0.1606 0)
(0.2 -0.1568 0)
(0.204 -0.1568 0)
(0.208 -0.1568 0)
(0.212 -0.1568 0)
(0.216 -0.1568 0)
(0.22 -0.1568 0)
(0.2 -0.153 0)
(0.204 -0.153 0)
(0.208 -0.153 0)
(0.212 -0.153 0)
(0.216 -0.153 0)
(0.22 -0.153 0)
(0.2 -0.1492 0)
(0.204 -0.1492 0)
(0.208 -0.1492 0)
(0.212 -0.1492 0)
(0.216 -0.1492 0)
(0.22 -0.1492 0)
(0.2 -0.1454 0)
(0.204 -0.1454 0)
(0.208 -0.1454 0)
(0.212 -0.1454 0)
(0.216 -0.1454 0)
(0.22 -0.1454 0)
(0.2 -0.1416 0)
(0.204 -0.1416 0)
(0.208 -0.1416 0)
(0.212 -0.1416 0)
(0.216 -0.1416 0)
(0.22 -0.1416 0)
(0.2 -0.1378 0)
(0.204 -0.1378 0)
(0.208 -0.1378 0)
(0.212 -0.1378 0)
(0.216 -0.1378 0)
(0.22 -0.1378 0)
(0.2 -0.134 0)
(0.204 -0.134 0)
(0.208 -0.134 0)
(0.212 -0.134 0)
(0.216 -0.134 0)
(0.22 -0.134 0)
(0.2 -0.1302 0)
(0.204 -0.1302 0)
(0.208 -0.1302 0)
(0.212 -0.1302 0)
(0.216 -0.1302 0)
(0.22 -0.1302 0)
(0.2 -0.1264 0)
(0.204 -0.1264 0)
(0.208 -0.1264 0)
(0.212 -0.1264 0)
(0.216 -0.1264 0)
(0.22 -0.1264 0)
(0.2 -0.1226 0)
(0.204 -0.1226 0)
(0.208 -0.1226 0)
(0.212 -0.1226 0)
(0.216 -0.1226 0)
(0.22 -0.1226 0)
(0.2 -0.1188 0)
(0.204 -0.1188 0)
(0.208 -0.1188 0)
(0.212 -0.1188 0)
(0.216 -0.1188 0)
(0.22 -0.1188 0)
(0.2 -0.115 0)
(0.204 -0.115 0)
(0.208 -0.115 0)
(0.212 -0.115 0)
(0.216 -0.115 0)
(0.22 -0.115 0)
(0.2 -0.1112 0)
(0.204 -0.1112 0)
(0.208 -0.1112 0)
(0.212 -0.1112 0)
(0.216 -0.1112 0)
(0.22 -0.1112 0)
(0.2 -0.1074 0)
(0.204 -0.1074 0)
(0.208 -0.1074 0)
(0.212 -0.1074 0)
(0.216 -0.1074 0)
(0.22 -0.1074 0)
(0.2 -0.1036 0)
(0.204 -0.1036 0)
(0.208 -0.1036 0)
(0.212 -0.1036 0)
(0.216 -0.1036 0)
(0.22 -0.1036 0)
(0.2 -0.0998 0)
(0.204 -0.0998 0)
(0.208 -0.0998 0)
(0.212 -0.0998 0)
(0.216 -0.0998 0)
(0.22 -0.0998 0)
(0.2 -0.096 0)
(0.204 -0.096 0)
(0.208 -0.096 0)
(0.212 -0.096 0)
(0.216 -0.096 0)
(0.22 -0.096 0)
(0.2 -0.0922 0)
(0.204 -0.0922 0)
(0.208 -0.0922 0)
(0.212 -0.0922 0)
(0.216 -0.0922 0)
(0.22 -0.0922 0)
(0.2 -0.0884 0)
(0.204 -0.0884 0)
(0.208 -0.0884 0)
(0.212 -0.0884 0)
(0.216 -0.0884 0)
(0.22 -0.0884 0)
(0.2 -0.0846 0)
(0.204 -0.0846 0)
(0.208 -0.0846 0)
(0.212 -0.0846 0)
(0.216 -0.0846 0)
(0.22 -0.0846 0)
(0.2 -0.0808 0)
(0.204 -0.0808 0)
(0.208 -0.0808 0)
(0.212 -0.0808 0)
(0.216 -0.0808 0)
(0.22 -0.0808 0)
(0.2 -0.077 0)
(0.204 -0.077 0)
(0.208 -0.077 0)
(0.212 -0.077 0)
(0.216 -0.077 0)
(0.22 -0.077 0)
(0.2 -0.0732 0)
(0.204 -0.0732 0)
(0.208 -0.0732 0)
(0.212 -0.0732 0)
(0.216 -0.0732 0)
(0.22 -0.0732 0)
(0.2 -0.0694 0)
(0.204 -0.0694 0)
(0.208 -0.0694 0)
(0.212 -0.0694 0)
(0.216 -0.0694 0)
(0.22 -0.0694 0)
(0.2 -0.0656 0)
(0.204 -0.0656 0)
(0.208 -0.0656 0)
(0.212 -0.0656 0)
(0.216 -0.0656 0)
(0.22 -0.0656 0)
(0.2 -0.0618 0)
(0.204 -0.0618 0)
(0.208 -0.0618 0)
(0.212 -0.0618 0)
(0.216 -0.0618 0)
(0.22 -0.0618 0)
(0.2 -0.058 0)
(0.204 -0.058 0)
(0.208 -0.058 0)
(0.212 -0.058 0)
(0.216 -0.058 0)
(0.22 -0.058 0)
(0.2 -0.0542 0)
(0.204 -0.0542 0)
(0.208 -0.0542 0)
(0.212 -0.0542 0)
(0.216 -0.0542 0)
(0.22 -0.0542 0)
(0.2 -0.0504 0)
(0.204 -0.0504 0)
(0.208 -0.0504 0)
(0.212 -0.0504 0)
(0.216 -0.0504 0)
(0.22 -0.0504 0)
(0.2 -0.0466 0)
(0.204 -0.0466 0)
(0.208 -0.0466 0)
(0.212 -0.0466 0)
(0.216 -0.0466 0)
(0.22 -0.0466 0)
(0.2 -0.0428 0)
(0.204 -0.0428 0)
(0.208 -0.0428 0)
(0.212 -0.0428 0)
(0.216 -0.0428 0)
(0.22 -0.0428 0)
(0.2 -0.039 0)
(0.204 -0.039 0)
(0.208 -0.039 0)
(0.212 -0.039 0)
(0.216 -0.039 0)
(0.22 -0.039 0)
(0.2 -0.0352 0)
(0.204 -0.0352 0)
(0.208 -0.0352 0)
(0.212 -0.0352 0)
(0.216 -0.0352 0)
(0.22 -0.0352 0)
(0.2 -0.0314 0)
(0.204 -0.0314 0)
(0.208 -0.0314 0)
(0.212 -0.0314 0)
(0.216 -0.0314 0)
(0.22 -0.0314 0)
(0.2 -0.0276 0)
(0.204 -0.0276 0)
(0.208 -0.0276 0)
(0.212 -0.0276 0)
(0.216 -0.0276 0)
(0.22 -0.0276 0)
(0.2 -0.0238 0)
(0.204 -0.0238 0)
(0.208 -0.0238 0)
(0.212 -0.0238 0)
(0.216 -0.0238 0)
(0.22 -0.0238 0)
(0.2 -0.02 0)
(0.204 -0.02 0)
(0.208 -0.02 0)
(0.212 -0.02 0)
(0.216 -0.02 0)
(0.22 -0.02 0)
(0.2 -0.21 0.01)
(0.204 -0.21 0.01)
(0.208 -0.21 0.01)
(0.212 -0.21 0.01)
(0.216 -0.21 0.01)
(0.22 -0.21 0.01)
(0.2 -0.2062 0.01)
(0.204 -0.2062 0.01)
(0.208 -0.2062 0.01)
(0.212 -0.2062 0.01)
(0.216 -0.2062 0.01)
(0.22 -0.2062 0.01)
(0.2 -0.2024 0.01)
(0.204 -0.2024 0.01)
(0.208 -0.2024 0.01)
(0.212 -0.2024 0.01)
(0.216 -0.2024 0.01)
(0.22 -0.2024 0.01)
(0.2 -0.1986 0.01)
(0.204 -0.1986 0.01)
(0.208 -0.1986 0.01)
(0.212 -0.1986 0.01)
(0.216 -0.1986 0.01)
(0.22 -0.1986 0.01)
(0.2 -0.1948 0.01)
(0.204 -0.1948 0.01)
(0.208 -0.1948 0.01)
(0.212 -0.1948 0.01)
(0.216 -0.1948 0.01)
(0.22 -0.1948 0.01)
(0.2 -0.191 0.01)
(0.204 -0.191 0.01)
(0.208 -0.191 0.01)
(0.212 -0.191 0.01)
(0.216 -0.191 0.01)
(0.22 -0.191 0.01)
(0.2 -0.1872 0.01)
(0.204 -0.1872 0.01)
(0.208 -0.1872 0.01)
(0.212 -0.1872 0.01)
(0.216 -0.1872 0.01)
(0.22 -0.1872 0.01)
(0.2 -0.1834 0.01)
(0.204 -0.1834 0.01)
(0.208 -0.1834 0.01)
(0.212 -0.1834 0.01)
(0.216 -0.1834 0.01)
(0.22 -0.1834 0.01)
(0.2 -0.1796 0.01)
(0.204 -0.1796 0.01)
(0.208 -0.1796 0.01)
(0.212 -0.1796 0.01)
(0.216 -0.1796 0.01)
(0.22 -0.1796 0.01)
(0.2 -0.1758 0.01)
(0.204 -0.1758 0.01)
(0.208 -0.1758 0.01)
(0.212 -0.1758 0.01)
(0.216 -0.1758 0.01)
(0.22 -0.1758 0.01)
(0.2 -0.172 0.01)
(0.204 -0.172 0.01)
(0.208 -0.172 0.01)
(0.212 -0.172 0.01)
(0.216 -0.172 0.01)
(0.22 -0.172 0.01)
(0.2 -0.1682 0.01)
(0.204 -0.1682 0.01)
(0.208 -0.1682 0.01)
(0.212 -0.1682 0.01)
(0.216 -0.1682 0.01)
(0.22 -0.1682 0.01)
(0.2 -0.1644 0.01)
(0.204 -0.1644 0.01)
(0.208 -0.1644 0.01)
(0.212 -0.1644 0.01)
(0.216 -0.1644 0.01)
(0.22 -0.1644 0.01)
(0.2 -0.1606 0.01)
(0.204 -0.1606 0.01)
(0.208 -0.1606 0.01)
(0.212 -0.1606 0.01)
(0.216 -0.1606 0.01)
(0.22 -0.1606 0.01)
(0.2 -0.1568 0.01)
(0.204 -0.1568 0.01)
(0.208 -0.1568 0.01)
(0.212 -0.1568 0.01)
(0.216 -0.1568 0.01)
(0.22 -0.1568 0.01)
(0.2 -0.153 0.01)
(0.204 -0.153 0.01)
(0.208 -0.153 0.01)
(0.212 -0.153 0.01)
(0.216 -0.153 0.01)
(0.22 -0.153 0.01)
(0.2 -0.1492 0.01)
(0.204 -0.1492 0.01)
(0.208 -0.1492 0.01)
(0.212 -0.1492 0.01)
(0.216 -0.1492 0.01)
(0.22 -0.1492 0.01)
(0.2 -0.1454 0.01)
(0.204 -0.1454 0.01)
(0.208 -0.1454 0.01)
(0.212 -0.1454 0.01)
(0.216 -0.1454 0.01)
(0.22 -0.1454 0.01)
(0.2 -0.1416 0.01)
(0.204 -0.1416 0.01)
(0.208 -0.1416 0.01)
(0.212 -0.1416 0.01)
(0.216 -0.1416 0.01)
(0.22 -0.1416 0.01)
(0.2 -0.1378 0.01)
(0.204 -0.1378 0.01)
(0.208 -0.1378 0.01)
(0.212 -0.1378 0.01)
(0.216 -0.1378 0.01)
(0.22 -0.1378 0.01)
(0.2 -0.134 0.01)
(0.204 -0.134 0.01)
(0.208 -0.134 0.01)
(0.212 -0.134 0.01)
(0.216 -0.134 0.01)
(0.22 -0.134 0.01)
(0.2 -0.1302 0.01)
(0.204 -0.1302 0.01)
(0.208 -0.1302 0.01)
(0.212 -0.1302 0.01)
(0.216 -0.1302 0.01)
(0.22 -0.1302 0.01)
(0.2 -0.1264 0.01)
(0.204 -0.1264 0.01)
(0.208 -0.1264 0.01)
(0.212 -0.1264 0.01)
(0.216 -0.1264 0.01)
(0.22 -0.1264 0.01)
(0.2 -0.1226 0.01)
(0.204 -0.1226 0.01)
(0.208 -0.1226 0.01)
(0.212 -0.1226 0.01)
(0.216 -0.1226 0.01)
(0.22 -0.1226 0.01)
(0.2 -0.1188 0.01)
(0.204 -0.1188 0.01)
(0.208 -0.1188 0.01)
(0.212 -0.1188 0.01)
(0.216 -0.1188 0.01)
(0.22 -0.1188 0.01)
(0.2 -0.115 0.01)
(0.204 -0.115 0.01)
(0.208 -0.115 0.01)
(0.212 -0.115 0.01)
(0.216 -0.115 0.01)
(0.22 -0.115 0.01)
(0.2 -0.1112 0.01)
(0.204 -0.1112 0.01)
(0.208 -0.1112 0.01)
(0.212 -0.1112 0.01)
(0.216 -0.1112 0.01)
(0.22 -0.1112 0.01)
(0.2 -0.1074 0.01)
(0.204 -0.1074 0.01)
(0.208 -0.1074 0.01)
(0.212 -0.1074 0.01)
(0.216 -0.1074 0.01)
(0.22 -0.1074 0.01)
(0.2 -0.1036 0.01)
(0.204 -0.1036 0.01)
(0.208 -0.1036 0.01)
(0.212 -0.1036 0.01)
(0.216 -0.1036 0.01)
(0.22 -0.1036 0.01)
(0.2 -0.0998 0.01)
(0.204 -0.0998 0.01)
(0.208 -0.0998 0.01)
(0.212 -0.0998 0.01)
(0.216 -0.0998 0.01)
(0.22 -0.0998 0.01)
(0.2 -0.096 0.01)
(0.204 -0.096 0.01)
(0.208 -0.096 0.01)
(0.212 -0.096 0.01)
(0.216 -0.096 0.01)
(0.22 -0.096 0.01)
(0.2 -0.0922 0.01)
(0.204 -0.0922 0.01)
(0.208 -0.0922 0.01)
(0.212 -0.0922 0.01)
(0.216 -0.0922 0.01)
(0.22 -0.0922 0.01)
(0.2 -0.0884 0.01)
(0.204 -0.0884 0.01)
(0.208 -0.0884 0.01)
(0.212 -0.0884 0.01)
(0.216 -0.0884 0.01)
(0.22 -0.0884 0.01)
(0.2 -0.0846 0.01)
(0.204 -0.0846 0.01)
(0.208 -0.0846 0.01)
(0.212 -0.0846 0.01)
(0.216 -0.0846 0.01)
(0.22 -0.0846 0.01)
(0.2 -0.0808 0.01)
(0.204 -0.0808 0.01)
(0.208 -0.0808 0.01)
(0.212 -0.0808 0.01)
(0.216 -0.0808 0.01)
(0.22 -0.0808 0.01)
(0.2 -0.077 0.01)
(0.204 -0.077 0.01)
(0.208 -0.077 0.01)
(0.212 -0.077 0.01)
(0.216 -0.077 0.01)
(0.22 -0.077 0.01)
(0.2 -0.0732 0.01)
(0.204 -0.0732 0.01)
(0.208 -0.0732 0.01)
(0.212 -0.0732 0.01)
(0.216 -0.0732 0.01)
(0.22 -0.0732 0.01)
(0.2 -0.0694 0.01)
(0.204 -0.0694 0.01)
(0.208 -0.0694 0.01)
(0.212 -0.0694 0.01)
(0.216 -0.0694 0.01)
(0.22 -0.0694 0.01)
(0.2 -0.0656 0.01)
(0.204 -0.0656 0.01)
(0.208 -0.0656 0.01)
(0.212 -0.0656 0.01)
(0.216 -0.0656 0.01)
(0.22 -0.0656 0.01)
(0.2 -0.0618 0.01)
(0.204 -0.0618 0.01)
(0.208 -0.0618 0.01)
(0.212 -0.0618 0.01)
(0.216 -0.0618 0.01)
(0.22 -0.0618 0.01)
(0.2 -0.058 0.01)
(0.204 -0.058 0.01)
(0.208 -0.058 0.01)
(0.212 -0.058 0.01)
(0.216 -0.058 0.01)
(0.22 -0.058 0.01)
(0.2 -0.0542 0.01)
(0.204 -0.0542 0.01)
(0.208 -0.0542 0.01)
(0.212 -0.0542 0.01)
(0.216 -0.0542 0.01)
(0.22 -0.0542 0.01)
(0.2 -0.0504 0.01)
(0.204 -0.0504 0.01)
(0.208 -0.0504 0.01)
(0.212 -0.0504 0.01)
(0.216 -0.0504 0.01)
(0.22 -0.0504 0.01)
(0.2 -0.0466 0.01)
(0.204 -0.0466 0.01)
(0.208 -0.0466 0.01)
(0.212 -0.0466 0.01)
(0.216 -0.0466 0.01)
(0.22 -0.0466 0.01)
(0.2 -0.0428 0.01)
(0.204 -0.0428 0.01)
(0.208 -0.0428 0.01)
(0.212 -0.0428 0.01)
(0.216 -0.0428 0.01)
(0.22 -0.0428 0.01)
(0.2 -0.039 0.01)
(0.204 -0.039 0.01)
(0.208 -0.039 0.01)
(0.212 -0.039 0.01)
(0.216 -0.039 0.01)
(0.22 -0.039 0.01)
(0.2 -0.0352 0.01)
(0.204 -0.0352 0.01)
(0.208 -0.0352 0.01)
(0.212 -0.0352 0.01)
(0.216 -0.0352 0.01)
(0.22 -0.0352 0.01)
(0.2 -0.0314 0.01)
(0.204 -0.0314 0.01)
(0.208 -0.0314 0.01)
(0.212 -0.0314 0.01)
(0.216 -0.0314 0.01)
(0.22 -0.0314 0.01)
(0.2 -0.0276 0.01)
(0.204 -0.0276 0.01)
(0.208 -0.0276 0.01)
(0.212 -0.0276 0.01)
(0.216 -0.0276 0.01)
(0.22 -0.0276 0.01)
(0.2 -0.0238 0.01)
(0.204 -0.0238 0.01)
(0.208 -0.0238 0.01)
(0.212 -0.0238 0.01)
(0.216 -0.0238 0.01)
(0.22 -0.0238 0.01)
(0.2 -0.02 0.01)
(0.204 -0.02 0.01)
(0.208 -0.02 0.01)
(0.212 -0.02 0.01)
(0.216 -0.02 0.01)
(0.22 -0.02 0.01)
(0.2 0.02 0)
(0.204 0.02 0)
(0.208 0.02 0)
(0.212 0.02 0)
(0.216 0.02 0)
(0.22 0.02 0)
(0.2 0.0238 0)
(0.204 0.0238 0)
(0.208 0.0238 0)
(0.212 0.0238 0)
(0.216 0.0238 0)
(0.22 0.0238 0)
(0.2 0.0276 0)
(0.204 0.0276 0)
(0.208 0.0276 0)
(0.212 0.0276 0)
(0.216 0.0276 0)
(0.22 0.0276 0)
(0.2 0.0314 0)
(0.204 0.0314 0)
(0.208 0.0314 0)
(0.212 0.0314 0)
(0.216 0.0314 0)
(0.22 0.0314 0)
(0.2 0.0352 0)
(0.204 0.0352 0)
(0.208 0.0352 0)
(0.212 0.0352 0)
(0.216 0.0352 0)
(0.22 0.0352 0)
(0.2 0.039 0)
(0.204 0.039 0)
(0.208 0.039 0)
(0.212 0.039 0)
(0.216 0.039 0)
(0.22 0.039 0)
(0.2 0.0428 0)
(0.204 0.0428 0)
(0.208 0.0428 0)
(0.212 0.0428 0)
(0.216 0.0428 0)
(0.22 0.0428 0)
(0.2 0.0466 0)
(0.204 0.0466 0)
(0.208 0.0466 0)
(0.212 0.0466 0)
(0.216 0.0466 0)
(0.22 0.0466 0)
(0.2 0.0504 0)
(0.204 0.0504 0)
(0.208 0.0504 0)
(0.212 0.0504 0)
(0.216 0.0504 0)
(0.22 0.0504 0)
(0.2 0.0542 0)
(0.204 0.0542 0)
(0.208 0.0542 0)
(0.212 0.0542 0)
(0.216 0.0542 0)
(0.22 0.0542 0)
(0.2 0.058 0)
(0.204 0.058 0)
(0.208 0.058 0)
(0.212 0.058 0)
(0.216 0.058 0)
(0.22 0.058 0)
(0.2 0.0618 0)
(0.204 0.0618 0)
(0.208 0.0618 0)
(0.212 0.0618 0)
(0.216 0.0618 0)
(0.22 0.0618 0)
(0.2 0.0656 0)
(0.204 0.0656 0)
(0.208 0.0656 0)
(0.212 0.0656 0)
(0.216 0.0656 0)
(0.22 0.0656 0)
(0.2 0.0694 0)
(0.204 0.0694 0)
(0.208 0.0694 0)
(0.212 0.0694 0)
(0.216 0.0694 0)
(0.22 0.0694 0)
(0.2 0.0732 0)
(0.204 0.0732 0)
(0.208 0.0732 0)
(0.212 0.0732 0)
(0.216 0.0732 0)
(0.22 0.0732 0)
(0.2 0.077 0)
(0.204 0.077 0)
(0.208 0.077 0)
(0.212 0.077 0)
(0.216 0.077 0)
(0.22 0.077 0)
(0.2 0.0808 0)
(0.204 0.0808 0)
(0.208 0.0808 0)
(0.212 0.0808 0)
(0.216 0.0808 0)
(0.22 0.0808 0)
(0.2 0.0846 0)
(0.204 0.0846 0)
(0.208 0.0846 0)
(0.212 0.0846 0)
(0.216 0.0846 0)
(0.22 0.0846 0)
(0.2 0.0884 0)
(0.204 0.0884 0)
(0.208 0.0884 0)
(0.212 0.0884 0)
(0.216 0.0884 0)
(0.22 0.0884 0)
(0.2 0.0922 0)
(0.204 0.0922 0)
(0.208 0.0922 0)
(0.212 0.0922 0)
(0.216 0.0922 0)
(0.22 0.0922 0)
(0.2 0.096 0)
(0.204 0.096 0)
(0.208 0.096 0)
(0.212 0.096 0)
(0.216 0.096 0)
(0.22 0.096 0)
(0.2 0.0998 0)
(0.204 0.0998 0)
(0.208 0.0998 0)
(0.212 0.0998 0)
(0.216 0.0998 0)
(0.22 0.0998 0)
(0.2 0.1036 0)
(0.204 0.1036 0)
(0.208 0.1036 0)
(0.212 0.1036 0)
(0.216 0.1036 0)
(0.22 0.1036 0)
(0.2 0.1074 0)
(0.204 0.1074 0)
(0.208 0.1074 0)
(0.212 0.1074 0)
(0.216 0.1074 0)
(0.22 0.1074 0)
(0.2 0.1112 0)
(0.204 0.1112 0)
(0.208 0.1112 0)
(0.212 0.1112 0)
(0.216 0.1112 0)
(0.22 0.1112 0)
(0.2 0.115 0)
(0.204 0.115 0)
(0.208 0.115 0)
(0.212 0.115 0)
(0.216 0.115 0)
(0.22 0.115 0)
(0.2 0.1188 0)
(0.204 0.1188 0)
(0.208 0.1188 0)
(0.212 0.1188 0)
(0.216 0.1188 0)
(0.22 0.1188 0)
(0.2 0.1226 0)
(0.204 0.1226 0)
(0.208 0.1226 0)
(0.212 0.1226 0)
(0.216 0.1226 0)
(0.22 0.1226 0)
(0.2 0.1264 0)
(0.204 0.1264 0)
(0.208 0.1264 0)
(0.212 0.1264 0)
(0.216 0.1264 0)
(0.22 0.1264 0)
(0.2 0.1302 0)
(0.204 0.1302 0)
(0.208 0.1302 0)
(0.212 0.1302 0)
(0.216 0.1302 0)
(0.22 0.1302 0)
(0.2 0.134 0)
(0.204 0.134 0)
(0.208 0.134 0)
(0.212 0.134 0)
(0.216 0.134 0)
(0.22 0.134 0)
(0.2 0.1378 0)
(0.204 0.1378 0)
(0.208 0.1378 0)
(0.212 0.1378 0)
(0.216 0.1378 0)
(0.22 0.1378 0)
(0.2 0.1416 0)
(0.204 0.1416 0)
(0.208 0.1416 0)
(0.212 0.1416 0)
(0.216 0.1416 0)
(0.22 0.1416 0)
(0.2 0.1454 0)
(0.204 0.1454 0)
(0.208 0.1454 0)
(0.212 0.1454 0)
(0.216 0.1454 0)
(0.22 0.1454 0)
(0.2 0.1492 0)
(0.204 0.1492 0)
(0.208 0.1492 0)
(0.212 0.1492 0)
(0.216 0.1492 0)
(0.22 0.1492 0)
(0.2 0.153 0)
(0.204 0.153 0)
(0.208 0.153 0)
(0.212 0.153 0)
(0.216 0.153 0)
(0.22 0.153 0)
(0.2 0.1568 0)
(0.204 0.1568 0)
(0.208 0.1568 0)
(0.212 0.1568 0)
(0.216 0.1568 0)
(0.22 0.1568 0)
(0.2 0.1606 0)
(0.204 0.1606 0)
(0.208 0.1606 0)
(0.212 0.1606 0)
(0.216 0.1606 0)
(0.22 0.1606 0)
(0.2 0.1644 0)
(0.204 0.1644 0)
(0.208 0.1644 0)
(0.212 0.1644 0)
(0.216 0.1644 0)
(0.22 0.1644 0)
(0.2 0.1682 0)
(0.204 0.1682 0)
(0.208 0.1682 0)
(0.212 0.1682 0)
(0.216 0.1682 0)
(0.22 0.1682 0)
(0.2 0.172 0)
(0.204 0.172 0)
(0.208 0.172 0)
(0.212 0.172 0)
(0.216 0.172 0)
(0.22 0.172 0)
(0.2 0.1758 0)
(0.204 0.1758 0)
(0.208 0.1758 0)
(0.212 0.1758 0)
(0.216 0.1758 0)
(0.22 0.1758 0)
(0.2 0.1796 0)
(0.204 0.1796 0)
(0.208 0.1796 0)
(0.212 0.1796 0)
(0.216 0.1796 0)
(0.22 0.1796 0)
(0.2 0.1834 0)
(0.204 0.1834 0)
(0.208 0.1834 0)
(0.212 0.1834 0)
(0.216 0.1834 0)
(0.22 0.1834 0)
(0.2 0.1872 0)
(0.204 0.1872 0)
(0.208 0.1872 0)
(0.212 0.1872 0)
(0.216 0.1872 0)
(0.22 0.1872 0)
(0.2 0.191 0)
(0.204 0.191 0)
(0.208 0.191 0)
(0.212 0.191 0)
(0.216 0.191 0)
(0.22 0.191 0)
(0.2 0.1948 0)
(0.204 0.1948 0)
(0.208 0.1948 0)
(0.212 0.1948 0)
(0.216 0.1948 0)
(0.22 0.1948 0)
(0.2 0.1986 0)
(0.204 0.1986 0)
(0.208 0.1986 0)
(0.212 0.1986 0)
(0.216 0.1986 0)
(0.22 0.1986 0)
(0.2 0.2024 0)
(0.204 0.2024 0)
(0.208 0.2024 0)
(0.212 0.2024 0)
(0.216 0.2024 0)
(0.22 0.2024 0)
(0.2 0.2062 0)
(0.204 0.2062 0)
(0.208 0.2062 0)
(0.212 0.2062 0)
(0.216 0.2062 0)
(0.22 0.2062 0)
(0.2 0.21 0)
(0.204 0.21 0)
(0.208 0.21 0)
(0.212 0.21 0)
(0.216 0.21 0)
(0.22 0.21 0)
(0.2 0.02 0.01)
(0.204 0.02 0.01)
(0.208 0.02 0.01)
(0.212 0.02 0.01)
(0.216 0.02 0.01)
(0.22 0.02 0.01)
(0.2 0.0238 0.01)
(0.204 0.0238 0.01)
(0.208 0.0238 0.01)
(0.212 0.0238 0.01)
(0.216 0.0238 0.01)
(0.22 0.0238 0.01)
(0.2 0.0276 0.01)
(0.204 0.0276 0.01)
(0.208 0.0276 0.01)
(0.212 0.0276 0.01)
(0.216 0.0276 0.01)
(0.22 0.0276 0.01)
(0.2 0.0314 0.01)
(0.204 0.0314 0.01)
(0.208 0.0314 0.01)
(0.212 0.0314 0.01)
(0.216 0.0314 0.01)
(0.22 0.0314 0.01)
(0.2 0.0352 0.01)
(0.204 0.0352 0.01)
(0.208 0.0352 0.01)
(0.212 0.0352 0.01)
(0.216 0.0352 0.01)
(0.22 0.0352 0.01)
(0.2 0.039 0.01)
(0.204 0.039 0.01)
(0.208 0.039 0.01)
(0.212 0.039 0.01)
(0.216 0.039 0.01)
(0.22 0.039 0.01)
(0.2 0.0428 0.01)
(0.204 0.0428 0.01)
(0.208 0.0428 0.01)
(0.212 0.0428 0.01)
(0.216 0.0428 0.01)
(0.22 0.0428 0.01)
(0.2 0.0466 0.01)
(0.204 0.0466 0.01)
(0.208 0.0466 0.01)
(0.212 0.0466 0.01)
(0.216 0.0466 0.01)
(0.22 0.0466 0.01)
(0.2 0.0504 0.01)
(0.204 0.0504 0.01)
(0.208 0.0504 0.01)
(0.212 0.0504 0.01)
(0.216 0.0504 0.01)
(0.22 0.0504 0.01)
(0.2 0.0542 0.01)
(0.204 0.0542 0.01)
(0.208 0.0542 0.01)
(0.212 0.0542 0.01)
(0.216 0.0542 0.01)
(0.22 0.0542 0.01)
(0.2 0.058 0.01)
(0.204 0.058 0.01)
(0.208 0.058 0.01)
(0.212 0.058 0.01)
(0.216 0.058 0.01)
(0.22 0.058 0.01)
(0.2 0.0618 0.01)
(0.204 0.0618 0.01)
(0.208 0.0618 0.01)
(0.212 0.0618 0.01)
(0.216 0.0618 0.01)
(0.22 0.0618 0.01)
(0.2 0.0656 0.01)
(0.204 0.0656 0.01)
(0.208 0.0656 0.01)
(0.212 0.0656 0.01)
(0.216 0.0656 0.01)
(0.22 0.0656 0.01)
(0.2 0.0694 0.01)
(0.204 0.0694 0.01)
(0.208 0.0694 0.01)
(0.212 0.0694 0.01)
(0.216 0.0694 0.01)
(0.22 0.0694 0.01)
(0.2 0.0732 0.01)
(0.204 0.0732 0.01)
(0.208 0.0732 0.01)
(0.212 0.0732 0.01)
(0.216 0.0732 0.01)
(0.22 0.0732 0.01)
(0.2 0.077 0.01)
(0.204 0.077 0.01)
(0.208 0.077 0.01)
(0.212 0.077 0.01)
(0.216 0.077 0.01)
(0.22 0.077 0.01)
(0.2 0.0808 0.01)
(0.204 0.0808 0.01)
(0.208 0.0808 0.01)
(0.212 0.0808 0.01)
(0.216 0.0808 0.01)
(0.22 0.0808 0.01)
(0.2 0.0846 0.01)
(0.204 0.0846 0.01)
(0.208 0.0846 0.01)
(0.212 0.0846 0.01)
(0.216 0.0846 0.01)
(0.22 0.0846 0.01)
(0.2 0.0884 0.01)
(0.204 0.0884 0.01)
(0.208 0.0884 0.01)
(0.212 0.0884 0.01)
(0.216 0.0884 0.01)
(0.22 0.0884 0.01)
(0.2 0.0922 0.01)
(0.204 0.0922 0.01)
(0.208 0.0922 0.01)
(0.212 0.0922 0.01)
(0.216 0.0922 0.01)
(0.22 0.0922 0.01)
(0.2 0.096 0.01)
(0.204 0.096 0.01)
(0.208 0.096 0.01)
(0.212 0.096 0.01)
(0.216 0.096 0.01)
(0.22 0.096 0.01)
(0.2 0.0998 0.01)
(0.204 0.0998 0.01)
(0.208 0.0998 0.01)
(0.212 0.0998 0.01)
(0.216 0.0998 0.01)
(0.22 0.0998 0.01)
(0.2 0.1036 0.01)
(0.204 0.1036 0.01)
(0.208 0.1036 0.01)
(0.212 0.1036 0.01)
(0.216 0.1036 0.01)
(0.22 0.1036 0.01)
(0.2 0.1074 0.01)
(0.204 0.1074 0.01)
(0.208 0.1074 0.01)
(0.212 0.1074 0.01)
(0.216 0.1074 0.01)
(0.22 0.1074 0.01)
(0.2 0.1112 0.01)
(0.204 0.1112 0.01)
(0.208 0.1112 0.01)
(0.212 0.1112 0.01)
(0.216 0.1112 0.01)
(0.22 0.1112 0.01)
(0.2 0.115 0.01)
(0.204 0.115 0.01)
(0.208 0.115 0.01)
(0.212 0.115 0.01)
(0.216 0.115 0.01)
(0.22 0.115 0.01)
(0.2 0.1188 0.01)
(0.204 0.1188 0.01)
(0.208 0.1188 0.01)
(0.212 0.1188 0.01)
(0.216 0.1188 0.01)
(0.22 0.1188 0.01)
(0.2 0.1226 0.01)
(0.204 0.1226 0.01)
(0.208 0.1226 0.01)
(0.212 0.1226 0.01)
(0.216 0.1226 0.01)
(0.22 0.1226 0.01)
(0.2 0.1264 0.01)
(0.204 0.1264 0.01)
(0.208 0.1264 0.01)
(0.212 0.1264 0.01)
(0.216 0.1264 0.01)
(0.22 0.1264 0.01)
(0.2 0.1302 0.01)
(0.204 0.1302 0.01)
(0.208 0.1302 0.01)
(0.212 0.1302 0.01)
(0.216 0.1302 0.01)
(0.22 0.1302 0.01)
(0.2 0.134 0.01)
(0.204 0.134 0.01)
(0.208 0.134 0.01)
(0.212 0.134 0.01)
(0.216 0.134 0.01)
(0.22 0.134 0.01)
(0.2 0.1378 0.01)
(0.204 0.1378 0.01)
(0.208 0.1378 0.01)
(0.212 0.1378 0.01)
(0.216 0.1378 0.01)
(0.22 0.1378 0.01)
(0.2 0.1416 0.01)
(0.204 0.1416 0.01)
(0.208 0.1416 0.01)
(0.212 0.1416 0.01)
(0.216 0.1416 0.01)
(0.22 0.1416 0.01)
(0.2 0.1454 0.01)
(0.204 0.1454 0.01)
(0.208 0.1454 0.01)
(0.212 0.1454 0.01)
(0.216 0.1454 0.01)
(0.22 0.1454 0.01)
(0.2 0.1492 0.01)
(0.204 0.1492 0.01)
(0.208 0.1492 0.01)
(0.212 0.1492 0.01)
(0.216 0.1492 0.01)
(0.22 0.1492 0.01)
(0.2 0.153 0.01)
(0.204 0.153 0.01)
(0.208 0.153 0.01)
(0.212 0.153 0.01)
(0.216 0.153 0.01)
(0.22 0.153 0.01)
(0.2 0.1568 0.01)
(0.204 0.1568 0.01)
(0.208 0.1568 0.01)
(0.212 0.1568 0.01)
(0.216 0.1568 0.01)
(0.22 0.1568 0.01)
(0.2 0.1606 0.01)
(0.204 0.1606 0.01)
(0.208 0.1606 0.01)
(0.212 0.1606 0.01)
(0.216 0.1606 0.01)
(0.22 0.1606 0.01)
(0.2 0.1644 0.01)
(0.204 0.1644 0.01)
(0.208 0.1644 0.01)
(0.212 0.1644 0.01)
(0.216 0.1644 0.01)
(0.22 0.1644 0.01)
(0.2 0.1682 0.01)
(0.204 0.1682 0.01)
(0.208 0.1682 0.01)
(0.212 0.1682 0.01)
(0.216 0.1682 0.01)
(0.22 0.1682 0.01)
(0.2 0.172 0.01)
(0.204 0.172 0.01)
(0.208 0.172 0.01)
(0.212 0.172 0.01)
(0.216 0.172 0.01)
(0.22 0.172 0.01)
(0.2 0.1758 0.01)
(0.204 0.1758 0.01)
(0.208 0.1758 0.01)
(0.212 0.1758 0.01)
(0.216 0.1758 0.01)
(0.22 0.1758 0.01)
(0.2 0.1796 0.01)
(0.204 0.1796 0.01)
(0.208 0.1796 0.01)
(0.212 0.1796 0.01)
(0.216 0.1796 0.01)
(0.22 0.1796 0.01)
(0.2 0.1834 0.01)
(0.204 0.1834 0.01)
(0.208 0.1834 0.01)
(0.212 0.1834 0.01)
(0.216 0.1834 0.01)
(0.22 0.1834 0.01)
(0.2 0.1872 0.01)
(0.204 0.1872 0.01)
(0.208 0.1872 0.01)
(0.212 0.1872 0.01)
(0.216 0.1872 0.01)
(0.22 0.1872 0.01)
(0.2 0.191 0.01)
(0.204 0.191 0.01)
(0.208 0.191 0.01)
(0.212 0.191 0.01)
(0.216 0.191 0.01)
(0.22 0.191 0.01)
(0.2 0.1948 0.01)
(0.204 0.1948 0.01)
(0.208 0.1948 0.01)
(0.212 0.1948 0.01)
(0.216 0.1948 0.01)
(0.22 0.1948 0.01)
(0.2 0.1986 0.01)
(0.204 0.1986 0.01)
(0.208 0.1986 0.01)
(0.212 0.1986 0.01)
(0.216 0.1986 0.01)
(0.22 0.1986 0.01)
(0.2 0.2024 0.01)
(0.204 0.2024 0.01)
(0.208 0.2024 0.01)
(0.212 0.2024 0.01)
(0.216 0.2024 0.01)
(0.22 0.2024 0.01)
(0.2 0.2062 0.01)
(0.204 0.2062 0.01)
(0.208 0.2062 0.01)
(0.212 0.2062 0.01)
(0.216 0.2062 0.01)
(0.22 0.2062 0.01)
(0.2 0.21 0.01)
(0.204 0.21 0.01)
(0.208 0.21 0.01)
(0.212 0.21 0.01)
(0.216 0.21 0.01)
(0.22 0.21 0.01)
)


// ************************************************************************* //
