/*--------------------------------*- C++ -*----------------------------------*\
| =========                 |                                                 |
| \\      /  F ield         | OpenFOAM: The Open Source CFD Toolbox           |
|  \\    /   O peration     | Version:  2406                                  |
|   \\  /    A nd           | Website:  www.openfoam.com                      |
|    \\/     M anipulation  |                                                 |
\*---------------------------------------------------------------------------*/
FoamFile
{
    version     2.0;
    format      ascii;
    arch        "LSB;label=32;scalar=64";
    class       vectorField;
    location    "constant/polyMesh";
    object      points;
}
// * * * * * * * * * * * * * * * * * * * * * * * * * * * * * * * * * * * * * //


1581
(
(0 0 0)
(0.2 0 0)
(0.4 0 0)
(0.6 0 0)
(0.8 0 0)
(1 0 0)
(1.2 0 0)
(1.4 0 0)
(1.6 0 0)
(1.8 0 0)
(2 0 0)
(2.2 0 0)
(2.4 0 0)
(2.6 0 0)
(2.8 0 0)
(3 0 0)
(3.2 0 0)
(3.4 0 0)
(3.6 0 0)
(3.8 0 0)
(4 0 0)
(4.2 0 0)
(4.4 0 0)
(4.6 0 0)
(4.8 0 0)
(5 0 0)
(5.2 0 0)
(5.4 0 0)
(5.6 0 0)
(5.8 0 0)
(6 0 0)
(6.2 0 0)
(6.4 0 0)
(6.6 0 0)
(6.8 0 0)
(7 0 0)
(7.2 0 0)
(7.4 0 0)
(7.6 0 0)
(7.8 0 0)
(8 0 0)
(8.2 0 0)
(8.4 0 0)
(8.6 0 0)
(8.8 0 0)
(9 0 0)
(9.2 0 0)
(9.4 0 0)
(9.6 0 0)
(9.8 0 0)
(10 0 0)
(0 -0.07071067812 0.07071067812)
(0.2 -0.07071067812 0.07071067812)
(0.4 -0.07071067812 0.07071067812)
(0.6 -0.07071067812 0.07071067812)
(0.8 -0.07071067812 0.07071067812)
(1 -0.07071067812 0.07071067812)
(1.2 -0.07071067812 0.07071067812)
(1.4 -0.07071067812 0.07071067812)
(1.6 -0.07071067812 0.07071067812)
(1.8 -0.07071067812 0.07071067812)
(2 -0.07071067812 0.07071067812)
(2.2 -0.07071067812 0.07071067812)
(2.4 -0.07071067812 0.07071067812)
(2.6 -0.07071067812 0.07071067812)
(2.8 -0.07071067812 0.07071067812)
(3 -0.07071067812 0.07071067812)
(3.2 -0.07071067812 0.07071067812)
(3.4 -0.07071067812 0.07071067812)
(3.6 -0.07071067812 0.07071067812)
(3.8 -0.07071067812 0.07071067812)
(4 -0.07071067812 0.07071067812)
(4.2 -0.07071067812 0.07071067812)
(4.4 -0.07071067812 0.07071067812)
(4.6 -0.07071067812 0.07071067812)
(4.8 -0.07071067812 0.07071067812)
(5 -0.07071067812 0.07071067812)
(5.2 -0.07071067812 0.07071067812)
(5.4 -0.07071067812 0.07071067812)
(5.6 -0.07071067812 0.07071067812)
(5.8 -0.07071067812 0.07071067812)
(6 -0.07071067812 0.07071067812)
(6.2 -0.07071067812 0.07071067812)
(6.4 -0.07071067812 0.07071067812)
(6.6 -0.07071067812 0.07071067812)
(6.8 -0.07071067812 0.07071067812)
(7 -0.07071067812 0.07071067812)
(7.2 -0.07071067812 0.07071067812)
(7.4 -0.07071067812 0.07071067812)
(7.6 -0.07071067812 0.07071067812)
(7.8 -0.07071067812 0.07071067812)
(8 -0.07071067812 0.07071067812)
(8.2 -0.07071067812 0.07071067812)
(8.4 -0.07071067812 0.07071067812)
(8.6 -0.07071067812 0.07071067812)
(8.8 -0.07071067812 0.07071067812)
(9 -0.07071067812 0.07071067812)
(9.2 -0.07071067812 0.07071067812)
(9.4 -0.07071067812 0.07071067812)
(9.6 -0.07071067812 0.07071067812)
(9.8 -0.07071067812 0.07071067812)
(10 -0.07071067812 0.07071067812)
(0 -0.04539904997 0.08910065242)
(0.2 -0.04539904997 0.08910065242)
(0.4 -0.04539904997 0.08910065242)
(0.6 -0.04539904997 0.08910065242)
(0.8 -0.04539904997 0.08910065242)
(1 -0.04539904997 0.08910065242)
(1.2 -0.04539904997 0.08910065242)
(1.4 -0.04539904997 0.08910065242)
(1.6 -0.04539904997 0.08910065242)
(1.8 -0.04539904997 0.08910065242)
(2 -0.04539904997 0.08910065242)
(2.2 -0.04539904997 0.08910065242)
(2.4 -0.04539904997 0.08910065242)
(2.6 -0.04539904997 0.08910065242)
(2.8 -0.04539904997 0.08910065242)
(3 -0.04539904997 0.08910065242)
(3.2 -0.04539904997 0.08910065242)
(3.4 -0.04539904997 0.08910065242)
(3.6 -0.04539904997 0.08910065242)
(3.8 -0.04539904997 0.08910065242)
(4 -0.04539904997 0.08910065242)
(4.2 -0.04539904997 0.08910065242)
(4.4 -0.04539904997 0.08910065242)
(4.6 -0.04539904997 0.08910065242)
(4.8 -0.04539904997 0.08910065242)
(5 -0.04539904997 0.08910065242)
(5.2 -0.04539904997 0.08910065242)
(5.4 -0.04539904997 0.08910065242)
(5.6 -0.04539904997 0.08910065242)
(5.8 -0.04539904997 0.08910065242)
(6 -0.04539904997 0.08910065242)
(6.2 -0.04539904997 0.08910065242)
(6.4 -0.04539904997 0.08910065242)
(6.6 -0.04539904997 0.08910065242)
(6.8 -0.04539904997 0.08910065242)
(7 -0.04539904997 0.08910065242)
(7.2 -0.04539904997 0.08910065242)
(7.4 -0.04539904997 0.08910065242)
(7.6 -0.04539904997 0.08910065242)
(7.8 -0.04539904997 0.08910065242)
(8 -0.04539904997 0.08910065242)
(8.2 -0.04539904997 0.08910065242)
(8.4 -0.04539904997 0.08910065242)
(8.6 -0.04539904997 0.08910065242)
(8.8 -0.04539904997 0.08910065242)
(9 -0.04539904997 0.08910065242)
(9.2 -0.04539904997 0.08910065242)
(9.4 -0.04539904997 0.08910065242)
(9.6 -0.04539904997 0.08910065242)
(9.8 -0.04539904997 0.08910065242)
(10 -0.04539904997 0.08910065242)
(0 -0.0156434465 0.09876883406)
(0.2 -0.0156434465 0.09876883406)
(0.4 -0.0156434465 0.09876883406)
(0.6 -0.0156434465 0.09876883406)
(0.8 -0.0156434465 0.09876883406)
(1 -0.0156434465 0.09876883406)
(1.2 -0.0156434465 0.09876883406)
(1.4 -0.0156434465 0.09876883406)
(1.6 -0.0156434465 0.09876883406)
(1.8 -0.0156434465 0.09876883406)
(2 -0.0156434465 0.09876883406)
(2.2 -0.0156434465 0.09876883406)
(2.4 -0.0156434465 0.09876883406)
(2.6 -0.0156434465 0.09876883406)
(2.8 -0.0156434465 0.09876883406)
(3 -0.0156434465 0.09876883406)
(3.2 -0.0156434465 0.09876883406)
(3.4 -0.0156434465 0.09876883406)
(3.6 -0.0156434465 0.09876883406)
(3.8 -0.0156434465 0.09876883406)
(4 -0.0156434465 0.09876883406)
(4.2 -0.0156434465 0.09876883406)
(4.4 -0.0156434465 0.09876883406)
(4.6 -0.0156434465 0.09876883406)
(4.8 -0.0156434465 0.09876883406)
(5 -0.0156434465 0.09876883406)
(5.2 -0.0156434465 0.09876883406)
(5.4 -0.0156434465 0.09876883406)
(5.6 -0.0156434465 0.09876883406)
(5.8 -0.0156434465 0.09876883406)
(6 -0.0156434465 0.09876883406)
(6.2 -0.0156434465 0.09876883406)
(6.4 -0.0156434465 0.09876883406)
(6.6 -0.0156434465 0.09876883406)
(6.8 -0.0156434465 0.09876883406)
(7 -0.0156434465 0.09876883406)
(7.2 -0.0156434465 0.09876883406)
(7.4 -0.0156434465 0.09876883406)
(7.6 -0.0156434465 0.09876883406)
(7.8 -0.0156434465 0.09876883406)
(8 -0.0156434465 0.09876883406)
(8.2 -0.0156434465 0.09876883406)
(8.4 -0.0156434465 0.09876883406)
(8.6 -0.0156434465 0.09876883406)
(8.8 -0.0156434465 0.09876883406)
(9 -0.0156434465 0.09876883406)
(9.2 -0.0156434465 0.09876883406)
(9.4 -0.0156434465 0.09876883406)
(9.6 -0.0156434465 0.09876883406)
(9.8 -0.0156434465 0.09876883406)
(10 -0.0156434465 0.09876883406)
(0 0.0156434465 0.09876883406)
(0.2 0.0156434465 0.09876883406)
(0.4 0.0156434465 0.09876883406)
(0.6 0.0156434465 0.09876883406)
(0.8 0.0156434465 0.09876883406)
(1 0.0156434465 0.09876883406)
(1.2 0.0156434465 0.09876883406)
(1.4 0.0156434465 0.09876883406)
(1.6 0.0156434465 0.09876883406)
(1.8 0.0156434465 0.09876883406)
(2 0.0156434465 0.09876883406)
(2.2 0.0156434465 0.09876883406)
(2.4 0.0156434465 0.09876883406)
(2.6 0.0156434465 0.09876883406)
(2.8 0.0156434465 0.09876883406)
(3 0.0156434465 0.09876883406)
(3.2 0.0156434465 0.09876883406)
(3.4 0.0156434465 0.09876883406)
(3.6 0.0156434465 0.09876883406)
(3.8 0.0156434465 0.09876883406)
(4 0.0156434465 0.09876883406)
(4.2 0.0156434465 0.09876883406)
(4.4 0.0156434465 0.09876883406)
(4.6 0.0156434465 0.09876883406)
(4.8 0.0156434465 0.09876883406)
(5 0.0156434465 0.09876883406)
(5.2 0.0156434465 0.09876883406)
(5.4 0.0156434465 0.09876883406)
(5.6 0.0156434465 0.09876883406)
(5.8 0.0156434465 0.09876883406)
(6 0.0156434465 0.09876883406)
(6.2 0.0156434465 0.09876883406)
(6.4 0.0156434465 0.09876883406)
(6.6 0.0156434465 0.09876883406)
(6.8 0.0156434465 0.09876883406)
(7 0.0156434465 0.09876883406)
(7.2 0.0156434465 0.09876883406)
(7.4 0.0156434465 0.09876883406)
(7.6 0.0156434465 0.09876883406)
(7.8 0.0156434465 0.09876883406)
(8 0.0156434465 0.09876883406)
(8.2 0.0156434465 0.09876883406)
(8.4 0.0156434465 0.09876883406)
(8.6 0.0156434465 0.09876883406)
(8.8 0.0156434465 0.09876883406)
(9 0.0156434465 0.09876883406)
(9.2 0.0156434465 0.09876883406)
(9.4 0.0156434465 0.09876883406)
(9.6 0.0156434465 0.09876883406)
(9.8 0.0156434465 0.09876883406)
(10 0.0156434465 0.09876883406)
(0 0.04539904997 0.08910065242)
(0.2 0.04539904997 0.08910065242)
(0.4 0.04539904997 0.08910065242)
(0.6 0.04539904997 0.08910065242)
(0.8 0.04539904997 0.08910065242)
(1 0.04539904997 0.08910065242)
(1.2 0.04539904997 0.08910065242)
(1.4 0.04539904997 0.08910065242)
(1.6 0.04539904997 0.08910065242)
(1.8 0.04539904997 0.08910065242)
(2 0.04539904997 0.08910065242)
(2.2 0.04539904997 0.08910065242)
(2.4 0.04539904997 0.08910065242)
(2.6 0.04539904997 0.08910065242)
(2.8 0.04539904997 0.08910065242)
(3 0.04539904997 0.08910065242)
(3.2 0.04539904997 0.08910065242)
(3.4 0.04539904997 0.08910065242)
(3.6 0.04539904997 0.08910065242)
(3.8 0.04539904997 0.08910065242)
(4 0.04539904997 0.08910065242)
(4.2 0.04539904997 0.08910065242)
(4.4 0.04539904997 0.08910065242)
(4.6 0.04539904997 0.08910065242)
(4.8 0.04539904997 0.08910065242)
(5 0.04539904997 0.08910065242)
(5.2 0.04539904997 0.08910065242)
(5.4 0.04539904997 0.08910065242)
(5.6 0.04539904997 0.08910065242)
(5.8 0.04539904997 0.08910065242)
(6 0.04539904997 0.08910065242)
(6.2 0.04539904997 0.08910065242)
(6.4 0.04539904997 0.08910065242)
(6.6 0.04539904997 0.08910065242)
(6.8 0.04539904997 0.08910065242)
(7 0.04539904997 0.08910065242)
(7.2 0.04539904997 0.08910065242)
(7.4 0.04539904997 0.08910065242)
(7.6 0.04539904997 0.08910065242)
(7.8 0.04539904997 0.08910065242)
(8 0.04539904997 0.08910065242)
(8.2 0.04539904997 0.08910065242)
(8.4 0.04539904997 0.08910065242)
(8.6 0.04539904997 0.08910065242)
(8.8 0.04539904997 0.08910065242)
(9 0.04539904997 0.08910065242)
(9.2 0.04539904997 0.08910065242)
(9.4 0.04539904997 0.08910065242)
(9.6 0.04539904997 0.08910065242)
(9.8 0.04539904997 0.08910065242)
(10 0.04539904997 0.08910065242)
(0 0.07071067812 0.07071067812)
(0.2 0.07071067812 0.07071067812)
(0.4 0.07071067812 0.07071067812)
(0.6 0.07071067812 0.07071067812)
(0.8 0.07071067812 0.07071067812)
(1 0.07071067812 0.07071067812)
(1.2 0.07071067812 0.07071067812)
(1.4 0.07071067812 0.07071067812)
(1.6 0.07071067812 0.07071067812)
(1.8 0.07071067812 0.07071067812)
(2 0.07071067812 0.07071067812)
(2.2 0.07071067812 0.07071067812)
(2.4 0.07071067812 0.07071067812)
(2.6 0.07071067812 0.07071067812)
(2.8 0.07071067812 0.07071067812)
(3 0.07071067812 0.07071067812)
(3.2 0.07071067812 0.07071067812)
(3.4 0.07071067812 0.07071067812)
(3.6 0.07071067812 0.07071067812)
(3.8 0.07071067812 0.07071067812)
(4 0.07071067812 0.07071067812)
(4.2 0.07071067812 0.07071067812)
(4.4 0.07071067812 0.07071067812)
(4.6 0.07071067812 0.07071067812)
(4.8 0.07071067812 0.07071067812)
(5 0.07071067812 0.07071067812)
(5.2 0.07071067812 0.07071067812)
(5.4 0.07071067812 0.07071067812)
(5.6 0.07071067812 0.07071067812)
(5.8 0.07071067812 0.07071067812)
(6 0.07071067812 0.07071067812)
(6.2 0.07071067812 0.07071067812)
(6.4 0.07071067812 0.07071067812)
(6.6 0.07071067812 0.07071067812)
(6.8 0.07071067812 0.07071067812)
(7 0.07071067812 0.07071067812)
(7.2 0.07071067812 0.07071067812)
(7.4 0.07071067812 0.07071067812)
(7.6 0.07071067812 0.07071067812)
(7.8 0.07071067812 0.07071067812)
(8 0.07071067812 0.07071067812)
(8.2 0.07071067812 0.07071067812)
(8.4 0.07071067812 0.07071067812)
(8.6 0.07071067812 0.07071067812)
(8.8 0.07071067812 0.07071067812)
(9 0.07071067812 0.07071067812)
(9.2 0.07071067812 0.07071067812)
(9.4 0.07071067812 0.07071067812)
(9.6 0.07071067812 0.07071067812)
(9.8 0.07071067812 0.07071067812)
(10 0.07071067812 0.07071067812)
(0 -0.1414213562 0.1414213562)
(0.2 -0.1414213562 0.1414213562)
(0.4 -0.1414213562 0.1414213562)
(0.6 -0.1414213562 0.1414213562)
(0.8 -0.1414213562 0.1414213562)
(1 -0.1414213562 0.1414213562)
(1.2 -0.1414213562 0.1414213562)
(1.4 -0.1414213562 0.1414213562)
(1.6 -0.1414213562 0.1414213562)
(1.8 -0.1414213562 0.1414213562)
(2 -0.1414213562 0.1414213562)
(2.2 -0.1414213562 0.1414213562)
(2.4 -0.1414213562 0.1414213562)
(2.6 -0.1414213562 0.1414213562)
(2.8 -0.1414213562 0.1414213562)
(3 -0.1414213562 0.1414213562)
(3.2 -0.1414213562 0.1414213562)
(3.4 -0.1414213562 0.1414213562)
(3.6 -0.1414213562 0.1414213562)
(3.8 -0.1414213562 0.1414213562)
(4 -0.1414213562 0.1414213562)
(4.2 -0.1414213562 0.1414213562)
(4.4 -0.1414213562 0.1414213562)
(4.6 -0.1414213562 0.1414213562)
(4.8 -0.1414213562 0.1414213562)
(5 -0.1414213562 0.1414213562)
(5.2 -0.1414213562 0.1414213562)
(5.4 -0.1414213562 0.1414213562)
(5.6 -0.1414213562 0.1414213562)
(5.8 -0.1414213562 0.1414213562)
(6 -0.1414213562 0.1414213562)
(6.2 -0.1414213562 0.1414213562)
(6.4 -0.1414213562 0.1414213562)
(6.6 -0.1414213562 0.1414213562)
(6.8 -0.1414213562 0.1414213562)
(7 -0.1414213562 0.1414213562)
(7.2 -0.1414213562 0.1414213562)
(7.4 -0.1414213562 0.1414213562)
(7.6 -0.1414213562 0.1414213562)
(7.8 -0.1414213562 0.1414213562)
(8 -0.1414213562 0.1414213562)
(8.2 -0.1414213562 0.1414213562)
(8.4 -0.1414213562 0.1414213562)
(8.6 -0.1414213562 0.1414213562)
(8.8 -0.1414213562 0.1414213562)
(9 -0.1414213562 0.1414213562)
(9.2 -0.1414213562 0.1414213562)
(9.4 -0.1414213562 0.1414213562)
(9.6 -0.1414213562 0.1414213562)
(9.8 -0.1414213562 0.1414213562)
(10 -0.1414213562 0.1414213562)
(0 -0.09079809995 0.1782013048)
(0.2 -0.09079809995 0.1782013048)
(0.4 -0.09079809995 0.1782013048)
(0.6 -0.09079809995 0.1782013048)
(0.8 -0.09079809995 0.1782013048)
(1 -0.09079809995 0.1782013048)
(1.2 -0.09079809995 0.1782013048)
(1.4 -0.09079809995 0.1782013048)
(1.6 -0.09079809995 0.1782013048)
(1.8 -0.09079809995 0.1782013048)
(2 -0.09079809995 0.1782013048)
(2.2 -0.09079809995 0.1782013048)
(2.4 -0.09079809995 0.1782013048)
(2.6 -0.09079809995 0.1782013048)
(2.8 -0.09079809995 0.1782013048)
(3 -0.09079809995 0.1782013048)
(3.2 -0.09079809995 0.1782013048)
(3.4 -0.09079809995 0.1782013048)
(3.6 -0.09079809995 0.1782013048)
(3.8 -0.09079809995 0.1782013048)
(4 -0.09079809995 0.1782013048)
(4.2 -0.09079809995 0.1782013048)
(4.4 -0.09079809995 0.1782013048)
(4.6 -0.09079809995 0.1782013048)
(4.8 -0.09079809995 0.1782013048)
(5 -0.09079809995 0.1782013048)
(5.2 -0.09079809995 0.1782013048)
(5.4 -0.09079809995 0.1782013048)
(5.6 -0.09079809995 0.1782013048)
(5.8 -0.09079809995 0.1782013048)
(6 -0.09079809995 0.1782013048)
(6.2 -0.09079809995 0.1782013048)
(6.4 -0.09079809995 0.1782013048)
(6.6 -0.09079809995 0.1782013048)
(6.8 -0.09079809995 0.1782013048)
(7 -0.09079809995 0.1782013048)
(7.2 -0.09079809995 0.1782013048)
(7.4 -0.09079809995 0.1782013048)
(7.6 -0.09079809995 0.1782013048)
(7.8 -0.09079809995 0.1782013048)
(8 -0.09079809995 0.1782013048)
(8.2 -0.09079809995 0.1782013048)
(8.4 -0.09079809995 0.1782013048)
(8.6 -0.09079809995 0.1782013048)
(8.8 -0.09079809995 0.1782013048)
(9 -0.09079809995 0.1782013048)
(9.2 -0.09079809995 0.1782013048)
(9.4 -0.09079809995 0.1782013048)
(9.6 -0.09079809995 0.1782013048)
(9.8 -0.09079809995 0.1782013048)
(10 -0.09079809995 0.1782013048)
(0 -0.03128689301 0.1975376681)
(0.2 -0.03128689301 0.1975376681)
(0.4 -0.03128689301 0.1975376681)
(0.6 -0.03128689301 0.1975376681)
(0.8 -0.03128689301 0.1975376681)
(1 -0.03128689301 0.1975376681)
(1.2 -0.03128689301 0.1975376681)
(1.4 -0.03128689301 0.1975376681)
(1.6 -0.03128689301 0.1975376681)
(1.8 -0.03128689301 0.1975376681)
(2 -0.03128689301 0.1975376681)
(2.2 -0.03128689301 0.1975376681)
(2.4 -0.03128689301 0.1975376681)
(2.6 -0.03128689301 0.1975376681)
(2.8 -0.03128689301 0.1975376681)
(3 -0.03128689301 0.1975376681)
(3.2 -0.03128689301 0.1975376681)
(3.4 -0.03128689301 0.1975376681)
(3.6 -0.03128689301 0.1975376681)
(3.8 -0.03128689301 0.1975376681)
(4 -0.03128689301 0.1975376681)
(4.2 -0.03128689301 0.1975376681)
(4.4 -0.03128689301 0.1975376681)
(4.6 -0.03128689301 0.1975376681)
(4.8 -0.03128689301 0.1975376681)
(5 -0.03128689301 0.1975376681)
(5.2 -0.03128689301 0.1975376681)
(5.4 -0.03128689301 0.1975376681)
(5.6 -0.03128689301 0.1975376681)
(5.8 -0.03128689301 0.1975376681)
(6 -0.03128689301 0.1975376681)
(6.2 -0.03128689301 0.1975376681)
(6.4 -0.03128689301 0.1975376681)
(6.6 -0.03128689301 0.1975376681)
(6.8 -0.03128689301 0.1975376681)
(7 -0.03128689301 0.1975376681)
(7.2 -0.03128689301 0.1975376681)
(7.4 -0.03128689301 0.1975376681)
(7.6 -0.03128689301 0.1975376681)
(7.8 -0.03128689301 0.1975376681)
(8 -0.03128689301 0.1975376681)
(8.2 -0.03128689301 0.1975376681)
(8.4 -0.03128689301 0.1975376681)
(8.6 -0.03128689301 0.1975376681)
(8.8 -0.03128689301 0.1975376681)
(9 -0.03128689301 0.1975376681)
(9.2 -0.03128689301 0.1975376681)
(9.4 -0.03128689301 0.1975376681)
(9.6 -0.03128689301 0.1975376681)
(9.8 -0.03128689301 0.1975376681)
(10 -0.03128689301 0.1975376681)
(0 0.03128689301 0.1975376681)
(0.2 0.03128689301 0.1975376681)
(0.4 0.03128689301 0.1975376681)
(0.6 0.03128689301 0.1975376681)
(0.8 0.03128689301 0.1975376681)
(1 0.03128689301 0.1975376681)
(1.2 0.03128689301 0.1975376681)
(1.4 0.03128689301 0.1975376681)
(1.6 0.03128689301 0.1975376681)
(1.8 0.03128689301 0.1975376681)
(2 0.03128689301 0.1975376681)
(2.2 0.03128689301 0.1975376681)
(2.4 0.03128689301 0.1975376681)
(2.6 0.03128689301 0.1975376681)
(2.8 0.03128689301 0.1975376681)
(3 0.03128689301 0.1975376681)
(3.2 0.03128689301 0.1975376681)
(3.4 0.03128689301 0.1975376681)
(3.6 0.03128689301 0.1975376681)
(3.8 0.03128689301 0.1975376681)
(4 0.03128689301 0.1975376681)
(4.2 0.03128689301 0.1975376681)
(4.4 0.03128689301 0.1975376681)
(4.6 0.03128689301 0.1975376681)
(4.8 0.03128689301 0.1975376681)
(5 0.03128689301 0.1975376681)
(5.2 0.03128689301 0.1975376681)
(5.4 0.03128689301 0.1975376681)
(5.6 0.03128689301 0.1975376681)
(5.8 0.03128689301 0.1975376681)
(6 0.03128689301 0.1975376681)
(6.2 0.03128689301 0.1975376681)
(6.4 0.03128689301 0.1975376681)
(6.6 0.03128689301 0.1975376681)
(6.8 0.03128689301 0.1975376681)
(7 0.03128689301 0.1975376681)
(7.2 0.03128689301 0.1975376681)
(7.4 0.03128689301 0.1975376681)
(7.6 0.03128689301 0.1975376681)
(7.8 0.03128689301 0.1975376681)
(8 0.03128689301 0.1975376681)
(8.2 0.03128689301 0.1975376681)
(8.4 0.03128689301 0.1975376681)
(8.6 0.03128689301 0.1975376681)
(8.8 0.03128689301 0.1975376681)
(9 0.03128689301 0.1975376681)
(9.2 0.03128689301 0.1975376681)
(9.4 0.03128689301 0.1975376681)
(9.6 0.03128689301 0.1975376681)
(9.8 0.03128689301 0.1975376681)
(10 0.03128689301 0.1975376681)
(0 0.09079809995 0.1782013048)
(0.2 0.09079809995 0.1782013048)
(0.4 0.09079809995 0.1782013048)
(0.6 0.09079809995 0.1782013048)
(0.8 0.09079809995 0.1782013048)
(1 0.09079809995 0.1782013048)
(1.2 0.09079809995 0.1782013048)
(1.4 0.09079809995 0.1782013048)
(1.6 0.09079809995 0.1782013048)
(1.8 0.09079809995 0.1782013048)
(2 0.09079809995 0.1782013048)
(2.2 0.09079809995 0.1782013048)
(2.4 0.09079809995 0.1782013048)
(2.6 0.09079809995 0.1782013048)
(2.8 0.09079809995 0.1782013048)
(3 0.09079809995 0.1782013048)
(3.2 0.09079809995 0.1782013048)
(3.4 0.09079809995 0.1782013048)
(3.6 0.09079809995 0.1782013048)
(3.8 0.09079809995 0.1782013048)
(4 0.09079809995 0.1782013048)
(4.2 0.09079809995 0.1782013048)
(4.4 0.09079809995 0.1782013048)
(4.6 0.09079809995 0.1782013048)
(4.8 0.09079809995 0.1782013048)
(5 0.09079809995 0.1782013048)
(5.2 0.09079809995 0.1782013048)
(5.4 0.09079809995 0.1782013048)
(5.6 0.09079809995 0.1782013048)
(5.8 0.09079809995 0.1782013048)
(6 0.09079809995 0.1782013048)
(6.2 0.09079809995 0.1782013048)
(6.4 0.09079809995 0.1782013048)
(6.6 0.09079809995 0.1782013048)
(6.8 0.09079809995 0.1782013048)
(7 0.09079809995 0.1782013048)
(7.2 0.09079809995 0.1782013048)
(7.4 0.09079809995 0.1782013048)
(7.6 0.09079809995 0.1782013048)
(7.8 0.09079809995 0.1782013048)
(8 0.09079809995 0.1782013048)
(8.2 0.09079809995 0.1782013048)
(8.4 0.09079809995 0.1782013048)
(8.6 0.09079809995 0.1782013048)
(8.8 0.09079809995 0.1782013048)
(9 0.09079809995 0.1782013048)
(9.2 0.09079809995 0.1782013048)
(9.4 0.09079809995 0.1782013048)
(9.6 0.09079809995 0.1782013048)
(9.8 0.09079809995 0.1782013048)
(10 0.09079809995 0.1782013048)
(0 0.1414213562 0.1414213562)
(0.2 0.1414213562 0.1414213562)
(0.4 0.1414213562 0.1414213562)
(0.6 0.1414213562 0.1414213562)
(0.8 0.1414213562 0.1414213562)
(1 0.1414213562 0.1414213562)
(1.2 0.1414213562 0.1414213562)
(1.4 0.1414213562 0.1414213562)
(1.6 0.1414213562 0.1414213562)
(1.8 0.1414213562 0.1414213562)
(2 0.1414213562 0.1414213562)
(2.2 0.1414213562 0.1414213562)
(2.4 0.1414213562 0.1414213562)
(2.6 0.1414213562 0.1414213562)
(2.8 0.1414213562 0.1414213562)
(3 0.1414213562 0.1414213562)
(3.2 0.1414213562 0.1414213562)
(3.4 0.1414213562 0.1414213562)
(3.6 0.1414213562 0.1414213562)
(3.8 0.1414213562 0.1414213562)
(4 0.1414213562 0.1414213562)
(4.2 0.1414213562 0.1414213562)
(4.4 0.1414213562 0.1414213562)
(4.6 0.1414213562 0.1414213562)
(4.8 0.1414213562 0.1414213562)
(5 0.1414213562 0.1414213562)
(5.2 0.1414213562 0.1414213562)
(5.4 0.1414213562 0.1414213562)
(5.6 0.1414213562 0.1414213562)
(5.8 0.1414213562 0.1414213562)
(6 0.1414213562 0.1414213562)
(6.2 0.1414213562 0.1414213562)
(6.4 0.1414213562 0.1414213562)
(6.6 0.1414213562 0.1414213562)
(6.8 0.1414213562 0.1414213562)
(7 0.1414213562 0.1414213562)
(7.2 0.1414213562 0.1414213562)
(7.4 0.1414213562 0.1414213562)
(7.6 0.1414213562 0.1414213562)
(7.8 0.1414213562 0.1414213562)
(8 0.1414213562 0.1414213562)
(8.2 0.1414213562 0.1414213562)
(8.4 0.1414213562 0.1414213562)
(8.6 0.1414213562 0.1414213562)
(8.8 0.1414213562 0.1414213562)
(9 0.1414213562 0.1414213562)
(9.2 0.1414213562 0.1414213562)
(9.4 0.1414213562 0.1414213562)
(9.6 0.1414213562 0.1414213562)
(9.8 0.1414213562 0.1414213562)
(10 0.1414213562 0.1414213562)
(0 -0.2121320344 0.2121320344)
(0.2 -0.2121320344 0.2121320344)
(0.4 -0.2121320344 0.2121320344)
(0.6 -0.2121320344 0.2121320344)
(0.8 -0.2121320344 0.2121320344)
(1 -0.2121320344 0.2121320344)
(1.2 -0.2121320344 0.2121320344)
(1.4 -0.2121320344 0.2121320344)
(1.6 -0.2121320344 0.2121320344)
(1.8 -0.2121320344 0.2121320344)
(2 -0.2121320344 0.2121320344)
(2.2 -0.2121320344 0.2121320344)
(2.4 -0.2121320344 0.2121320344)
(2.6 -0.2121320344 0.2121320344)
(2.8 -0.2121320344 0.2121320344)
(3 -0.2121320344 0.2121320344)
(3.2 -0.2121320344 0.2121320344)
(3.4 -0.2121320344 0.2121320344)
(3.6 -0.2121320344 0.2121320344)
(3.8 -0.2121320344 0.2121320344)
(4 -0.2121320344 0.2121320344)
(4.2 -0.2121320344 0.2121320344)
(4.4 -0.2121320344 0.2121320344)
(4.6 -0.2121320344 0.2121320344)
(4.8 -0.2121320344 0.2121320344)
(5 -0.2121320344 0.2121320344)
(5.2 -0.2121320344 0.2121320344)
(5.4 -0.2121320344 0.2121320344)
(5.6 -0.2121320344 0.2121320344)
(5.8 -0.2121320344 0.2121320344)
(6 -0.2121320344 0.2121320344)
(6.2 -0.2121320344 0.2121320344)
(6.4 -0.2121320344 0.2121320344)
(6.6 -0.2121320344 0.2121320344)
(6.8 -0.2121320344 0.2121320344)
(7 -0.2121320344 0.2121320344)
(7.2 -0.2121320344 0.2121320344)
(7.4 -0.2121320344 0.2121320344)
(7.6 -0.2121320344 0.2121320344)
(7.8 -0.2121320344 0.2121320344)
(8 -0.2121320344 0.2121320344)
(8.2 -0.2121320344 0.2121320344)
(8.4 -0.2121320344 0.2121320344)
(8.6 -0.2121320344 0.2121320344)
(8.8 -0.2121320344 0.2121320344)
(9 -0.2121320344 0.2121320344)
(9.2 -0.2121320344 0.2121320344)
(9.4 -0.2121320344 0.2121320344)
(9.6 -0.2121320344 0.2121320344)
(9.8 -0.2121320344 0.2121320344)
(10 -0.2121320344 0.2121320344)
(0 -0.1361971499 0.2673019573)
(0.2 -0.1361971499 0.2673019573)
(0.4 -0.1361971499 0.2673019573)
(0.6 -0.1361971499 0.2673019573)
(0.8 -0.1361971499 0.2673019573)
(1 -0.1361971499 0.2673019573)
(1.2 -0.1361971499 0.2673019573)
(1.4 -0.1361971499 0.2673019573)
(1.6 -0.1361971499 0.2673019573)
(1.8 -0.1361971499 0.2673019573)
(2 -0.1361971499 0.2673019573)
(2.2 -0.1361971499 0.2673019573)
(2.4 -0.1361971499 0.2673019573)
(2.6 -0.1361971499 0.2673019573)
(2.8 -0.1361971499 0.2673019573)
(3 -0.1361971499 0.2673019573)
(3.2 -0.1361971499 0.2673019573)
(3.4 -0.1361971499 0.2673019573)
(3.6 -0.1361971499 0.2673019573)
(3.8 -0.1361971499 0.2673019573)
(4 -0.1361971499 0.2673019573)
(4.2 -0.1361971499 0.2673019573)
(4.4 -0.1361971499 0.2673019573)
(4.6 -0.1361971499 0.2673019573)
(4.8 -0.1361971499 0.2673019573)
(5 -0.1361971499 0.2673019573)
(5.2 -0.1361971499 0.2673019573)
(5.4 -0.1361971499 0.2673019573)
(5.6 -0.1361971499 0.2673019573)
(5.8 -0.1361971499 0.2673019573)
(6 -0.1361971499 0.2673019573)
(6.2 -0.1361971499 0.2673019573)
(6.4 -0.1361971499 0.2673019573)
(6.6 -0.1361971499 0.2673019573)
(6.8 -0.1361971499 0.2673019573)
(7 -0.1361971499 0.2673019573)
(7.2 -0.1361971499 0.2673019573)
(7.4 -0.1361971499 0.2673019573)
(7.6 -0.1361971499 0.2673019573)
(7.8 -0.1361971499 0.2673019573)
(8 -0.1361971499 0.2673019573)
(8.2 -0.1361971499 0.2673019573)
(8.4 -0.1361971499 0.2673019573)
(8.6 -0.1361971499 0.2673019573)
(8.8 -0.1361971499 0.2673019573)
(9 -0.1361971499 0.2673019573)
(9.2 -0.1361971499 0.2673019573)
(9.4 -0.1361971499 0.2673019573)
(9.6 -0.1361971499 0.2673019573)
(9.8 -0.1361971499 0.2673019573)
(10 -0.1361971499 0.2673019573)
(0 -0.04693033951 0.2963065022)
(0.2 -0.04693033951 0.2963065022)
(0.4 -0.04693033951 0.2963065022)
(0.6 -0.04693033951 0.2963065022)
(0.8 -0.04693033951 0.2963065022)
(1 -0.04693033951 0.2963065022)
(1.2 -0.04693033951 0.2963065022)
(1.4 -0.04693033951 0.2963065022)
(1.6 -0.04693033951 0.2963065022)
(1.8 -0.04693033951 0.2963065022)
(2 -0.04693033951 0.2963065022)
(2.2 -0.04693033951 0.2963065022)
(2.4 -0.04693033951 0.2963065022)
(2.6 -0.04693033951 0.2963065022)
(2.8 -0.04693033951 0.2963065022)
(3 -0.04693033951 0.2963065022)
(3.2 -0.04693033951 0.2963065022)
(3.4 -0.04693033951 0.2963065022)
(3.6 -0.04693033951 0.2963065022)
(3.8 -0.04693033951 0.2963065022)
(4 -0.04693033951 0.2963065022)
(4.2 -0.04693033951 0.2963065022)
(4.4 -0.04693033951 0.2963065022)
(4.6 -0.04693033951 0.2963065022)
(4.8 -0.04693033951 0.2963065022)
(5 -0.04693033951 0.2963065022)
(5.2 -0.04693033951 0.2963065022)
(5.4 -0.04693033951 0.2963065022)
(5.6 -0.04693033951 0.2963065022)
(5.8 -0.04693033951 0.2963065022)
(6 -0.04693033951 0.2963065022)
(6.2 -0.04693033951 0.2963065022)
(6.4 -0.04693033951 0.2963065022)
(6.6 -0.04693033951 0.2963065022)
(6.8 -0.04693033951 0.2963065022)
(7 -0.04693033951 0.2963065022)
(7.2 -0.04693033951 0.2963065022)
(7.4 -0.04693033951 0.2963065022)
(7.6 -0.04693033951 0.2963065022)
(7.8 -0.04693033951 0.2963065022)
(8 -0.04693033951 0.2963065022)
(8.2 -0.04693033951 0.2963065022)
(8.4 -0.04693033951 0.2963065022)
(8.6 -0.04693033951 0.2963065022)
(8.8 -0.04693033951 0.2963065022)
(9 -0.04693033951 0.2963065022)
(9.2 -0.04693033951 0.2963065022)
(9.4 -0.04693033951 0.2963065022)
(9.6 -0.04693033951 0.2963065022)
(9.8 -0.04693033951 0.2963065022)
(10 -0.04693033951 0.2963065022)
(0 0.04693033951 0.2963065022)
(0.2 0.04693033951 0.2963065022)
(0.4 0.04693033951 0.2963065022)
(0.6 0.04693033951 0.2963065022)
(0.8 0.04693033951 0.2963065022)
(1 0.04693033951 0.2963065022)
(1.2 0.04693033951 0.2963065022)
(1.4 0.04693033951 0.2963065022)
(1.6 0.04693033951 0.2963065022)
(1.8 0.04693033951 0.2963065022)
(2 0.04693033951 0.2963065022)
(2.2 0.04693033951 0.2963065022)
(2.4 0.04693033951 0.2963065022)
(2.6 0.04693033951 0.2963065022)
(2.8 0.04693033951 0.2963065022)
(3 0.04693033951 0.2963065022)
(3.2 0.04693033951 0.2963065022)
(3.4 0.04693033951 0.2963065022)
(3.6 0.04693033951 0.2963065022)
(3.8 0.04693033951 0.2963065022)
(4 0.04693033951 0.2963065022)
(4.2 0.04693033951 0.2963065022)
(4.4 0.04693033951 0.2963065022)
(4.6 0.04693033951 0.2963065022)
(4.8 0.04693033951 0.2963065022)
(5 0.04693033951 0.2963065022)
(5.2 0.04693033951 0.2963065022)
(5.4 0.04693033951 0.2963065022)
(5.6 0.04693033951 0.2963065022)
(5.8 0.04693033951 0.2963065022)
(6 0.04693033951 0.2963065022)
(6.2 0.04693033951 0.2963065022)
(6.4 0.04693033951 0.2963065022)
(6.6 0.04693033951 0.2963065022)
(6.8 0.04693033951 0.2963065022)
(7 0.04693033951 0.2963065022)
(7.2 0.04693033951 0.2963065022)
(7.4 0.04693033951 0.2963065022)
(7.6 0.04693033951 0.2963065022)
(7.8 0.04693033951 0.2963065022)
(8 0.04693033951 0.2963065022)
(8.2 0.04693033951 0.2963065022)
(8.4 0.04693033951 0.2963065022)
(8.6 0.04693033951 0.2963065022)
(8.8 0.04693033951 0.2963065022)
(9 0.04693033951 0.2963065022)
(9.2 0.04693033951 0.2963065022)
(9.4 0.04693033951 0.2963065022)
(9.6 0.04693033951 0.2963065022)
(9.8 0.04693033951 0.2963065022)
(10 0.04693033951 0.2963065022)
(0 0.1361971499 0.2673019573)
(0.2 0.1361971499 0.2673019573)
(0.4 0.1361971499 0.2673019573)
(0.6 0.1361971499 0.2673019573)
(0.8 0.1361971499 0.2673019573)
(1 0.1361971499 0.2673019573)
(1.2 0.1361971499 0.2673019573)
(1.4 0.1361971499 0.2673019573)
(1.6 0.1361971499 0.2673019573)
(1.8 0.1361971499 0.2673019573)
(2 0.1361971499 0.2673019573)
(2.2 0.1361971499 0.2673019573)
(2.4 0.1361971499 0.2673019573)
(2.6 0.1361971499 0.2673019573)
(2.8 0.1361971499 0.2673019573)
(3 0.1361971499 0.2673019573)
(3.2 0.1361971499 0.2673019573)
(3.4 0.1361971499 0.2673019573)
(3.6 0.1361971499 0.2673019573)
(3.8 0.1361971499 0.2673019573)
(4 0.1361971499 0.2673019573)
(4.2 0.1361971499 0.2673019573)
(4.4 0.1361971499 0.2673019573)
(4.6 0.1361971499 0.2673019573)
(4.8 0.1361971499 0.2673019573)
(5 0.1361971499 0.2673019573)
(5.2 0.1361971499 0.2673019573)
(5.4 0.1361971499 0.2673019573)
(5.6 0.1361971499 0.2673019573)
(5.8 0.1361971499 0.2673019573)
(6 0.1361971499 0.2673019573)
(6.2 0.1361971499 0.2673019573)
(6.4 0.1361971499 0.2673019573)
(6.6 0.1361971499 0.2673019573)
(6.8 0.1361971499 0.2673019573)
(7 0.1361971499 0.2673019573)
(7.2 0.1361971499 0.2673019573)
(7.4 0.1361971499 0.2673019573)
(7.6 0.1361971499 0.2673019573)
(7.8 0.1361971499 0.2673019573)
(8 0.1361971499 0.2673019573)
(8.2 0.1361971499 0.2673019573)
(8.4 0.1361971499 0.2673019573)
(8.6 0.1361971499 0.2673019573)
(8.8 0.1361971499 0.2673019573)
(9 0.1361971499 0.2673019573)
(9.2 0.1361971499 0.2673019573)
(9.4 0.1361971499 0.2673019573)
(9.6 0.1361971499 0.2673019573)
(9.8 0.1361971499 0.2673019573)
(10 0.1361971499 0.2673019573)
(0 0.2121320344 0.2121320344)
(0.2 0.2121320344 0.2121320344)
(0.4 0.2121320344 0.2121320344)
(0.6 0.2121320344 0.2121320344)
(0.8 0.2121320344 0.2121320344)
(1 0.2121320344 0.2121320344)
(1.2 0.2121320344 0.2121320344)
(1.4 0.2121320344 0.2121320344)
(1.6 0.2121320344 0.2121320344)
(1.8 0.2121320344 0.2121320344)
(2 0.2121320344 0.2121320344)
(2.2 0.2121320344 0.2121320344)
(2.4 0.2121320344 0.2121320344)
(2.6 0.2121320344 0.2121320344)
(2.8 0.2121320344 0.2121320344)
(3 0.2121320344 0.2121320344)
(3.2 0.2121320344 0.2121320344)
(3.4 0.2121320344 0.2121320344)
(3.6 0.2121320344 0.2121320344)
(3.8 0.2121320344 0.2121320344)
(4 0.2121320344 0.2121320344)
(4.2 0.2121320344 0.2121320344)
(4.4 0.2121320344 0.2121320344)
(4.6 0.2121320344 0.2121320344)
(4.8 0.2121320344 0.2121320344)
(5 0.2121320344 0.2121320344)
(5.2 0.2121320344 0.2121320344)
(5.4 0.2121320344 0.2121320344)
(5.6 0.2121320344 0.2121320344)
(5.8 0.2121320344 0.2121320344)
(6 0.2121320344 0.2121320344)
(6.2 0.2121320344 0.2121320344)
(6.4 0.2121320344 0.2121320344)
(6.6 0.2121320344 0.2121320344)
(6.8 0.2121320344 0.2121320344)
(7 0.2121320344 0.2121320344)
(7.2 0.2121320344 0.2121320344)
(7.4 0.2121320344 0.2121320344)
(7.6 0.2121320344 0.2121320344)
(7.8 0.2121320344 0.2121320344)
(8 0.2121320344 0.2121320344)
(8.2 0.2121320344 0.2121320344)
(8.4 0.2121320344 0.2121320344)
(8.6 0.2121320344 0.2121320344)
(8.8 0.2121320344 0.2121320344)
(9 0.2121320344 0.2121320344)
(9.2 0.2121320344 0.2121320344)
(9.4 0.2121320344 0.2121320344)
(9.6 0.2121320344 0.2121320344)
(9.8 0.2121320344 0.2121320344)
(10 0.2121320344 0.2121320344)
(0 -0.2828427125 0.2828427125)
(0.2 -0.2828427125 0.2828427125)
(0.4 -0.2828427125 0.2828427125)
(0.6 -0.2828427125 0.2828427125)
(0.8 -0.2828427125 0.2828427125)
(1 -0.2828427125 0.2828427125)
(1.2 -0.2828427125 0.2828427125)
(1.4 -0.2828427125 0.2828427125)
(1.6 -0.2828427125 0.2828427125)
(1.8 -0.2828427125 0.2828427125)
(2 -0.2828427125 0.2828427125)
(2.2 -0.2828427125 0.2828427125)
(2.4 -0.2828427125 0.2828427125)
(2.6 -0.2828427125 0.2828427125)
(2.8 -0.2828427125 0.2828427125)
(3 -0.2828427125 0.2828427125)
(3.2 -0.2828427125 0.2828427125)
(3.4 -0.2828427125 0.2828427125)
(3.6 -0.2828427125 0.2828427125)
(3.8 -0.2828427125 0.2828427125)
(4 -0.2828427125 0.2828427125)
(4.2 -0.2828427125 0.2828427125)
(4.4 -0.2828427125 0.2828427125)
(4.6 -0.2828427125 0.2828427125)
(4.8 -0.2828427125 0.2828427125)
(5 -0.2828427125 0.2828427125)
(5.2 -0.2828427125 0.2828427125)
(5.4 -0.2828427125 0.2828427125)
(5.6 -0.2828427125 0.2828427125)
(5.8 -0.2828427125 0.2828427125)
(6 -0.2828427125 0.2828427125)
(6.2 -0.2828427125 0.2828427125)
(6.4 -0.2828427125 0.2828427125)
(6.6 -0.2828427125 0.2828427125)
(6.8 -0.2828427125 0.2828427125)
(7 -0.2828427125 0.2828427125)
(7.2 -0.2828427125 0.2828427125)
(7.4 -0.2828427125 0.2828427125)
(7.6 -0.2828427125 0.2828427125)
(7.8 -0.2828427125 0.2828427125)
(8 -0.2828427125 0.2828427125)
(8.2 -0.2828427125 0.2828427125)
(8.4 -0.2828427125 0.2828427125)
(8.6 -0.2828427125 0.2828427125)
(8.8 -0.2828427125 0.2828427125)
(9 -0.2828427125 0.2828427125)
(9.2 -0.2828427125 0.2828427125)
(9.4 -0.2828427125 0.2828427125)
(9.6 -0.2828427125 0.2828427125)
(9.8 -0.2828427125 0.2828427125)
(10 -0.2828427125 0.2828427125)
(0 -0.1815961999 0.3564026097)
(0.2 -0.1815961999 0.3564026097)
(0.4 -0.1815961999 0.3564026097)
(0.6 -0.1815961999 0.3564026097)
(0.8 -0.1815961999 0.3564026097)
(1 -0.1815961999 0.3564026097)
(1.2 -0.1815961999 0.3564026097)
(1.4 -0.1815961999 0.3564026097)
(1.6 -0.1815961999 0.3564026097)
(1.8 -0.1815961999 0.3564026097)
(2 -0.1815961999 0.3564026097)
(2.2 -0.1815961999 0.3564026097)
(2.4 -0.1815961999 0.3564026097)
(2.6 -0.1815961999 0.3564026097)
(2.8 -0.1815961999 0.3564026097)
(3 -0.1815961999 0.3564026097)
(3.2 -0.1815961999 0.3564026097)
(3.4 -0.1815961999 0.3564026097)
(3.6 -0.1815961999 0.3564026097)
(3.8 -0.1815961999 0.3564026097)
(4 -0.1815961999 0.3564026097)
(4.2 -0.1815961999 0.3564026097)
(4.4 -0.1815961999 0.3564026097)
(4.6 -0.1815961999 0.3564026097)
(4.8 -0.1815961999 0.3564026097)
(5 -0.1815961999 0.3564026097)
(5.2 -0.1815961999 0.3564026097)
(5.4 -0.1815961999 0.3564026097)
(5.6 -0.1815961999 0.3564026097)
(5.8 -0.1815961999 0.3564026097)
(6 -0.1815961999 0.3564026097)
(6.2 -0.1815961999 0.3564026097)
(6.4 -0.1815961999 0.3564026097)
(6.6 -0.1815961999 0.3564026097)
(6.8 -0.1815961999 0.3564026097)
(7 -0.1815961999 0.3564026097)
(7.2 -0.1815961999 0.3564026097)
(7.4 -0.1815961999 0.3564026097)
(7.6 -0.1815961999 0.3564026097)
(7.8 -0.1815961999 0.3564026097)
(8 -0.1815961999 0.3564026097)
(8.2 -0.1815961999 0.3564026097)
(8.4 -0.1815961999 0.3564026097)
(8.6 -0.1815961999 0.3564026097)
(8.8 -0.1815961999 0.3564026097)
(9 -0.1815961999 0.3564026097)
(9.2 -0.1815961999 0.3564026097)
(9.4 -0.1815961999 0.3564026097)
(9.6 -0.1815961999 0.3564026097)
(9.8 -0.1815961999 0.3564026097)
(10 -0.1815961999 0.3564026097)
(0 -0.06257378602 0.3950753362)
(0.2 -0.06257378602 0.3950753362)
(0.4 -0.06257378602 0.3950753362)
(0.6 -0.06257378602 0.3950753362)
(0.8 -0.06257378602 0.3950753362)
(1 -0.06257378602 0.3950753362)
(1.2 -0.06257378602 0.3950753362)
(1.4 -0.06257378602 0.3950753362)
(1.6 -0.06257378602 0.3950753362)
(1.8 -0.06257378602 0.3950753362)
(2 -0.06257378602 0.3950753362)
(2.2 -0.06257378602 0.3950753362)
(2.4 -0.06257378602 0.3950753362)
(2.6 -0.06257378602 0.3950753362)
(2.8 -0.06257378602 0.3950753362)
(3 -0.06257378602 0.3950753362)
(3.2 -0.06257378602 0.3950753362)
(3.4 -0.06257378602 0.3950753362)
(3.6 -0.06257378602 0.3950753362)
(3.8 -0.06257378602 0.3950753362)
(4 -0.06257378602 0.3950753362)
(4.2 -0.06257378602 0.3950753362)
(4.4 -0.06257378602 0.3950753362)
(4.6 -0.06257378602 0.3950753362)
(4.8 -0.06257378602 0.3950753362)
(5 -0.06257378602 0.3950753362)
(5.2 -0.06257378602 0.3950753362)
(5.4 -0.06257378602 0.3950753362)
(5.6 -0.06257378602 0.3950753362)
(5.8 -0.06257378602 0.3950753362)
(6 -0.06257378602 0.3950753362)
(6.2 -0.06257378602 0.3950753362)
(6.4 -0.06257378602 0.3950753362)
(6.6 -0.06257378602 0.3950753362)
(6.8 -0.06257378602 0.3950753362)
(7 -0.06257378602 0.3950753362)
(7.2 -0.06257378602 0.3950753362)
(7.4 -0.06257378602 0.3950753362)
(7.6 -0.06257378602 0.3950753362)
(7.8 -0.06257378602 0.3950753362)
(8 -0.06257378602 0.3950753362)
(8.2 -0.06257378602 0.3950753362)
(8.4 -0.06257378602 0.3950753362)
(8.6 -0.06257378602 0.3950753362)
(8.8 -0.06257378602 0.3950753362)
(9 -0.06257378602 0.3950753362)
(9.2 -0.06257378602 0.3950753362)
(9.4 -0.06257378602 0.3950753362)
(9.6 -0.06257378602 0.3950753362)
(9.8 -0.06257378602 0.3950753362)
(10 -0.06257378602 0.3950753362)
(0 0.06257378602 0.3950753362)
(0.2 0.06257378602 0.3950753362)
(0.4 0.06257378602 0.3950753362)
(0.6 0.06257378602 0.3950753362)
(0.8 0.06257378602 0.3950753362)
(1 0.06257378602 0.3950753362)
(1.2 0.06257378602 0.3950753362)
(1.4 0.06257378602 0.3950753362)
(1.6 0.06257378602 0.3950753362)
(1.8 0.06257378602 0.3950753362)
(2 0.06257378602 0.3950753362)
(2.2 0.06257378602 0.3950753362)
(2.4 0.06257378602 0.3950753362)
(2.6 0.06257378602 0.3950753362)
(2.8 0.06257378602 0.3950753362)
(3 0.06257378602 0.3950753362)
(3.2 0.06257378602 0.3950753362)
(3.4 0.06257378602 0.3950753362)
(3.6 0.06257378602 0.3950753362)
(3.8 0.06257378602 0.3950753362)
(4 0.06257378602 0.3950753362)
(4.2 0.06257378602 0.3950753362)
(4.4 0.06257378602 0.3950753362)
(4.6 0.06257378602 0.3950753362)
(4.8 0.06257378602 0.3950753362)
(5 0.06257378602 0.3950753362)
(5.2 0.06257378602 0.3950753362)
(5.4 0.06257378602 0.3950753362)
(5.6 0.06257378602 0.3950753362)
(5.8 0.06257378602 0.3950753362)
(6 0.06257378602 0.3950753362)
(6.2 0.06257378602 0.3950753362)
(6.4 0.06257378602 0.3950753362)
(6.6 0.06257378602 0.3950753362)
(6.8 0.06257378602 0.3950753362)
(7 0.06257378602 0.3950753362)
(7.2 0.06257378602 0.3950753362)
(7.4 0.06257378602 0.3950753362)
(7.6 0.06257378602 0.3950753362)
(7.8 0.06257378602 0.3950753362)
(8 0.06257378602 0.3950753362)
(8.2 0.06257378602 0.3950753362)
(8.4 0.06257378602 0.3950753362)
(8.6 0.06257378602 0.3950753362)
(8.8 0.06257378602 0.3950753362)
(9 0.06257378602 0.3950753362)
(9.2 0.06257378602 0.3950753362)
(9.4 0.06257378602 0.3950753362)
(9.6 0.06257378602 0.3950753362)
(9.8 0.06257378602 0.3950753362)
(10 0.06257378602 0.3950753362)
(0 0.1815961999 0.3564026097)
(0.2 0.1815961999 0.3564026097)
(0.4 0.1815961999 0.3564026097)
(0.6 0.1815961999 0.3564026097)
(0.8 0.1815961999 0.3564026097)
(1 0.1815961999 0.3564026097)
(1.2 0.1815961999 0.3564026097)
(1.4 0.1815961999 0.3564026097)
(1.6 0.1815961999 0.3564026097)
(1.8 0.1815961999 0.3564026097)
(2 0.1815961999 0.3564026097)
(2.2 0.1815961999 0.3564026097)
(2.4 0.1815961999 0.3564026097)
(2.6 0.1815961999 0.3564026097)
(2.8 0.1815961999 0.3564026097)
(3 0.1815961999 0.3564026097)
(3.2 0.1815961999 0.3564026097)
(3.4 0.1815961999 0.3564026097)
(3.6 0.1815961999 0.3564026097)
(3.8 0.1815961999 0.3564026097)
(4 0.1815961999 0.3564026097)
(4.2 0.1815961999 0.3564026097)
(4.4 0.1815961999 0.3564026097)
(4.6 0.1815961999 0.3564026097)
(4.8 0.1815961999 0.3564026097)
(5 0.1815961999 0.3564026097)
(5.2 0.1815961999 0.3564026097)
(5.4 0.1815961999 0.3564026097)
(5.6 0.1815961999 0.3564026097)
(5.8 0.1815961999 0.3564026097)
(6 0.1815961999 0.3564026097)
(6.2 0.1815961999 0.3564026097)
(6.4 0.1815961999 0.3564026097)
(6.6 0.1815961999 0.3564026097)
(6.8 0.1815961999 0.3564026097)
(7 0.1815961999 0.3564026097)
(7.2 0.1815961999 0.3564026097)
(7.4 0.1815961999 0.3564026097)
(7.6 0.1815961999 0.3564026097)
(7.8 0.1815961999 0.3564026097)
(8 0.1815961999 0.3564026097)
(8.2 0.1815961999 0.3564026097)
(8.4 0.1815961999 0.3564026097)
(8.6 0.1815961999 0.3564026097)
(8.8 0.1815961999 0.3564026097)
(9 0.1815961999 0.3564026097)
(9.2 0.1815961999 0.3564026097)
(9.4 0.1815961999 0.3564026097)
(9.6 0.1815961999 0.3564026097)
(9.8 0.1815961999 0.3564026097)
(10 0.1815961999 0.3564026097)
(0 0.2828427125 0.2828427125)
(0.2 0.2828427125 0.2828427125)
(0.4 0.2828427125 0.2828427125)
(0.6 0.2828427125 0.2828427125)
(0.8 0.2828427125 0.2828427125)
(1 0.2828427125 0.2828427125)
(1.2 0.2828427125 0.2828427125)
(1.4 0.2828427125 0.2828427125)
(1.6 0.2828427125 0.2828427125)
(1.8 0.2828427125 0.2828427125)
(2 0.2828427125 0.2828427125)
(2.2 0.2828427125 0.2828427125)
(2.4 0.2828427125 0.2828427125)
(2.6 0.2828427125 0.2828427125)
(2.8 0.2828427125 0.2828427125)
(3 0.2828427125 0.2828427125)
(3.2 0.2828427125 0.2828427125)
(3.4 0.2828427125 0.2828427125)
(3.6 0.2828427125 0.2828427125)
(3.8 0.2828427125 0.2828427125)
(4 0.2828427125 0.2828427125)
(4.2 0.2828427125 0.2828427125)
(4.4 0.2828427125 0.2828427125)
(4.6 0.2828427125 0.2828427125)
(4.8 0.2828427125 0.2828427125)
(5 0.2828427125 0.2828427125)
(5.2 0.2828427125 0.2828427125)
(5.4 0.2828427125 0.2828427125)
(5.6 0.2828427125 0.2828427125)
(5.8 0.2828427125 0.2828427125)
(6 0.2828427125 0.2828427125)
(6.2 0.2828427125 0.2828427125)
(6.4 0.2828427125 0.2828427125)
(6.6 0.2828427125 0.2828427125)
(6.8 0.2828427125 0.2828427125)
(7 0.2828427125 0.2828427125)
(7.2 0.2828427125 0.2828427125)
(7.4 0.2828427125 0.2828427125)
(7.6 0.2828427125 0.2828427125)
(7.8 0.2828427125 0.2828427125)
(8 0.2828427125 0.2828427125)
(8.2 0.2828427125 0.2828427125)
(8.4 0.2828427125 0.2828427125)
(8.6 0.2828427125 0.2828427125)
(8.8 0.2828427125 0.2828427125)
(9 0.2828427125 0.2828427125)
(9.2 0.2828427125 0.2828427125)
(9.4 0.2828427125 0.2828427125)
(9.6 0.2828427125 0.2828427125)
(9.8 0.2828427125 0.2828427125)
(10 0.2828427125 0.2828427125)
(0 -0.3535533906 0.3535533906)
(0.2 -0.3535533906 0.3535533906)
(0.4 -0.3535533906 0.3535533906)
(0.6 -0.3535533906 0.3535533906)
(0.8 -0.3535533906 0.3535533906)
(1 -0.3535533906 0.3535533906)
(1.2 -0.3535533906 0.3535533906)
(1.4 -0.3535533906 0.3535533906)
(1.6 -0.3535533906 0.3535533906)
(1.8 -0.3535533906 0.3535533906)
(2 -0.3535533906 0.3535533906)
(2.2 -0.3535533906 0.3535533906)
(2.4 -0.3535533906 0.3535533906)
(2.6 -0.3535533906 0.3535533906)
(2.8 -0.3535533906 0.3535533906)
(3 -0.3535533906 0.3535533906)
(3.2 -0.3535533906 0.3535533906)
(3.4 -0.3535533906 0.3535533906)
(3.6 -0.3535533906 0.3535533906)
(3.8 -0.3535533906 0.3535533906)
(4 -0.3535533906 0.3535533906)
(4.2 -0.3535533906 0.3535533906)
(4.4 -0.3535533906 0.3535533906)
(4.6 -0.3535533906 0.3535533906)
(4.8 -0.3535533906 0.3535533906)
(5 -0.3535533906 0.3535533906)
(5.2 -0.3535533906 0.3535533906)
(5.4 -0.3535533906 0.3535533906)
(5.6 -0.3535533906 0.3535533906)
(5.8 -0.3535533906 0.3535533906)
(6 -0.3535533906 0.3535533906)
(6.2 -0.3535533906 0.3535533906)
(6.4 -0.3535533906 0.3535533906)
(6.6 -0.3535533906 0.3535533906)
(6.8 -0.3535533906 0.3535533906)
(7 -0.3535533906 0.3535533906)
(7.2 -0.3535533906 0.3535533906)
(7.4 -0.3535533906 0.3535533906)
(7.6 -0.3535533906 0.3535533906)
(7.8 -0.3535533906 0.3535533906)
(8 -0.3535533906 0.3535533906)
(8.2 -0.3535533906 0.3535533906)
(8.4 -0.3535533906 0.3535533906)
(8.6 -0.3535533906 0.3535533906)
(8.8 -0.3535533906 0.3535533906)
(9 -0.3535533906 0.3535533906)
(9.2 -0.3535533906 0.3535533906)
(9.4 -0.3535533906 0.3535533906)
(9.6 -0.3535533906 0.3535533906)
(9.8 -0.3535533906 0.3535533906)
(10 -0.3535533906 0.3535533906)
(0 -0.2269952499 0.4455032621)
(0.2 -0.2269952499 0.4455032621)
(0.4 -0.2269952499 0.4455032621)
(0.6 -0.2269952499 0.4455032621)
(0.8 -0.2269952499 0.4455032621)
(1 -0.2269952499 0.4455032621)
(1.2 -0.2269952499 0.4455032621)
(1.4 -0.2269952499 0.4455032621)
(1.6 -0.2269952499 0.4455032621)
(1.8 -0.2269952499 0.4455032621)
(2 -0.2269952499 0.4455032621)
(2.2 -0.2269952499 0.4455032621)
(2.4 -0.2269952499 0.4455032621)
(2.6 -0.2269952499 0.4455032621)
(2.8 -0.2269952499 0.4455032621)
(3 -0.2269952499 0.4455032621)
(3.2 -0.2269952499 0.4455032621)
(3.4 -0.2269952499 0.4455032621)
(3.6 -0.2269952499 0.4455032621)
(3.8 -0.2269952499 0.4455032621)
(4 -0.2269952499 0.4455032621)
(4.2 -0.2269952499 0.4455032621)
(4.4 -0.2269952499 0.4455032621)
(4.6 -0.2269952499 0.4455032621)
(4.8 -0.2269952499 0.4455032621)
(5 -0.2269952499 0.4455032621)
(5.2 -0.2269952499 0.4455032621)
(5.4 -0.2269952499 0.4455032621)
(5.6 -0.2269952499 0.4455032621)
(5.8 -0.2269952499 0.4455032621)
(6 -0.2269952499 0.4455032621)
(6.2 -0.2269952499 0.4455032621)
(6.4 -0.2269952499 0.4455032621)
(6.6 -0.2269952499 0.4455032621)
(6.8 -0.2269952499 0.4455032621)
(7 -0.2269952499 0.4455032621)
(7.2 -0.2269952499 0.4455032621)
(7.4 -0.2269952499 0.4455032621)
(7.6 -0.2269952499 0.4455032621)
(7.8 -0.2269952499 0.4455032621)
(8 -0.2269952499 0.4455032621)
(8.2 -0.2269952499 0.4455032621)
(8.4 -0.2269952499 0.4455032621)
(8.6 -0.2269952499 0.4455032621)
(8.8 -0.2269952499 0.4455032621)
(9 -0.2269952499 0.4455032621)
(9.2 -0.2269952499 0.4455032621)
(9.4 -0.2269952499 0.4455032621)
(9.6 -0.2269952499 0.4455032621)
(9.8 -0.2269952499 0.4455032621)
(10 -0.2269952499 0.4455032621)
(0 -0.07821723252 0.4938441703)
(0.2 -0.07821723252 0.4938441703)
(0.4 -0.07821723252 0.4938441703)
(0.6 -0.07821723252 0.4938441703)
(0.8 -0.07821723252 0.4938441703)
(1 -0.07821723252 0.4938441703)
(1.2 -0.07821723252 0.4938441703)
(1.4 -0.07821723252 0.4938441703)
(1.6 -0.07821723252 0.4938441703)
(1.8 -0.07821723252 0.4938441703)
(2 -0.07821723252 0.4938441703)
(2.2 -0.07821723252 0.4938441703)
(2.4 -0.07821723252 0.4938441703)
(2.6 -0.07821723252 0.4938441703)
(2.8 -0.07821723252 0.4938441703)
(3 -0.07821723252 0.4938441703)
(3.2 -0.07821723252 0.4938441703)
(3.4 -0.07821723252 0.4938441703)
(3.6 -0.07821723252 0.4938441703)
(3.8 -0.07821723252 0.4938441703)
(4 -0.07821723252 0.4938441703)
(4.2 -0.07821723252 0.4938441703)
(4.4 -0.07821723252 0.4938441703)
(4.6 -0.07821723252 0.4938441703)
(4.8 -0.07821723252 0.4938441703)
(5 -0.07821723252 0.4938441703)
(5.2 -0.07821723252 0.4938441703)
(5.4 -0.07821723252 0.4938441703)
(5.6 -0.07821723252 0.4938441703)
(5.8 -0.07821723252 0.4938441703)
(6 -0.07821723252 0.4938441703)
(6.2 -0.07821723252 0.4938441703)
(6.4 -0.07821723252 0.4938441703)
(6.6 -0.07821723252 0.4938441703)
(6.8 -0.07821723252 0.4938441703)
(7 -0.07821723252 0.4938441703)
(7.2 -0.07821723252 0.4938441703)
(7.4 -0.07821723252 0.4938441703)
(7.6 -0.07821723252 0.4938441703)
(7.8 -0.07821723252 0.4938441703)
(8 -0.07821723252 0.4938441703)
(8.2 -0.07821723252 0.4938441703)
(8.4 -0.07821723252 0.4938441703)
(8.6 -0.07821723252 0.4938441703)
(8.8 -0.07821723252 0.4938441703)
(9 -0.07821723252 0.4938441703)
(9.2 -0.07821723252 0.4938441703)
(9.4 -0.07821723252 0.4938441703)
(9.6 -0.07821723252 0.4938441703)
(9.8 -0.07821723252 0.4938441703)
(10 -0.07821723252 0.4938441703)
(0 0.07821723252 0.4938441703)
(0.2 0.07821723252 0.4938441703)
(0.4 0.07821723252 0.4938441703)
(0.6 0.07821723252 0.4938441703)
(0.8 0.07821723252 0.4938441703)
(1 0.07821723252 0.4938441703)
(1.2 0.07821723252 0.4938441703)
(1.4 0.07821723252 0.4938441703)
(1.6 0.07821723252 0.4938441703)
(1.8 0.07821723252 0.4938441703)
(2 0.07821723252 0.4938441703)
(2.2 0.07821723252 0.4938441703)
(2.4 0.07821723252 0.4938441703)
(2.6 0.07821723252 0.4938441703)
(2.8 0.07821723252 0.4938441703)
(3 0.07821723252 0.4938441703)
(3.2 0.07821723252 0.4938441703)
(3.4 0.07821723252 0.4938441703)
(3.6 0.07821723252 0.4938441703)
(3.8 0.07821723252 0.4938441703)
(4 0.07821723252 0.4938441703)
(4.2 0.07821723252 0.4938441703)
(4.4 0.07821723252 0.4938441703)
(4.6 0.07821723252 0.4938441703)
(4.8 0.07821723252 0.4938441703)
(5 0.07821723252 0.4938441703)
(5.2 0.07821723252 0.4938441703)
(5.4 0.07821723252 0.4938441703)
(5.6 0.07821723252 0.4938441703)
(5.8 0.07821723252 0.4938441703)
(6 0.07821723252 0.4938441703)
(6.2 0.07821723252 0.4938441703)
(6.4 0.07821723252 0.4938441703)
(6.6 0.07821723252 0.4938441703)
(6.8 0.07821723252 0.4938441703)
(7 0.07821723252 0.4938441703)
(7.2 0.07821723252 0.4938441703)
(7.4 0.07821723252 0.4938441703)
(7.6 0.07821723252 0.4938441703)
(7.8 0.07821723252 0.4938441703)
(8 0.07821723252 0.4938441703)
(8.2 0.07821723252 0.4938441703)
(8.4 0.07821723252 0.4938441703)
(8.6 0.07821723252 0.4938441703)
(8.8 0.07821723252 0.4938441703)
(9 0.07821723252 0.4938441703)
(9.2 0.07821723252 0.4938441703)
(9.4 0.07821723252 0.4938441703)
(9.6 0.07821723252 0.4938441703)
(9.8 0.07821723252 0.4938441703)
(10 0.07821723252 0.4938441703)
(0 0.2269952499 0.4455032621)
(0.2 0.2269952499 0.4455032621)
(0.4 0.2269952499 0.4455032621)
(0.6 0.2269952499 0.4455032621)
(0.8 0.2269952499 0.4455032621)
(1 0.2269952499 0.4455032621)
(1.2 0.2269952499 0.4455032621)
(1.4 0.2269952499 0.4455032621)
(1.6 0.2269952499 0.4455032621)
(1.8 0.2269952499 0.4455032621)
(2 0.2269952499 0.4455032621)
(2.2 0.2269952499 0.4455032621)
(2.4 0.2269952499 0.4455032621)
(2.6 0.2269952499 0.4455032621)
(2.8 0.2269952499 0.4455032621)
(3 0.2269952499 0.4455032621)
(3.2 0.2269952499 0.4455032621)
(3.4 0.2269952499 0.4455032621)
(3.6 0.2269952499 0.4455032621)
(3.8 0.2269952499 0.4455032621)
(4 0.2269952499 0.4455032621)
(4.2 0.2269952499 0.4455032621)
(4.4 0.2269952499 0.4455032621)
(4.6 0.2269952499 0.4455032621)
(4.8 0.2269952499 0.4455032621)
(5 0.2269952499 0.4455032621)
(5.2 0.2269952499 0.4455032621)
(5.4 0.2269952499 0.4455032621)
(5.6 0.2269952499 0.4455032621)
(5.8 0.2269952499 0.4455032621)
(6 0.2269952499 0.4455032621)
(6.2 0.2269952499 0.4455032621)
(6.4 0.2269952499 0.4455032621)
(6.6 0.2269952499 0.4455032621)
(6.8 0.2269952499 0.4455032621)
(7 0.2269952499 0.4455032621)
(7.2 0.2269952499 0.4455032621)
(7.4 0.2269952499 0.4455032621)
(7.6 0.2269952499 0.4455032621)
(7.8 0.2269952499 0.4455032621)
(8 0.2269952499 0.4455032621)
(8.2 0.2269952499 0.4455032621)
(8.4 0.2269952499 0.4455032621)
(8.6 0.2269952499 0.4455032621)
(8.8 0.2269952499 0.4455032621)
(9 0.2269952499 0.4455032621)
(9.2 0.2269952499 0.4455032621)
(9.4 0.2269952499 0.4455032621)
(9.6 0.2269952499 0.4455032621)
(9.8 0.2269952499 0.4455032621)
(10 0.2269952499 0.4455032621)
(0 0.3535533906 0.3535533906)
(0.2 0.3535533906 0.3535533906)
(0.4 0.3535533906 0.3535533906)
(0.6 0.3535533906 0.3535533906)
(0.8 0.3535533906 0.3535533906)
(1 0.3535533906 0.3535533906)
(1.2 0.3535533906 0.3535533906)
(1.4 0.3535533906 0.3535533906)
(1.6 0.3535533906 0.3535533906)
(1.8 0.3535533906 0.3535533906)
(2 0.3535533906 0.3535533906)
(2.2 0.3535533906 0.3535533906)
(2.4 0.3535533906 0.3535533906)
(2.6 0.3535533906 0.3535533906)
(2.8 0.3535533906 0.3535533906)
(3 0.3535533906 0.3535533906)
(3.2 0.3535533906 0.3535533906)
(3.4 0.3535533906 0.3535533906)
(3.6 0.3535533906 0.3535533906)
(3.8 0.3535533906 0.3535533906)
(4 0.3535533906 0.3535533906)
(4.2 0.3535533906 0.3535533906)
(4.4 0.3535533906 0.3535533906)
(4.6 0.3535533906 0.3535533906)
(4.8 0.3535533906 0.3535533906)
(5 0.3535533906 0.3535533906)
(5.2 0.3535533906 0.3535533906)
(5.4 0.3535533906 0.3535533906)
(5.6 0.3535533906 0.3535533906)
(5.8 0.3535533906 0.3535533906)
(6 0.3535533906 0.3535533906)
(6.2 0.3535533906 0.3535533906)
(6.4 0.3535533906 0.3535533906)
(6.6 0.3535533906 0.3535533906)
(6.8 0.3535533906 0.3535533906)
(7 0.3535533906 0.3535533906)
(7.2 0.3535533906 0.3535533906)
(7.4 0.3535533906 0.3535533906)
(7.6 0.3535533906 0.3535533906)
(7.8 0.3535533906 0.3535533906)
(8 0.3535533906 0.3535533906)
(8.2 0.3535533906 0.3535533906)
(8.4 0.3535533906 0.3535533906)
(8.6 0.3535533906 0.3535533906)
(8.8 0.3535533906 0.3535533906)
(9 0.3535533906 0.3535533906)
(9.2 0.3535533906 0.3535533906)
(9.4 0.3535533906 0.3535533906)
(9.6 0.3535533906 0.3535533906)
(9.8 0.3535533906 0.3535533906)
(10 0.3535533906 0.3535533906)
)


// ************************************************************************* //
