/*--------------------------------*- C++ -*----------------------------------*\
| =========                 |                                                 |
| \\      /  F ield         | OpenFOAM: The Open Source CFD Toolbox           |
|  \\    /   O peration     | Version:  2406                                  |
|   \\  /    A nd           | Website:  www.openfoam.com                      |
|    \\/     M anipulation  |                                                 |
\*---------------------------------------------------------------------------*/
FoamFile
{
    version     2.0;
    format      ascii;
    arch        "LSB;label=32;scalar=64";
    class       faceList;
    location    "constant/polyMesh";
    object      faces;
}
// * * * * * * * * * * * * * * * * * * * * * * * * * * * * * * * * * * * * * //


666
(
4(1 12 199 188)
4(11 198 199 12)
4(2 13 200 189)
4(12 199 200 13)
4(3 14 201 190)
4(13 200 201 14)
4(4 15 202 191)
4(14 201 202 15)
4(5 16 203 192)
4(15 202 203 16)
4(6 17 204 193)
4(16 203 204 17)
4(7 18 205 194)
4(17 204 205 18)
4(8 19 206 195)
4(18 205 206 19)
4(9 20 207 196)
4(19 206 207 20)
4(20 207 208 21)
4(12 23 210 199)
4(22 209 210 23)
4(13 24 211 200)
4(23 210 211 24)
4(14 25 212 201)
4(24 211 212 25)
4(15 26 213 202)
4(25 212 213 26)
4(16 27 214 203)
4(26 213 214 27)
4(17 28 215 204)
4(27 214 215 28)
4(18 29 216 205)
4(28 215 216 29)
4(19 30 217 206)
4(29 216 217 30)
4(20 31 218 207)
4(30 217 218 31)
4(31 218 219 32)
4(23 34 221 210)
4(33 220 221 34)
4(24 35 222 211)
4(34 221 222 35)
4(25 36 223 212)
4(35 222 223 36)
4(26 37 224 213)
4(36 223 224 37)
4(27 38 225 214)
4(37 224 225 38)
4(28 39 226 215)
4(38 225 226 39)
4(29 40 227 216)
4(39 226 227 40)
4(30 41 228 217)
4(40 227 228 41)
4(31 42 229 218)
4(41 228 229 42)
4(42 229 230 43)
4(34 45 232 221)
4(44 231 232 45)
4(35 46 233 222)
4(45 232 233 46)
4(36 47 234 223)
4(46 233 234 47)
4(37 48 235 224)
4(47 234 235 48)
4(38 49 236 225)
4(48 235 236 49)
4(39 50 237 226)
4(49 236 237 50)
4(40 51 238 227)
4(50 237 238 51)
4(41 52 239 228)
4(51 238 239 52)
4(42 53 240 229)
4(52 239 240 53)
4(53 240 241 54)
4(45 56 243 232)
4(55 242 243 56)
4(46 57 244 233)
4(56 243 244 57)
4(47 58 245 234)
4(57 244 245 58)
4(48 59 246 235)
4(58 245 246 59)
4(49 60 247 236)
4(59 246 247 60)
4(50 61 248 237)
4(60 247 248 61)
4(51 62 249 238)
4(61 248 249 62)
4(52 63 250 239)
4(62 249 250 63)
4(53 64 251 240)
4(63 250 251 64)
4(64 251 252 65)
4(56 67 254 243)
4(66 253 254 67)
4(57 68 255 244)
4(67 254 255 68)
4(58 69 256 245)
4(68 255 256 69)
4(59 70 257 246)
4(69 256 257 70)
4(60 71 258 247)
4(70 257 258 71)
4(61 72 259 248)
4(71 258 259 72)
4(62 73 260 249)
4(72 259 260 73)
4(63 74 261 250)
4(73 260 261 74)
4(64 75 262 251)
4(74 261 262 75)
4(75 262 263 76)
4(67 78 265 254)
4(77 264 265 78)
4(68 79 266 255)
4(78 265 266 79)
4(69 80 267 256)
4(79 266 267 80)
4(70 81 268 257)
4(80 267 268 81)
4(71 82 269 258)
4(81 268 269 82)
4(72 83 270 259)
4(82 269 270 83)
4(73 84 271 260)
4(83 270 271 84)
4(74 85 272 261)
4(84 271 272 85)
4(75 86 273 262)
4(85 272 273 86)
4(86 273 274 87)
4(78 89 276 265)
4(88 275 276 89)
4(79 90 277 266)
4(89 276 277 90)
4(80 91 278 267)
4(90 277 278 91)
4(81 92 279 268)
4(91 278 279 92)
4(82 93 280 269)
4(92 279 280 93)
4(83 94 281 270)
4(93 280 281 94)
4(84 95 282 271)
4(94 281 282 95)
4(85 96 283 272)
4(95 282 283 96)
4(86 97 284 273)
4(96 283 284 97)
4(97 284 285 98)
4(89 100 287 276)
4(99 286 287 100)
4(90 101 288 277)
4(100 287 288 101)
4(91 102 289 278)
4(101 288 289 102)
4(92 103 290 279)
4(102 289 290 103)
4(93 104 291 280)
4(103 290 291 104)
4(94 105 292 281)
4(104 291 292 105)
4(95 106 293 282)
4(105 292 293 106)
4(96 107 294 283)
4(106 293 294 107)
4(97 108 295 284)
4(107 294 295 108)
4(108 295 296 109)
4(100 111 298 287)
4(110 297 298 111)
4(101 112 299 288)
4(111 298 299 112)
4(102 113 300 289)
4(112 299 300 113)
4(103 114 301 290)
4(113 300 301 114)
4(104 115 302 291)
4(114 301 302 115)
4(105 116 303 292)
4(115 302 303 116)
4(106 117 304 293)
4(116 303 304 117)
4(107 118 305 294)
4(117 304 305 118)
4(108 119 306 295)
4(118 305 306 119)
4(119 306 307 120)
4(111 122 309 298)
4(121 308 309 122)
4(112 123 310 299)
4(122 309 310 123)
4(113 124 311 300)
4(123 310 311 124)
4(114 125 312 301)
4(124 311 312 125)
4(115 126 313 302)
4(125 312 313 126)
4(116 127 314 303)
4(126 313 314 127)
4(117 128 315 304)
4(127 314 315 128)
4(118 129 316 305)
4(128 315 316 129)
4(119 130 317 306)
4(129 316 317 130)
4(130 317 318 131)
4(122 133 320 309)
4(132 319 320 133)
4(123 134 321 310)
4(133 320 321 134)
4(124 135 322 311)
4(134 321 322 135)
4(125 136 323 312)
4(135 322 323 136)
4(126 137 324 313)
4(136 323 324 137)
4(127 138 325 314)
4(137 324 325 138)
4(128 139 326 315)
4(138 325 326 139)
4(129 140 327 316)
4(139 326 327 140)
4(130 141 328 317)
4(140 327 328 141)
4(141 328 329 142)
4(133 144 331 320)
4(143 330 331 144)
4(134 145 332 321)
4(144 331 332 145)
4(135 146 333 322)
4(145 332 333 146)
4(136 147 334 323)
4(146 333 334 147)
4(137 148 335 324)
4(147 334 335 148)
4(138 149 336 325)
4(148 335 336 149)
4(139 150 337 326)
4(149 336 337 150)
4(140 151 338 327)
4(150 337 338 151)
4(141 152 339 328)
4(151 338 339 152)
4(152 339 340 153)
4(144 155 342 331)
4(154 341 342 155)
4(145 156 343 332)
4(155 342 343 156)
4(146 157 344 333)
4(156 343 344 157)
4(147 158 345 334)
4(157 344 345 158)
4(148 159 346 335)
4(158 345 346 159)
4(149 160 347 336)
4(159 346 347 160)
4(150 161 348 337)
4(160 347 348 161)
4(151 162 349 338)
4(161 348 349 162)
4(152 163 350 339)
4(162 349 350 163)
4(163 350 351 164)
4(155 166 353 342)
4(165 352 353 166)
4(156 167 354 343)
4(166 353 354 167)
4(157 168 355 344)
4(167 354 355 168)
4(158 169 356 345)
4(168 355 356 169)
4(159 170 357 346)
4(169 356 357 170)
4(160 171 358 347)
4(170 357 358 171)
4(161 172 359 348)
4(171 358 359 172)
4(162 173 360 349)
4(172 359 360 173)
4(163 174 361 350)
4(173 360 361 174)
4(174 361 362 175)
4(166 177 364 353)
4(167 178 365 354)
4(168 179 366 355)
4(169 180 367 356)
4(170 181 368 357)
4(171 182 369 358)
4(172 183 370 359)
4(173 184 371 360)
4(174 185 372 361)
4(176 363 364 177)
4(177 364 365 178)
4(178 365 366 179)
4(179 366 367 180)
4(180 367 368 181)
4(181 368 369 182)
4(182 369 370 183)
4(183 370 371 184)
4(184 371 372 185)
4(185 372 373 186)
4(0 187 198 11)
4(11 198 209 22)
4(22 209 220 33)
4(33 220 231 44)
4(44 231 242 55)
4(55 242 253 66)
4(66 253 264 77)
4(77 264 275 88)
4(88 275 286 99)
4(99 286 297 110)
4(110 297 308 121)
4(121 308 319 132)
4(132 319 330 143)
4(143 330 341 154)
4(154 341 352 165)
4(165 352 363 176)
4(10 21 208 197)
4(21 32 219 208)
4(32 43 230 219)
4(43 54 241 230)
4(54 65 252 241)
4(65 76 263 252)
4(76 87 274 263)
4(87 98 285 274)
4(98 109 296 285)
4(109 120 307 296)
4(120 131 318 307)
4(131 142 329 318)
4(142 153 340 329)
4(153 164 351 340)
4(164 175 362 351)
4(175 186 373 362)
4(0 1 188 187)
4(1 2 189 188)
4(2 3 190 189)
4(3 4 191 190)
4(4 5 192 191)
4(5 6 193 192)
4(6 7 194 193)
4(7 8 195 194)
4(8 9 196 195)
4(9 10 197 196)
4(0 11 12 1)
4(11 22 23 12)
4(22 33 34 23)
4(33 44 45 34)
4(44 55 56 45)
4(55 66 67 56)
4(66 77 78 67)
4(77 88 89 78)
4(88 99 100 89)
4(99 110 111 100)
4(110 121 122 111)
4(121 132 133 122)
4(132 143 144 133)
4(143 154 155 144)
4(154 165 166 155)
4(165 176 177 166)
4(1 12 13 2)
4(12 23 24 13)
4(23 34 35 24)
4(34 45 46 35)
4(45 56 57 46)
4(56 67 68 57)
4(67 78 79 68)
4(78 89 90 79)
4(89 100 101 90)
4(100 111 112 101)
4(111 122 123 112)
4(122 133 134 123)
4(133 144 145 134)
4(144 155 156 145)
4(155 166 167 156)
4(166 177 178 167)
4(2 13 14 3)
4(13 24 25 14)
4(24 35 36 25)
4(35 46 47 36)
4(46 57 58 47)
4(57 68 69 58)
4(68 79 80 69)
4(79 90 91 80)
4(90 101 102 91)
4(101 112 113 102)
4(112 123 124 113)
4(123 134 135 124)
4(134 145 146 135)
4(145 156 157 146)
4(156 167 168 157)
4(167 178 179 168)
4(3 14 15 4)
4(14 25 26 15)
4(25 36 37 26)
4(36 47 48 37)
4(47 58 59 48)
4(58 69 70 59)
4(69 80 81 70)
4(80 91 92 81)
4(91 102 103 92)
4(102 113 114 103)
4(113 124 125 114)
4(124 135 136 125)
4(135 146 147 136)
4(146 157 158 147)
4(157 168 169 158)
4(168 179 180 169)
4(4 15 16 5)
4(15 26 27 16)
4(26 37 38 27)
4(37 48 49 38)
4(48 59 60 49)
4(59 70 71 60)
4(70 81 82 71)
4(81 92 93 82)
4(92 103 104 93)
4(103 114 115 104)
4(114 125 126 115)
4(125 136 137 126)
4(136 147 148 137)
4(147 158 159 148)
4(158 169 170 159)
4(169 180 181 170)
4(5 16 17 6)
4(16 27 28 17)
4(27 38 39 28)
4(38 49 50 39)
4(49 60 61 50)
4(60 71 72 61)
4(71 82 83 72)
4(82 93 94 83)
4(93 104 105 94)
4(104 115 116 105)
4(115 126 127 116)
4(126 137 138 127)
4(137 148 149 138)
4(148 159 160 149)
4(159 170 171 160)
4(170 181 182 171)
4(6 17 18 7)
4(17 28 29 18)
4(28 39 40 29)
4(39 50 51 40)
4(50 61 62 51)
4(61 72 73 62)
4(72 83 84 73)
4(83 94 95 84)
4(94 105 106 95)
4(105 116 117 106)
4(116 127 128 117)
4(127 138 139 128)
4(138 149 150 139)
4(149 160 161 150)
4(160 171 172 161)
4(171 182 183 172)
4(7 18 19 8)
4(18 29 30 19)
4(29 40 41 30)
4(40 51 52 41)
4(51 62 63 52)
4(62 73 74 63)
4(73 84 85 74)
4(84 95 96 85)
4(95 106 107 96)
4(106 117 118 107)
4(117 128 129 118)
4(128 139 140 129)
4(139 150 151 140)
4(150 161 162 151)
4(161 172 173 162)
4(172 183 184 173)
4(8 19 20 9)
4(19 30 31 20)
4(30 41 42 31)
4(41 52 53 42)
4(52 63 64 53)
4(63 74 75 64)
4(74 85 86 75)
4(85 96 97 86)
4(96 107 108 97)
4(107 118 119 108)
4(118 129 130 119)
4(129 140 141 130)
4(140 151 152 141)
4(151 162 163 152)
4(162 173 174 163)
4(173 184 185 174)
4(9 20 21 10)
4(20 31 32 21)
4(31 42 43 32)
4(42 53 54 43)
4(53 64 65 54)
4(64 75 76 65)
4(75 86 87 76)
4(86 97 98 87)
4(97 108 109 98)
4(108 119 120 109)
4(119 130 131 120)
4(130 141 142 131)
4(141 152 153 142)
4(152 163 164 153)
4(163 174 175 164)
4(174 185 186 175)
4(187 188 199 198)
4(198 199 210 209)
4(209 210 221 220)
4(220 221 232 231)
4(231 232 243 242)
4(242 243 254 253)
4(253 254 265 264)
4(264 265 276 275)
4(275 276 287 286)
4(286 287 298 297)
4(297 298 309 308)
4(308 309 320 319)
4(319 320 331 330)
4(330 331 342 341)
4(341 342 353 352)
4(352 353 364 363)
4(188 189 200 199)
4(199 200 211 210)
4(210 211 222 221)
4(221 222 233 232)
4(232 233 244 243)
4(243 244 255 254)
4(254 255 266 265)
4(265 266 277 276)
4(276 277 288 287)
4(287 288 299 298)
4(298 299 310 309)
4(309 310 321 320)
4(320 321 332 331)
4(331 332 343 342)
4(342 343 354 353)
4(353 354 365 364)
4(189 190 201 200)
4(200 201 212 211)
4(211 212 223 222)
4(222 223 234 233)
4(233 234 245 244)
4(244 245 256 255)
4(255 256 267 266)
4(266 267 278 277)
4(277 278 289 288)
4(288 289 300 299)
4(299 300 311 310)
4(310 311 322 321)
4(321 322 333 332)
4(332 333 344 343)
4(343 344 355 354)
4(354 355 366 365)
4(190 191 202 201)
4(201 202 213 212)
4(212 213 224 223)
4(223 224 235 234)
4(234 235 246 245)
4(245 246 257 256)
4(256 257 268 267)
4(267 268 279 278)
4(278 279 290 289)
4(289 290 301 300)
4(300 301 312 311)
4(311 312 323 322)
4(322 323 334 333)
4(333 334 345 344)
4(344 345 356 355)
4(355 356 367 366)
4(191 192 203 202)
4(202 203 214 213)
4(213 214 225 224)
4(224 225 236 235)
4(235 236 247 246)
4(246 247 258 257)
4(257 258 269 268)
4(268 269 280 279)
4(279 280 291 290)
4(290 291 302 301)
4(301 302 313 312)
4(312 313 324 323)
4(323 324 335 334)
4(334 335 346 345)
4(345 346 357 356)
4(356 357 368 367)
4(192 193 204 203)
4(203 204 215 214)
4(214 215 226 225)
4(225 226 237 236)
4(236 237 248 247)
4(247 248 259 258)
4(258 259 270 269)
4(269 270 281 280)
4(280 281 292 291)
4(291 292 303 302)
4(302 303 314 313)
4(313 314 325 324)
4(324 325 336 335)
4(335 336 347 346)
4(346 347 358 357)
4(357 358 369 368)
4(193 194 205 204)
4(204 205 216 215)
4(215 216 227 226)
4(226 227 238 237)
4(237 238 249 248)
4(248 249 260 259)
4(259 260 271 270)
4(270 271 282 281)
4(281 282 293 292)
4(292 293 304 303)
4(303 304 315 314)
4(314 315 326 325)
4(325 326 337 336)
4(336 337 348 347)
4(347 348 359 358)
4(358 359 370 369)
4(194 195 206 205)
4(205 206 217 216)
4(216 217 228 227)
4(227 228 239 238)
4(238 239 250 249)
4(249 250 261 260)
4(260 261 272 271)
4(271 272 283 282)
4(282 283 294 293)
4(293 294 305 304)
4(304 305 316 315)
4(315 316 327 326)
4(326 327 338 337)
4(337 338 349 348)
4(348 349 360 359)
4(359 360 371 370)
4(195 196 207 206)
4(206 207 218 217)
4(217 218 229 228)
4(228 229 240 239)
4(239 240 251 250)
4(250 251 262 261)
4(261 262 273 272)
4(272 273 284 283)
4(283 284 295 294)
4(294 295 306 305)
4(305 306 317 316)
4(316 317 328 327)
4(327 328 339 338)
4(338 339 350 349)
4(349 350 361 360)
4(360 361 372 371)
4(196 197 208 207)
4(207 208 219 218)
4(218 219 230 229)
4(229 230 241 240)
4(240 241 252 251)
4(251 252 263 262)
4(262 263 274 273)
4(273 274 285 284)
4(284 285 296 295)
4(295 296 307 306)
4(306 307 318 317)
4(317 318 329 328)
4(328 329 340 339)
4(339 340 351 350)
4(350 351 362 361)
4(361 362 373 372)
)


// ************************************************************************* //
