/*--------------------------------*- C++ -*----------------------------------*\
| =========                 |                                                 |
| \\      /  F ield         | OpenFOAM: The Open Source CFD Toolbox           |
|  \\    /   O peration     | Version:  2406                                  |
|   \\  /    A nd           | Website:  www.openfoam.com                      |
|    \\/     M anipulation  |                                                 |
\*---------------------------------------------------------------------------*/
FoamFile
{
    version     2.0;
    format      ascii;
    arch        "LSB;label=32;scalar=64";
    class       vectorField;
    location    "constant/polyMesh";
    object      points;
}
// * * * * * * * * * * * * * * * * * * * * * * * * * * * * * * * * * * * * * //


374
(
(0 0 -0.1)
(0.1 0 -0.1)
(0.2 0 -0.1)
(0.3 0 -0.09999999999999998)
(0.4000000000000001 0 -0.1)
(0.5 0 -0.09999999999999999)
(0.6 0 -0.1)
(0.6999999999999998 0 -0.09999999999999999)
(0.8000000000000002 0 -0.1)
(0.9 0 -0.1)
(1 0 -0.1)
(0 0.04960827507699937 -0.09999999999999999)
(0.09999999999999998 0.04960827507699937 -0.09999999999999998)
(0.2 0.04960827507699938 -0.1)
(0.3 0.04960827507699938 -0.09999999999999999)
(0.4 0.04960827507699938 -0.09999999999999999)
(0.5 0.04960827507699938 -0.1)
(0.6 0.04960827507699938 -0.09999999999999999)
(0.7000000000000001 0.04960827507699937 -0.09999999999999999)
(0.8000000000000002 0.04960827507699938 -0.1)
(0.9 0.04960827507699937 -0.09999999999999999)
(1 0.04960827507699937 -0.09999999999999999)
(0 0.1048353608303206 -0.1)
(0.1 0.1048353608303206 -0.1)
(0.2 0.1048353608303206 -0.09999999999999998)
(0.3 0.1048353608303206 -0.1)
(0.4000000000000001 0.1048353608303206 -0.1)
(0.5 0.1048353608303206 -0.09999999999999999)
(0.6 0.1048353608303206 -0.1)
(0.7000000000000001 0.1048353608303206 -0.1)
(0.7999999999999999 0.1048353608303206 -0.09999999999999998)
(0.9 0.1048353608303206 -0.1)
(1 0.1048353608303206 -0.1)
(0 0.1663176638547777 -0.1)
(0.1 0.1663176638547777 -0.1)
(0.2 0.1663176638547776 -0.09999999999999998)
(0.3 0.1663176638547777 -0.09999999999999999)
(0.4000000000000001 0.1663176638547777 -0.1)
(0.5 0.1663176638547777 -0.1)
(0.6 0.1663176638547777 -0.1)
(0.6999999999999998 0.1663176638547777 -0.1)
(0.8000000000000002 0.1663176638547777 -0.09999999999999999)
(0.8999999999999999 0.1663176638547777 -0.09999999999999999)
(1 0.1663176638547777 -0.1)
(0 0.2347636724324409 -0.1)
(0.1 0.2347636724324409 -0.09999999999999999)
(0.2 0.2347636724324409 -0.1)
(0.3 0.2347636724324409 -0.09999999999999999)
(0.4000000000000001 0.2347636724324409 -0.1)
(0.5 0.2347636724324409 -0.09999999999999999)
(0.6 0.2347636724324409 -0.1)
(0.6999999999999998 0.2347636724324409 -0.1)
(0.8000000000000002 0.2347636724324409 -0.1)
(0.9 0.2347636724324409 -0.1)
(1 0.2347636724324409 -0.1)
(0 0.3109621207623602 -0.09999999999999999)
(0.1 0.3109621207623602 -0.1)
(0.2 0.3109621207623602 -0.1)
(0.3 0.3109621207623602 -0.09999999999999999)
(0.4 0.3109621207623602 -0.1)
(0.5 0.3109621207623602 -0.1)
(0.6 0.3109621207623602 -0.09999999999999999)
(0.6999999999999998 0.3109621207623602 -0.1)
(0.7999999999999999 0.3109621207623602 -0.09999999999999999)
(0.9 0.3109621207623603 -0.09999999999999999)
(1 0.3109621207623602 -0.09999999999999999)
(0 0.3957910779001502 -0.1)
(0.1 0.3957910779001503 -0.1)
(0.2 0.3957910779001503 -0.1)
(0.3 0.3957910779001502 -0.1)
(0.4000000000000001 0.3957910779001502 -0.1)
(0.5 0.3957910779001503 -0.09999999999999999)
(0.5999999999999999 0.3957910779001502 -0.1)
(0.7000000000000001 0.3957910779001503 -0.1)
(0.8000000000000002 0.3957910779001503 -0.09999999999999998)
(0.8999999999999999 0.3957910779001502 -0.1)
(1 0.3957910779001502 -0.1)
(0 0.4902280661433809 -0.1)
(0.1 0.4902280661433809 -0.1)
(0.2 0.4902280661433809 -0.1)
(0.3 0.4902280661433809 -0.09999999999999998)
(0.4000000000000001 0.4902280661433809 -0.1)
(0.5 0.4902280661433809 -0.1)
(0.6 0.4902280661433809 -0.1)
(0.7000000000000001 0.490228066143381 -0.09999999999999999)
(0.8000000000000002 0.4902280661433809 -0.1)
(0.9 0.4902280661433809 -0.1)
(1 0.4902280661433809 -0.1)
(0 0.5953613254614903 -0.1)
(0.09999999999999998 0.5953613254614903 -0.09999999999999999)
(0.2 0.5953613254614902 -0.1)
(0.3 0.5953613254614903 -0.09999999999999998)
(0.4000000000000001 0.5953613254614903 -0.1)
(0.5 0.5953613254614903 -0.09999999999999999)
(0.6000000000000001 0.5953613254614903 -0.1)
(0.7000000000000001 0.5953613254614903 -0.09999999999999999)
(0.8000000000000002 0.5953613254614903 -0.1)
(0.9 0.5953613254614903 -0.09999999999999999)
(1 0.5953613254614903 -0.1)
(0 0.7124023537753211 -0.1)
(0.09999999999999999 0.712402353775321 -0.1)
(0.2 0.7124023537753211 -0.1)
(0.3 0.7124023537753211 -0.09999999999999999)
(0.4000000000000001 0.7124023537753211 -0.09999999999999999)
(0.5 0.7124023537753211 -0.09999999999999999)
(0.6 0.7124023537753211 -0.1)
(0.7000000000000001 0.7124023537753211 -0.09999999999999999)
(0.8000000000000002 0.7124023537753211 -0.09999999999999999)
(0.9 0.712402353775321 -0.1)
(1 0.7124023537753211 -0.1)
(0 0.8426998675935705 -0.1)
(0.09999999999999999 0.8426998675935705 -0.09999999999999999)
(0.2 0.8426998675935705 -0.09999999999999999)
(0.3 0.8426998675935704 -0.09999999999999999)
(0.4000000000000001 0.8426998675935704 -0.09999999999999999)
(0.5000000000000001 0.8426998675935705 -0.09999999999999999)
(0.6 0.8426998675935704 -0.1)
(0.7000000000000001 0.8426998675935705 -0.1)
(0.8000000000000002 0.8426998675935704 -0.1)
(0.9 0.8426998675935705 -0.1)
(1 0.8426998675935705 -0.1)
(0 0.9877553438808598 -0.09999999999999999)
(0.09999999999999999 0.9877553438808597 -0.09999999999999999)
(0.2 0.9877553438808598 -0.1)
(0.3 0.9877553438808598 -0.09999999999999999)
(0.4 0.9877553438808601 -0.1)
(0.5 0.9877553438808598 -0.1)
(0.6000000000000001 0.9877553438808598 -0.1)
(0.6999999999999998 0.9877553438808597 -0.09999999999999999)
(0.7999999999999999 0.9877553438808597 -0.09999999999999999)
(0.9000000000000002 0.9877553438808598 -0.09999999999999999)
(1 0.9877553438808598 -0.09999999999999999)
(0 1.149240322253374 -0.09999999999999999)
(0.09999999999999999 1.149240322253374 -0.1)
(0.2 1.149240322253374 -0.1)
(0.3 1.149240322253374 -0.09999999999999999)
(0.4 1.149240322253374 -0.1)
(0.5 1.149240322253374 -0.09999999999999999)
(0.6 1.149240322253374 -0.1)
(0.7000000000000001 1.149240322253374 -0.1)
(0.7999999999999999 1.149240322253374 -0.1)
(0.9 1.149240322253374 -0.1)
(1 1.149240322253374 -0.09999999999999999)
(0 1.329015666883065 -0.09999999999999999)
(0.09999999999999999 1.329015666883065 -0.1)
(0.2 1.329015666883065 -0.09999999999999999)
(0.3 1.329015666883065 -0.09999999999999999)
(0.4 1.329015666883065 -0.09999999999999999)
(0.5 1.329015666883065 -0.09999999999999999)
(0.6 1.329015666883065 -0.1)
(0.7000000000000001 1.329015666883065 -0.1)
(0.7999999999999999 1.329015666883065 -0.09999999999999999)
(0.9 1.329015666883065 -0.1)
(1 1.329015666883065 -0.09999999999999999)
(0 1.529153010074022 -0.1)
(0.1 1.529153010074022 -0.1)
(0.2 1.529153010074022 -0.1)
(0.3 1.529153010074022 -0.1)
(0.4000000000000001 1.529153010074022 -0.1)
(0.5 1.529153010074022 -0.1)
(0.6 1.529153010074022 -0.09999999999999999)
(0.7000000000000001 1.529153010074022 -0.09999999999999999)
(0.8000000000000002 1.529153010074022 -0.1)
(0.9 1.529153010074022 -0.09999999999999999)
(1 1.529153010074022 -0.1)
(0 1.751958624615003 -0.1)
(0.1 1.751958624615003 -0.1)
(0.2 1.751958624615003 -0.09999999999999999)
(0.3 1.751958624615003 -0.1)
(0.4000000000000001 1.751958624615003 -0.1)
(0.5 1.751958624615003 -0.1)
(0.6 1.751958624615003 -0.09999999999999999)
(0.6999999999999998 1.751958624615003 -0.09999999999999999)
(0.8000000000000002 1.751958624615003 -0.09999999999999999)
(0.9 1.751958624615003 -0.1)
(1 1.751958624615003 -0.1)
(0 2 -0.1)
(0.1 2 -0.1)
(0.2 2 -0.1)
(0.3 2 -0.09999999999999999)
(0.4000000000000001 2 -0.1)
(0.5 2 -0.09999999999999999)
(0.6 2 -0.1)
(0.6999999999999998 2 -0.1)
(0.8000000000000002 2 -0.1)
(0.9 2 -0.1)
(1 2 -0.1)
(0 0 0.1)
(0.1 0 0.1)
(0.2 0 0.1)
(0.3 0 0.1)
(0.4000000000000001 0 0.1)
(0.5 0 0.09999999999999999)
(0.6 0 0.1)
(0.6999999999999998 0 0.09999999999999999)
(0.8000000000000002 0 0.1)
(0.9 0 0.1)
(1 0 0.1)
(0 0.04960827507699937 0.09999999999999999)
(0.09999999999999998 0.04960827507699937 0.09999999999999998)
(0.2 0.04960827507699938 0.1)
(0.3 0.04960827507699938 0.1)
(0.4 0.04960827507699938 0.09999999999999999)
(0.5 0.04960827507699938 0.1)
(0.6 0.04960827507699938 0.09999999999999999)
(0.7000000000000001 0.04960827507699937 0.09999999999999999)
(0.8000000000000002 0.04960827507699939 0.1)
(0.9 0.04960827507699937 0.1)
(1 0.04960827507699937 0.09999999999999999)
(0 0.1048353608303206 0.1)
(0.1 0.1048353608303206 0.1)
(0.2 0.1048353608303206 0.09999999999999998)
(0.3 0.1048353608303206 0.1)
(0.4000000000000001 0.1048353608303206 0.1)
(0.5 0.1048353608303206 0.09999999999999999)
(0.6 0.1048353608303206 0.1)
(0.7000000000000001 0.1048353608303206 0.1)
(0.7999999999999999 0.1048353608303206 0.09999999999999998)
(0.9 0.1048353608303206 0.1)
(1 0.1048353608303206 0.1)
(0 0.1663176638547777 0.1)
(0.1 0.1663176638547777 0.09999999999999999)
(0.2 0.1663176638547776 0.09999999999999998)
(0.3 0.1663176638547777 0.09999999999999999)
(0.4000000000000001 0.1663176638547777 0.1)
(0.5 0.1663176638547777 0.1)
(0.6 0.1663176638547777 0.1)
(0.6999999999999998 0.1663176638547777 0.09999999999999998)
(0.8000000000000002 0.1663176638547776 0.09999999999999999)
(0.8999999999999999 0.1663176638547777 0.09999999999999999)
(1 0.1663176638547777 0.1)
(0 0.2347636724324409 0.1)
(0.1 0.2347636724324409 0.09999999999999999)
(0.2 0.2347636724324409 0.1)
(0.3 0.2347636724324409 0.09999999999999999)
(0.4000000000000001 0.2347636724324409 0.1)
(0.5 0.2347636724324409 0.09999999999999999)
(0.6 0.2347636724324409 0.1)
(0.6999999999999998 0.2347636724324409 0.09999999999999999)
(0.8000000000000002 0.2347636724324409 0.1)
(0.9 0.2347636724324409 0.1)
(1 0.2347636724324409 0.1)
(0 0.3109621207623602 0.09999999999999999)
(0.1 0.3109621207623602 0.1)
(0.2 0.3109621207623602 0.1)
(0.3 0.3109621207623602 0.1)
(0.4 0.3109621207623602 0.1)
(0.5 0.3109621207623602 0.1)
(0.6 0.3109621207623602 0.09999999999999999)
(0.6999999999999998 0.3109621207623602 0.1)
(0.7999999999999999 0.3109621207623602 0.09999999999999999)
(0.9 0.3109621207623602 0.09999999999999999)
(1 0.3109621207623602 0.09999999999999999)
(0 0.3957910779001502 0.1)
(0.1 0.3957910779001503 0.1)
(0.2 0.3957910779001503 0.09999999999999999)
(0.3 0.3957910779001502 0.1)
(0.4000000000000001 0.3957910779001502 0.1)
(0.5 0.3957910779001503 0.09999999999999999)
(0.5999999999999999 0.3957910779001502 0.1)
(0.7000000000000001 0.3957910779001503 0.1)
(0.8000000000000002 0.3957910779001503 0.09999999999999998)
(0.8999999999999999 0.3957910779001503 0.1)
(1 0.3957910779001502 0.1)
(0 0.4902280661433809 0.1)
(0.1 0.4902280661433809 0.1)
(0.2 0.4902280661433809 0.1)
(0.3 0.4902280661433809 0.1)
(0.4000000000000001 0.4902280661433809 0.1)
(0.5 0.4902280661433809 0.1)
(0.6 0.4902280661433809 0.1)
(0.7000000000000001 0.490228066143381 0.09999999999999999)
(0.8000000000000002 0.4902280661433809 0.1)
(0.9 0.4902280661433809 0.1)
(1 0.4902280661433809 0.1)
(0 0.5953613254614903 0.1)
(0.09999999999999998 0.5953613254614903 0.09999999999999999)
(0.2 0.5953613254614903 0.1)
(0.3 0.5953613254614903 0.09999999999999999)
(0.4000000000000001 0.5953613254614903 0.1)
(0.5 0.5953613254614903 0.09999999999999999)
(0.6000000000000001 0.5953613254614903 0.1)
(0.7000000000000001 0.5953613254614903 0.09999999999999999)
(0.8000000000000002 0.5953613254614902 0.1)
(0.9 0.5953613254614903 0.1)
(1 0.5953613254614903 0.1)
(0 0.7124023537753211 0.1)
(0.09999999999999999 0.712402353775321 0.1)
(0.2 0.7124023537753211 0.1)
(0.3 0.7124023537753211 0.1)
(0.4000000000000001 0.7124023537753211 0.09999999999999999)
(0.5 0.7124023537753211 0.09999999999999999)
(0.6 0.7124023537753211 0.1)
(0.7000000000000001 0.7124023537753211 0.09999999999999999)
(0.8000000000000002 0.7124023537753211 0.09999999999999999)
(0.9 0.712402353775321 0.1)
(1 0.7124023537753211 0.1)
(0 0.8426998675935705 0.1)
(0.09999999999999999 0.8426998675935704 0.09999999999999999)
(0.2 0.8426998675935705 0.09999999999999999)
(0.3 0.8426998675935704 0.09999999999999999)
(0.4000000000000001 0.8426998675935704 0.09999999999999999)
(0.5000000000000001 0.8426998675935705 0.09999999999999999)
(0.6 0.8426998675935704 0.1)
(0.7000000000000001 0.8426998675935705 0.09999999999999999)
(0.8000000000000002 0.8426998675935705 0.1)
(0.9 0.8426998675935704 0.1)
(1 0.8426998675935705 0.1)
(0 0.9877553438808598 0.09999999999999999)
(0.09999999999999999 0.9877553438808597 0.09999999999999999)
(0.2 0.9877553438808601 0.1)
(0.3 0.9877553438808601 0.09999999999999999)
(0.4 0.9877553438808598 0.1)
(0.5 0.9877553438808598 0.1)
(0.6000000000000001 0.9877553438808598 0.1)
(0.6999999999999998 0.9877553438808597 0.09999999999999999)
(0.7999999999999999 0.9877553438808597 0.09999999999999999)
(0.9000000000000002 0.9877553438808598 0.09999999999999999)
(1 0.9877553438808598 0.09999999999999999)
(0 1.149240322253374 0.09999999999999999)
(0.09999999999999999 1.149240322253374 0.1)
(0.2 1.149240322253374 0.1)
(0.3 1.149240322253374 0.1)
(0.4 1.149240322253374 0.1)
(0.5 1.149240322253374 0.09999999999999999)
(0.6 1.149240322253374 0.1)
(0.7000000000000001 1.149240322253374 0.09999999999999999)
(0.7999999999999999 1.149240322253374 0.1)
(0.9 1.149240322253374 0.1)
(1 1.149240322253374 0.09999999999999999)
(0 1.329015666883065 0.09999999999999999)
(0.09999999999999999 1.329015666883065 0.1)
(0.2 1.329015666883065 0.09999999999999999)
(0.3 1.329015666883065 0.09999999999999999)
(0.4 1.329015666883065 0.09999999999999999)
(0.5 1.329015666883065 0.09999999999999999)
(0.6 1.329015666883065 0.1)
(0.7000000000000001 1.329015666883065 0.09999999999999998)
(0.7999999999999999 1.329015666883065 0.09999999999999999)
(0.9 1.329015666883065 0.1)
(1 1.329015666883065 0.09999999999999999)
(0 1.529153010074022 0.1)
(0.1 1.529153010074022 0.1)
(0.2 1.529153010074022 0.1)
(0.3 1.529153010074022 0.1)
(0.4000000000000001 1.529153010074022 0.1)
(0.5 1.529153010074022 0.1)
(0.6 1.529153010074022 0.09999999999999999)
(0.7000000000000001 1.529153010074022 0.09999999999999998)
(0.8000000000000002 1.529153010074022 0.1)
(0.9 1.529153010074022 0.09999999999999999)
(1 1.529153010074022 0.1)
(0 1.751958624615003 0.1)
(0.1 1.751958624615003 0.1)
(0.2 1.751958624615003 0.09999999999999999)
(0.3 1.751958624615003 0.1)
(0.4000000000000001 1.751958624615003 0.1)
(0.5 1.751958624615003 0.1)
(0.6 1.751958624615003 0.09999999999999999)
(0.6999999999999998 1.751958624615003 0.09999999999999999)
(0.8000000000000002 1.751958624615003 0.09999999999999999)
(0.9 1.751958624615003 0.1)
(1 1.751958624615003 0.1)
(0 2 0.1)
(0.1 2 0.1)
(0.2 2 0.1)
(0.3 2 0.09999999999999999)
(0.4000000000000001 2 0.1)
(0.5 2 0.09999999999999999)
(0.6 2 0.1)
(0.6999999999999998 2 0.09999999999999999)
(0.8000000000000002 2 0.1)
(0.9 2 0.1)
(1 2 0.1)
)


// ************************************************************************* //
