/*--------------------------------*- C++ -*----------------------------------*\
| =========                 |                                                 |
| \\      /  F ield         | OpenFOAM: The Open Source CFD Toolbox           |
|  \\    /   O peration     | Version:  2406                                  |
|   \\  /    A nd           | Website:  www.openfoam.com                      |
|    \\/     M anipulation  |                                                 |
\*---------------------------------------------------------------------------*/
FoamFile
{
    version     2.0;
    format      ascii;
    arch        "LSB;label=32;scalar=64";
    class       cellSet;
    location    "constant/polyMesh/sets";
    object      highAspectRatioCells;
}
// * * * * * * * * * * * * * * * * * * * * * * * * * * * * * * * * * * * * * //


1050
(
12288
0
12289
1
12290
2
3
4
5
6
7
8
9
10
11
12
13
14
15
16
17
18
19
20
21
22
23
24
25
26
27
28
29
30
31
32
33
34
35
36
37
38
39
40
41
42
43
44
45
46
47
10287
48
10288
49
10289
50
10290
12339
51
10291
12340
52
10292
12341
53
10293
12342
54
10294
12343
55
10295
56
10296
57
10297
58
10298
59
10299
60
10300
61
62
63
64
65
66
67
68
69
70
71
72
73
74
75
76
77
78
79
80
81
82
83
84
85
86
87
88
89
90
91
92
93
94
95
96
97
98
99
100
101
102
103
12392
104
12393
105
12394
106
12395
107
12396
108
109
110
111
112
113
114
115
116
117
118
119
120
121
122
123
124
125
126
127
128
10368
129
10369
130
10370
131
10371
132
10372
133
10373
134
10374
135
10375
136
10376
137
10377
138
10378
139
10379
140
10380
141
10381
142
10382
143
144
145
146
147
148
149
150
151
152
153
154
155
12444
156
12445
157
12446
158
12447
159
12448
160
161
162
163
164
165
166
167
168
169
170
171
172
173
174
175
176
177
178
179
180
181
182
183
184
185
186
187
188
189
190
191
192
193
194
195
196
197
198
199
200
201
202
203
204
205
206
12495
207
12496
208
12497
209
10449
12498
210
10450
211
10451
212
10452
213
10453
214
10454
215
10455
216
10456
217
10457
218
10458
219
10459
220
10460
221
10461
222
10462
223
10463
224
10464
225
226
227
228
229
230
231
232
233
234
235
236
237
238
239
240
241
242
243
244
245
246
247
248
249
250
251
252
253
254
255
256
12545
257
12546
258
12547
259
12548
260
261
262
263
264
265
266
267
268
269
270
271
272
273
274
275
276
277
278
279
280
281
282
283
284
285
286
287
288
289
290
10530
291
10531
292
10532
293
10533
294
10534
295
10535
296
10536
297
10537
298
10538
299
10539
10540
301
10541
302
10542
303
10543
304
10544
305
12594
306
12595
307
12596
308
12597
309
310
311
312
313
314
315
316
317
318
319
320
321
322
323
324
328
329
330
331
332
333
334
335
336
337
338
339
340
341
342
343
344
345
346
347
348
349
350
12642
12643
12644
357
358
359
360
361
362
363
364
365
366
367
368
369
370
10610
371
10611
372
10612
373
10613
374
10614
375
10615
376
10616
377
10617
10618
10619
10620
10621
10622
10623
10624
386
387
388
389
390
391
392
393
394
8586
395
396
397
398
399
400
12689
401
12690
402
12691
403
404
405
416
417
418
419
420
421
422
423
424
425
426
427
428
429
430
431
432
433
434
12735
12736
448
449
10689
450
10690
451
10691
452
10692
453
10693
454
10694
455
10695
456
10696
457
10697
458
10698
459
10699
460
10700
461
10701
462
10702
463
10703
464
8667
8668
480
481
482
483
484
485
486
487
488
489
490
491
12780
492
12781
493
494
495
513
514
515
516
517
518
519
520
521
522
523
524
525
526
527
10767
10768
10769
10770
10771
10772
10773
10774
10775
12824
10776
12825
10777
10778
10779
10780
548
549
550
551
552
553
554
555
556
8748
557
8749
558
559
560
12867
583
584
585
586
587
588
589
590
591
592
593
594
10844
10845
10846
10847
10848
10849
10850
10851
10852
10853
10854
10855
10856
10857
620
12909
621
622
623
624
625
626
627
628
629
8829
8830
8831
657
658
659
660
661
12950
662
663
664
665
10920
10921
10922
10923
10924
10925
10926
10927
10928
10929
10930
10931
10932
695
696
697
698
699
700
701
702
8910
8911
8912
8913
735
736
737
738
739
740
10995
10996
10997
10998
10999
11000
11001
11002
11003
11004
11005
11006
11007
775
776
777
778
779
8991
8992
8993
8994
816
817
818
819
11069
11070
11071
11072
11073
11074
11075
11076
11077
11078
11079
11080
11081
859
860
9072
9073
9074
9075
9076
11142
902
11143
11144
11145
11146
11147
11148
11149
11150
11151
11152
11153
9153
9154
9155
9156
9157
11214
11215
11216
11217
11218
11219
11220
11221
11222
11223
11224
11225
9234
9235
9236
11285
9237
11286
9238
11287
9239
11288
11289
11290
11291
11292
11293
11294
11295
11296
11355
11356
11357
11358
11359
11360
11361
11362
11363
9315
11364
9316
11365
9317
9318
9319
9320
9321
11424
11425
11426
11427
11428
11429
11430
11431
11432
11433
11434
9396
9397
9398
9399
9400
9401
9402
11492
11493
11494
11495
11496
11497
11498
11499
11500
11501
9477
9478
9479
9480
9481
9482
9483
9484
11559
11560
11561
11562
11563
11564
11565
11566
11567
11568
9558
9559
9560
9561
9562
9563
9564
9565
9566
11625
11626
11627
11628
11629
11630
11631
11632
11633
11634
9639
9640
9641
11690
9642
11691
9643
11692
9644
11693
9645
11694
9646
11695
9647
11696
11697
11698
11754
11755
11756
11757
11758
11759
11760
11761
11762
9720
9721
9722
9723
9724
9725
9726
9727
9728
9729
11817
11818
11819
11820
11821
11822
11823
11824
11825
9801
9802
9803
9804
9805
9806
9807
9808
9809
9810
9811
11879
11880
11881
11882
11883
11884
11885
11886
9882
9883
9884
9885
9886
9887
9888
9889
9890
9891
11940
9892
11941
11942
11943
11944
11945
11946
11947
12000
12001
12002
12003
12004
12005
12006
12007
9963
9964
9965
9966
9967
9968
9969
9970
9971
9972
9973
9974
12059
12060
12061
12062
12063
12064
12065
10044
10045
10046
10047
10048
10049
10050
10051
10052
10053
10054
10055
12117
12118
12119
12120
12121
12122
12123
10125
12174
10126
12175
10127
12176
10128
12177
10129
12178
10130
12179
10131
10132
10133
10134
10135
10136
10137
12230
12231
12232
12233
12234
12235
10206
10207
10208
10209
10210
10211
10212
10213
10214
10215
10216
10217
10218
10219
12285
12286
12287
)


// ************************************************************************* //
