/*--------------------------------*- C++ -*----------------------------------*\
| =========                 |                                                 |
| \\      /  F ield         | OpenFOAM: The Open Source CFD Toolbox           |
|  \\    /   O peration     | Version:  2406                                  |
|   \\  /    A nd           | Website:  www.openfoam.com                      |
|    \\/     M anipulation  |                                                 |
\*---------------------------------------------------------------------------*/
FoamFile
{
    version     2.0;
    format      ascii;
    arch        "LSB;label=32;scalar=64";
    class       cellSet;
    location    "constant/polyMesh/sets";
    object      underdeterminedCells;
}
// * * * * * * * * * * * * * * * * * * * * * * * * * * * * * * * * * * * * * //


3856
(
0
8192
1
2
3
4
5
6
7
8
9
10
11
12
13
14
15
16
17
18
19
20
21
22
23
24
25
26
27
28
29
30
31
32
33
34
35
36
37
38
39
40
41
42
43
44
45
46
47
48
49
50
51
52
53
54
55
56
57
58
59
60
61
62
63
64
65
66
67
68
69
8261
70
8262
71
8263
72
8264
73
8265
74
8266
75
8267
76
8268
77
8269
78
8270
79
8271
80
8272
81
8273
82
83
84
85
86
87
88
89
90
91
92
93
94
95
96
97
98
99
100
101
102
103
104
105
106
107
108
109
110
111
112
113
114
115
116
117
118
119
120
121
122
123
124
125
126
127
128
129
130
131
132
133
134
135
136
137
138
139
140
141
142
143
144
145
146
147
148
149
150
8342
151
8343
152
8344
153
8345
154
8346
155
8347
156
8348
157
8349
158
8350
159
8351
160
8352
161
8353
162
8354
163
164
165
166
167
168
169
170
171
172
173
174
175
176
177
178
179
180
181
182
183
184
185
186
187
188
189
190
191
192
193
194
195
196
197
198
199
200
201
202
203
204
205
206
207
208
209
210
211
212
213
214
215
216
217
218
219
220
221
222
223
224
225
226
227
228
229
230
231
8423
232
8424
233
8425
234
8426
235
8427
236
8428
237
8429
238
8430
239
8431
240
8432
241
8433
242
8434
243
244
245
246
247
248
249
250
251
252
253
254
255
256
257
258
259
260
261
262
263
264
265
266
267
268
269
270
271
272
273
274
275
276
277
278
279
280
281
282
283
284
285
286
287
288
289
290
291
292
293
294
295
296
297
298
299
300
301
302
303
304
305
306
307
308
309
310
311
312
8504
313
8505
314
8506
315
8507
316
8508
317
8509
318
8510
319
8511
320
8512
321
8513
322
8514
323
8515
324
325
326
327
328
329
330
331
332
333
334
335
336
337
338
339
340
341
342
343
344
345
346
347
348
349
350
351
352
353
354
355
356
357
358
359
360
361
362
363
364
365
366
367
368
369
370
371
372
373
374
375
376
377
378
379
380
381
382
383
384
385
386
387
388
389
390
391
392
393
8585
394
8586
395
8587
396
8588
397
8589
398
8590
399
8591
400
8592
401
8593
402
8594
403
8595
404
8596
405
406
407
408
409
410
411
412
413
414
415
416
417
418
419
420
421
422
423
424
425
426
427
428
429
430
431
432
433
434
435
436
437
438
439
440
441
442
443
444
445
446
447
448
449
450
451
452
453
454
455
456
457
458
459
460
461
462
463
464
465
466
467
468
469
470
471
472
473
474
8666
475
8667
476
8668
477
8669
478
8670
479
8671
480
8672
481
8673
482
8674
483
8675
484
8676
485
8677
486
487
488
489
490
491
492
493
494
495
496
497
498
499
500
501
502
503
504
505
506
507
508
509
510
511
512
513
514
515
516
517
518
519
520
521
522
523
524
525
526
527
528
529
530
531
532
533
534
535
536
537
538
539
540
541
542
543
544
545
546
547
548
549
550
551
552
553
554
555
8747
556
8748
557
8749
558
8750
559
8751
560
8752
561
8753
562
8754
563
8755
564
8756
565
8757
566
567
568
569
570
571
572
573
574
575
576
577
578
579
580
581
582
583
584
585
586
587
588
589
590
591
592
593
594
595
596
597
598
599
600
601
602
603
604
605
606
607
608
609
610
611
612
613
614
615
616
617
618
619
620
621
622
623
624
625
626
627
628
629
630
631
632
633
634
635
636
8828
637
8829
638
8830
639
8831
640
8832
641
8833
642
8834
643
8835
644
8836
645
8837
646
8838
647
648
649
650
651
652
653
654
655
656
657
658
659
660
661
662
663
664
665
666
667
668
669
670
671
672
673
674
675
676
677
678
679
680
681
682
683
684
685
686
687
688
689
690
691
692
693
694
695
696
697
698
699
700
701
702
703
704
705
706
707
708
709
710
711
712
713
714
715
716
717
8909
718
8910
719
8911
720
8912
721
8913
722
8914
723
8915
724
8916
725
8917
726
8918
727
8919
728
8920
729
730
731
732
733
734
735
736
737
738
739
740
741
742
743
744
745
746
747
748
749
750
751
752
753
754
755
756
757
758
759
760
761
762
763
764
765
766
767
768
769
770
771
772
773
774
775
776
777
778
779
780
781
782
783
784
785
786
787
788
789
790
791
792
793
794
795
796
797
798
8990
799
8991
800
8992
801
8993
802
8994
803
8995
804
8996
805
8997
806
8998
807
8999
808
9000
809
9001
810
811
812
813
814
815
816
817
818
819
820
821
822
823
824
825
826
827
828
829
832
833
834
835
836
837
838
839
840
841
842
843
844
845
846
847
848
849
850
851
852
853
854
855
856
857
858
859
860
861
862
863
864
865
866
867
868
869
870
875
876
877
878
879
9071
880
9072
881
9073
882
9074
883
9075
884
9076
885
9077
886
9078
887
9079
888
9080
889
9081
890
9082
891
9083
892
893
894
895
896
897
898
899
900
901
902
903
904
905
906
907
908
909
910
911
912
913
920
921
922
923
924
925
926
927
928
929
930
931
932
933
934
935
936
937
938
939
940
941
942
943
944
945
946
947
948
949
950
951
952
953
954
955
956
9152
9153
9154
9155
9156
965
9157
966
9158
967
9159
968
9160
969
9161
970
9162
971
9163
972
9164
973
9165
974
975
976
977
978
979
980
981
982
983
984
985
986
987
988
989
990
991
992
993
994
995
996
997
998
999
1000
1011
1012
1013
1014
1015
1016
1017
1018
1019
1020
1021
1022
1023
1024
1025
1026
1027
1028
1029
1030
1031
1032
1033
1034
1035
1036
1037
1038
1039
1040
1041
9233
1042
9234
1043
9235
1044
9236
1045
9237
9238
9239
9240
9241
9242
9243
9244
9245
9246
1059
1060
1061
1062
1063
1064
1065
1066
1067
1068
1069
1070
1071
1072
1073
1074
1075
1076
1077
1078
1079
1080
1081
1082
1083
1084
1085
1086
1087
1088
1089
1090
1091
1107
1108
1109
1110
1111
1112
1113
1114
1115
1116
1117
1118
1119
1120
1121
1122
9314
1123
9315
1124
9316
1125
9317
1126
9318
1127
9319
1128
9320
1129
9321
1130
9322
1131
9323
1132
9324
1133
9325
1134
9326
1135
9327
1136
9328
1137
1138
1156
1157
1158
1159
1160
1161
1162
1163
1164
1165
1166
1167
1168
1169
1170
1171
1172
1173
1174
1175
1176
1177
1178
1179
1180
1181
1182
1183
1184
1185
1186
1187
9395
9396
9397
9398
1207
9399
1208
9400
1209
9401
1210
9402
1211
9403
1212
9404
1213
9405
1214
9406
1215
9407
1216
9408
1217
9409
1218
9410
1219
1220
1221
1222
1223
1224
1225
1226
1227
1228
1229
1230
1231
1232
1233
1234
1235
1236
1258
1259
1260
1261
1262
1263
1264
1265
1266
1267
1268
1269
1270
1271
1272
1273
1274
1275
1276
1277
1278
1279
1280
1281
1282
1283
1284
9476
1285
9477
1286
9478
9479
9480
9481
9482
9483
9484
9485
9486
9487
9488
9489
9490
9491
1310
1311
1312
1313
1314
1315
1316
1317
1318
1319
1320
1321
1322
1323
1324
1325
1326
1327
1328
1329
1330
1331
1332
1333
1334
1335
1336
1337
1364
1365
9557
1366
9558
1367
9559
1368
9560
1369
9561
1370
9562
1371
9563
1372
9564
1373
9565
1374
9566
1375
9567
1376
9568
1377
9569
1378
9570
1379
9571
1380
9572
1381
9573
1382
1383
1384
1385
1386
1387
1388
1389
1418
1419
1420
1421
1422
1423
1424
1425
1426
1427
1428
1429
1430
1431
1432
1433
1434
1435
1436
1437
1438
1439
1440
1441
1442
1443
9638
9639
9640
9641
9642
9643
9644
9645
9646
9647
9648
9649
9650
9651
9652
9653
9654
1474
1475
1476
1477
1478
1479
1480
1481
1482
1483
1484
1485
1486
1487
1488
1489
1490
1491
1492
1493
1494
1495
1496
1497
9719
9720
9721
1530
9722
1531
9723
1532
9724
1533
9725
1534
9726
1535
9727
1536
9728
1537
9729
1538
9730
1539
9731
1540
9732
1541
9733
1542
9734
1543
9735
1544
9736
1545
1546
1547
1548
1549
1550
1551
1552
1587
1588
1589
1590
1591
1592
1593
1594
1595
1596
1597
1598
1599
1600
1601
1602
1603
1604
1605
1606
1607
1608
9800
9801
9802
9803
9804
9805
9806
9807
9808
9809
9810
9811
9812
9813
9814
9815
9816
9817
9818
1646
1647
1648
1649
1650
1651
1652
1653
1654
1655
1656
1657
1658
1659
1660
1661
1662
1663
1664
1665
9881
9882
9883
9884
9885
9886
9887
9888
9889
9890
9891
9892
9893
9894
9895
9896
1705
9897
1706
9898
1707
9899
1708
1709
1710
1711
1712
1713
1714
1715
1716
1717
1718
1719
1720
1721
1722
1723
1724
1765
1766
1767
1768
1769
1770
9962
1771
9963
1772
9964
1773
9965
1774
9966
1775
9967
1776
9968
1777
9969
1778
9970
1779
9971
1780
9972
1781
9973
1782
9974
1783
9975
9976
9977
9978
9979
9980
9981
1827
1828
1829
1830
1831
1832
1833
1834
1835
1836
1837
1838
1839
1840
1841
1842
1843
10043
10044
10045
10046
10047
10048
10049
10050
10051
10052
10053
10054
10055
10056
10057
10058
10059
10060
10061
10062
10063
1889
1890
1891
1892
1893
1894
1895
1896
1897
1898
1899
1900
1901
1902
1903
1904
10124
10125
10126
10127
10128
10129
10130
10131
10132
10133
10134
10135
10136
10137
10138
10139
10140
10141
10142
10143
1952
10144
1953
1954
1955
1956
1957
1958
1959
1960
1961
1962
1963
1964
1965
1966
10205
10206
2015
10207
2016
10208
2017
10209
2018
10210
2019
10211
2020
10212
2021
10213
2022
10214
2023
10215
2024
10216
2025
10217
2026
10218
2027
10219
2028
10220
2029
10221
10222
10223
10224
10225
10226
2079
2080
2081
2082
2083
2084
2085
2086
2087
2088
2089
2090
2091
2092
2093
2094
10286
10287
10288
10289
10290
10291
10292
10293
10294
10295
10296
10297
10298
10299
10300
10301
10302
10303
10304
10305
10306
10307
10308
2144
2145
2146
2147
2148
2149
2150
2151
2152
2153
2154
2155
2156
2157
2158
2159
10367
10368
10369
10370
10371
10372
10373
10374
10375
10376
10377
10378
10379
10380
10381
10382
10383
10384
10385
10386
10387
10388
10389
2210
2211
2212
2213
2214
2215
2216
2217
2218
2219
2220
2221
2222
2223
2224
2225
10448
10449
10450
10451
10452
10453
10454
10455
10456
10457
10458
10459
10460
10461
10462
10463
10464
10465
10466
10467
10468
2277
10469
2278
10470
2279
10471
2280
2281
2282
2283
2284
2285
2286
2287
2288
2289
2290
2291
2292
10529
10530
10531
10532
10533
10534
10535
10536
2345
10537
2346
10538
2347
10539
2348
10540
2349
10541
2350
10542
2351
10543
2352
10544
2353
10545
2354
10546
2355
10547
2356
10548
2357
10549
2358
10550
2359
10551
2360
2414
2415
2416
2417
10609
2418
10610
2419
10611
2420
10612
2421
10613
2422
10614
2423
10615
2424
10616
2425
10617
2426
10618
2427
10619
2428
10620
2429
10621
2430
10622
10623
10624
10625
10626
10627
10628
10629
10630
10631
2485
2486
2487
2488
2489
2490
2491
2492
2493
2494
2495
2496
10688
2497
10689
2498
10690
2499
10691
10692
10693
10694
10695
10696
10697
10698
10699
10700
10701
10702
10703
10704
10705
10706
10707
10708
10709
10710
2556
2557
2558
2559
2560
2561
2562
2563
2564
2565
2566
2567
2568
2569
2570
10766
10767
10768
10769
10770
10771
10772
10773
10774
10775
10776
10777
10778
10779
10780
10781
10782
10783
10784
10785
10786
10787
2628
2629
2630
2631
2632
2633
2634
2635
2636
2637
2638
2639
2640
2641
2642
10843
10844
10845
10846
10847
10848
10849
10850
10851
10852
10853
10854
10855
10856
10857
10858
10859
10860
10861
10862
10863
10864
2701
2702
2703
2704
2705
2706
2707
2708
2709
2710
2711
2712
2713
2714
2715
10919
10920
10921
10922
10923
10924
10925
10926
10927
10928
10929
10930
10931
10932
10933
10934
10935
10936
10937
10938
10939
10940
2775
2776
2777
2778
2779
2780
2781
2782
2783
2784
2785
2786
2787
2788
2789
10994
10995
10996
10997
10998
10999
11000
11001
11002
11003
11004
11005
11006
11007
11008
11009
11010
11011
11012
11013
11014
2850
2851
2852
2853
2854
2855
2856
2857
2858
2859
2860
2861
2862
2863
2864
11068
11069
11070
11071
11072
11073
11074
11075
11076
11077
11078
11079
11080
11081
11082
11083
11084
11085
11086
11087
11088
2926
2927
2928
2929
2930
2931
2932
2933
2934
2935
2936
2937
2938
2939
2940
11141
11142
11143
11144
11145
11146
11147
11148
11149
11150
11151
11152
11153
11154
11155
11156
11157
11158
11159
11160
11161
3003
3004
3005
3006
3007
3008
3009
3010
3011
3012
3013
3014
3015
3016
3017
11213
11214
11215
11216
11217
11218
11219
11220
11221
11222
11223
11224
11225
11226
11227
11228
11229
11230
11231
11232
3081
3082
3083
3084
3085
3086
3087
3088
3089
3090
3091
11284
3092
11285
3093
11286
3094
11287
3095
11288
11289
11290
11291
11292
11293
11294
11295
11296
11297
11298
11299
11300
11301
11302
11303
3160
3161
11354
3162
11355
3163
11356
3164
11357
3165
11358
3166
11359
3167
11360
3168
11361
3169
11362
3170
11363
3171
11364
3172
11365
3173
11366
3174
11367
11368
11369
11370
11371
11372
11423
11424
11425
11426
11427
11428
11429
11430
11431
11432
3240
11433
3241
11434
3242
11435
3243
11436
3244
11437
3245
11438
3246
11439
3247
11440
3248
11441
3249
3250
3251
3252
3253
3254
11491
11492
11493
11494
11495
11496
11497
11498
11499
11500
11501
11502
11503
11504
11505
11506
11507
11508
11509
3321
3322
3323
3324
3325
3326
3327
3328
3329
3330
3331
3332
3333
3334
3335
11558
11559
11560
11561
11562
11563
11564
11565
11566
11567
11568
11569
11570
11571
11572
11573
11574
11575
3402
3403
3404
3405
3406
3407
3408
3409
3410
3411
3412
3413
3414
3415
3416
11624
11625
11626
11627
11628
11629
11630
11631
11632
11633
11634
11635
11636
11637
11638
11639
11640
11641
3483
3484
3485
3486
3487
3488
3489
3490
3491
3492
3493
3494
3495
3496
11689
3497
11690
11691
11692
11693
11694
11695
11696
11697
11698
11699
11700
11701
11702
11703
11704
11705
11706
11753
11754
11755
11756
3564
11757
3565
11758
3566
11759
3567
11760
3568
11761
3569
11762
3570
11763
3571
11764
3572
11765
3573
11766
3574
11767
3575
11768
3576
11769
3577
3578
11816
11817
11818
11819
11820
11821
11822
11823
11824
11825
11826
11827
11828
11829
11830
11831
11832
3645
3646
3647
3648
3649
3650
3651
3652
3653
3654
3655
3656
3657
3658
3659
11878
11879
11880
11881
11882
11883
11884
11885
11886
11887
11888
11889
11890
11891
11892
11893
11894
3726
3727
3728
3729
3730
3731
3732
3733
3734
3735
3736
3737
3738
3739
3740
11939
11940
11941
11942
11943
11944
11945
11946
11947
11948
11949
11950
11951
11952
11953
11954
11999
3807
12000
3808
12001
3809
12002
3810
12003
3811
12004
3812
12005
3813
12006
3814
12007
3815
12008
3816
12009
3817
12010
3818
12011
3819
12012
3820
12013
3821
12014
12058
12059
12060
12061
12062
12063
12064
12065
12066
12067
12068
12069
12070
12071
12072
3888
3889
3890
3891
3892
3893
3894
3895
3896
3897
3898
3899
3900
3901
3902
12116
12117
12118
12119
12120
12121
12122
12123
12124
12125
12126
12127
12128
12129
12130
3969
3970
3971
3972
3973
3974
3975
3976
3977
3978
3979
3980
12173
3981
12174
3982
12175
3983
12176
12177
12178
12179
12180
12181
12182
12183
12184
12185
12186
12187
12229
12230
12231
12232
12233
12234
12235
12236
12237
12238
12239
12240
12241
12242
4050
4051
4052
4053
4054
4055
4056
4057
4058
4059
4060
4061
4062
4063
4064
12284
12285
12286
12287
12288
12289
12290
12291
12292
12293
12294
12295
12296
12297
4131
4132
4133
4134
4135
4136
4137
4138
4139
4140
4141
4142
4143
4144
4145
12338
12339
12340
12341
12342
12343
12344
12345
12346
12347
12348
12349
12350
12351
12391
12392
12393
12394
12395
12396
12397
12398
12399
12400
12401
12402
12403
4212
4213
4214
4215
4216
4217
4218
4219
4220
4221
4222
4223
4224
4225
4226
12443
12444
12445
12446
12447
12448
12449
12450
12451
12452
12453
12454
12455
4293
4294
4295
4296
4297
4298
4299
4300
4301
12494
4302
12495
4303
12496
4304
12497
4305
12498
4306
12499
4307
12500
12501
12502
12503
12504
12505
12544
12545
12546
12547
12548
12549
12550
12551
12552
12553
12554
12555
4374
4375
4376
4377
4378
4379
4380
4381
4382
4383
4384
4385
4386
4387
4388
12593
12594
12595
12596
12597
12598
12599
12600
12601
12602
12603
12604
12641
12642
12643
12644
12645
12646
12647
4455
12648
4456
12649
4457
12650
4458
12651
4459
4460
4461
4462
4463
4464
4465
4466
4467
4468
4469
12688
12689
12690
12691
12692
12693
12694
12695
12696
12697
12698
4536
4537
4538
4539
4540
4541
12734
4542
12735
4543
12736
4544
12737
4545
12738
4546
12739
4547
12740
4548
12741
4549
12742
4550
12743
12744
12779
12780
12781
12782
12783
12784
12785
12786
12787
12788
4617
4618
4619
4620
4621
4622
4623
4624
4625
4626
4627
4628
4629
4630
12823
4631
12824
12825
12826
12827
12828
12829
12830
12831
12832
12866
12867
12868
12869
12870
12871
12872
12873
12874
12875
4698
4699
4700
4701
4702
4703
4704
4705
4706
4707
4708
4709
4710
4711
4712
12908
12909
12910
12911
12912
12913
12914
12915
12916
12949
12950
12951
12952
12953
12954
12955
12956
12957
4779
4780
4781
4782
4783
4784
4785
4786
4787
4788
4789
4790
4791
4792
4793
12989
12990
12991
12992
12993
12994
12995
12996
13028
13029
13030
13031
13032
13033
13034
13035
4860
4861
4862
4863
4864
4865
4866
4867
4868
4869
4870
4871
4872
4873
13066
4874
13067
13068
13069
13070
13071
13072
13073
13103
13104
13105
13106
13107
13108
13109
4941
4942
4943
4944
4945
4946
13139
4947
13140
4948
13141
4949
13142
4950
13143
4951
13144
4952
13145
4953
4954
4955
13174
13175
13176
13177
13178
13179
13180
13208
13209
13210
13211
13212
13213
5022
5023
5024
5025
5026
5027
5028
5029
5030
5031
5032
5033
5034
5035
5036
13241
13242
13243
13244
13245
13246
13273
13274
13275
13276
13277
13278
5103
5104
5105
5106
5107
5108
5109
5110
5111
13304
5112
13305
5113
13306
5114
13307
5115
13308
5116
5117
13334
13335
13336
13337
13338
13363
13364
13365
13366
5184
5185
5186
5187
5188
5189
5190
5191
5192
5193
5194
5195
5196
5197
5198
13391
13392
13393
13394
13419
13420
13421
13445
13446
5265
5266
5267
5268
5269
5270
5271
5272
5273
5274
5275
5276
5277
13470
5278
13471
5279
13494
13495
13517
5346
13539
5347
5348
5349
5350
5351
5352
5353
5354
5355
5356
5357
5358
5359
5360
13560
13580
13599
13617
5427
5428
5429
5430
5431
5432
5433
5434
5435
5436
5437
5438
5439
5440
5441
13634
13650
13665
13679
5507
5508
5509
5510
5511
5512
5513
5514
5515
5516
5517
5518
5519
5520
5521
5522
5588
5589
5590
5591
5592
5593
5594
5595
5596
5597
5598
5599
5600
5601
5602
5603
5669
5670
5671
5672
5673
5674
5675
5676
5677
5678
5679
5680
5681
5682
5683
5684
5750
5751
5752
5753
5754
5755
5756
5757
5758
5759
5760
5761
5762
5763
5764
5765
5831
5832
5833
5834
5835
5836
5837
5838
5839
5840
5841
5842
5843
5844
5845
5846
5912
5913
5914
5915
5916
5917
5918
5919
5920
5921
5922
5923
5924
5925
5926
5927
5993
5994
5995
5996
5997
5998
5999
6000
6001
6002
6003
6004
6005
6006
6007
6008
6074
6075
6076
6077
6078
6079
6080
6081
6082
6083
6084
6085
6086
6087
6088
6089
6155
6156
6157
6158
6159
6160
6161
6162
6163
6164
6165
6166
6167
6168
6169
6170
6236
6237
6238
6239
6240
6241
6242
6243
6244
6245
6246
6247
6248
6249
6250
6251
6317
6318
6319
6320
6321
6322
6323
6324
6325
6326
6327
6328
6329
6330
6331
6332
6398
6399
6400
6401
6402
6403
6404
6405
6406
6407
6408
6409
6410
6411
6412
6413
6479
6480
6481
6482
6483
6484
6485
6486
6487
6488
6489
6490
6491
6492
6493
6494
6560
6561
6562
6563
6564
6565
6566
6567
6568
6569
6570
6571
6572
6573
6574
6575
6641
6642
6643
6644
6645
6646
6647
6648
6649
6650
6651
6652
6653
6654
6655
6656
6722
6723
6724
6725
6726
6727
6728
6729
6730
6731
6732
6733
6734
6735
6736
6737
6803
6804
6805
6806
6807
6808
6809
6810
6811
6812
6813
6814
6815
6816
6817
6818
6884
6885
6886
6887
6888
6889
6890
6891
6892
6893
6894
6895
6896
6897
6898
6899
6965
6966
6967
6968
6969
6970
6971
6972
6973
6974
6975
6976
6977
6978
6979
6980
7046
7047
7048
7049
7050
7051
7052
7053
7054
7055
7056
7057
7058
7059
7060
7061
7127
7128
7129
7130
7131
7132
7133
7134
7135
7136
7137
7138
7139
7140
7141
7142
7208
7209
7210
7211
7212
7213
7214
7215
7216
7217
7218
7219
7220
7221
7222
7223
7289
7290
7291
7292
7293
7294
7295
7296
7297
7298
7299
7300
7301
7302
7303
7304
7305
7370
7371
7372
7373
7374
7375
7376
7377
7378
7379
7380
7381
7382
7383
7384
7385
7451
7452
7453
7454
7455
7456
7457
7458
7459
7460
7461
7462
7463
7464
7465
7466
7532
7533
7534
7535
7536
7537
7538
7539
7540
7541
7542
7543
7544
7545
7546
7547
7613
7614
7615
7616
7617
7618
7619
7620
7621
7622
7623
7624
7625
7626
7627
7694
7695
7696
7697
7698
7699
7700
7701
7702
7703
7704
7705
7706
7707
7708
7775
7776
7777
7778
7779
7780
7781
7782
7783
7784
7785
7786
7787
7788
7789
7856
7857
7858
7859
7860
7861
7862
7863
7864
7865
7866
7867
7868
7869
7870
7937
7938
7939
7940
7941
7942
7943
7944
7945
7946
7947
7948
7949
7950
8018
8019
8020
8021
8022
8023
8024
8025
8026
8027
8028
8029
8030
8031
8099
8100
8101
8102
8103
8104
8105
8106
8107
8108
8109
8110
8111
8112
8180
8181
8182
8183
8184
8185
8186
8187
8188
8189
8190
8191
)


// ************************************************************************* //
