/*--------------------------------*- C++ -*----------------------------------*\
| =========                 |                                                 |
| \\      /  F ield         | OpenFOAM: The Open Source CFD Toolbox           |
|  \\    /   O peration     | Version:  2406                                  |
|   \\  /    A nd           | Website:  www.openfoam.com                      |
|    \\/     M anipulation  |                                                 |
\*---------------------------------------------------------------------------*/
FoamFile
{
    version     2.0;
    format      ascii;
    arch        "LSB;label=32;scalar=64";
    class       faceList;
    location    "constant/polyMesh";
    object      faces;
}
// * * * * * * * * * * * * * * * * * * * * * * * * * * * * * * * * * * * * * //


62
(
4(1 5 21 17)
4(4 20 21 5)
4(2 6 22 18)
4(5 21 22 6)
4(6 22 23 7)
4(5 9 25 21)
4(8 24 25 9)
4(6 10 26 22)
4(9 25 26 10)
4(10 26 27 11)
4(9 13 29 25)
4(10 14 30 26)
4(33 36 45 42)
4(35 44 45 36)
4(36 45 46 37)
4(36 39 48 45)
4(3 7 23 19)
4(7 11 27 23)
4(11 15 31 27)
4(32 41 44 35)
4(35 44 47 38)
4(12 28 29 13)
4(13 29 30 14)
4(14 30 31 15)
4(38 47 48 39)
4(39 48 49 40)
4(0 1 17 16)
4(1 2 18 17)
4(2 3 19 18)
4(32 33 42 41)
4(33 34 43 42)
4(0 16 20 4)
4(4 20 24 8)
4(8 24 28 12)
4(34 37 46 43)
4(37 40 49 46)
4(0 4 5 1)
4(4 8 9 5)
4(8 12 13 9)
4(1 5 6 2)
4(5 9 10 6)
4(9 13 14 10)
4(2 6 7 3)
4(6 10 11 7)
4(10 14 15 11)
4(16 17 21 20)
4(20 21 25 24)
4(24 25 29 28)
4(17 18 22 21)
4(21 22 26 25)
4(25 26 30 29)
4(18 19 23 22)
4(22 23 27 26)
4(26 27 31 30)
4(32 35 36 33)
4(35 38 39 36)
4(33 36 37 34)
4(36 39 40 37)
4(41 42 45 44)
4(44 45 48 47)
4(42 43 46 45)
4(45 46 49 48)
)


// ************************************************************************* //
