/*--------------------------------*- C++ -*----------------------------------*\
| =========                 |                                                 |
| \\      /  F ield         | OpenFOAM: The Open Source CFD Toolbox           |
|  \\    /   O peration     | Version:  2406                                  |
|   \\  /    A nd           | Website:  www.openfoam.com                      |
|    \\/     M anipulation  |                                                 |
\*---------------------------------------------------------------------------*/
FoamFile
{
    version     2.0;
    format      ascii;
    arch        "LSB;label=32;scalar=64";
    class       faceList;
    location    "constant/polyMesh";
    object      faces;
}
// * * * * * * * * * * * * * * * * * * * * * * * * * * * * * * * * * * * * * //


693
(
4(1 7 73 67)
4(6 72 73 7)
4(2 8 74 68)
4(7 73 74 8)
4(3 9 75 69)
4(8 74 75 9)
4(4 10 76 70)
4(9 75 76 10)
4(10 76 77 11)
4(7 13 79 73)
4(12 78 79 13)
4(8 14 80 74)
4(13 79 80 14)
4(9 15 81 75)
4(14 80 81 15)
4(10 16 82 76)
4(15 81 82 16)
4(16 82 83 17)
4(13 19 85 79)
4(18 84 85 19)
4(14 20 86 80)
4(19 85 86 20)
4(15 21 87 81)
4(20 86 87 21)
4(16 22 88 82)
4(21 87 88 22)
4(22 88 89 23)
4(19 25 91 85)
4(24 90 91 25)
4(20 26 92 86)
4(25 91 92 26)
4(21 27 93 87)
4(26 92 93 27)
4(22 28 94 88)
4(27 93 94 28)
4(28 94 95 29)
4(25 31 97 91)
4(30 96 97 31)
4(26 32 98 92)
4(31 97 98 32)
4(27 33 99 93)
4(32 98 99 33)
4(28 34 100 94)
4(33 99 100 34)
4(34 100 101 35)
4(31 37 103 97)
4(36 102 103 37)
4(32 38 104 98)
4(37 103 104 38)
4(33 39 105 99)
4(38 104 105 39)
4(34 40 106 100)
4(39 105 106 40)
4(40 106 107 41)
4(37 43 109 103)
4(42 108 109 43)
4(38 44 110 104)
4(43 109 110 44)
4(39 45 111 105)
4(44 110 111 45)
4(40 46 112 106)
4(45 111 112 46)
4(46 112 113 47)
4(43 49 115 109)
4(48 114 115 49)
4(44 50 116 110)
4(49 115 116 50)
4(45 51 117 111)
4(50 116 117 51)
4(46 52 118 112)
4(51 117 118 52)
4(52 118 119 53)
4(49 55 121 115)
4(54 120 121 55)
4(50 56 122 116)
4(55 121 122 56)
4(51 57 123 117)
4(56 122 123 57)
4(52 58 124 118)
4(57 123 124 58)
4(58 124 125 59)
4(55 61 127 121)
4(56 62 128 122)
4(57 63 129 123)
4(58 64 130 124)
4(133 138 193 188)
4(137 192 193 138)
4(134 139 194 189)
4(138 193 194 139)
4(135 140 195 190)
4(139 194 195 140)
4(140 195 196 141)
4(138 143 198 193)
4(142 197 198 143)
4(139 144 199 194)
4(143 198 199 144)
4(140 145 200 195)
4(144 199 200 145)
4(145 200 201 146)
4(143 148 203 198)
4(147 202 203 148)
4(144 149 204 199)
4(148 203 204 149)
4(145 150 205 200)
4(149 204 205 150)
4(150 205 206 151)
4(148 153 208 203)
4(152 207 208 153)
4(149 154 209 204)
4(153 208 209 154)
4(150 155 210 205)
4(154 209 210 155)
4(155 210 211 156)
4(153 158 213 208)
4(157 212 213 158)
4(154 159 214 209)
4(158 213 214 159)
4(155 160 215 210)
4(159 214 215 160)
4(160 215 216 161)
4(158 163 218 213)
4(162 217 218 163)
4(159 164 219 214)
4(163 218 219 164)
4(160 165 220 215)
4(164 219 220 165)
4(165 220 221 166)
4(163 168 223 218)
4(167 222 223 168)
4(164 169 224 219)
4(168 223 224 169)
4(165 170 225 220)
4(169 224 225 170)
4(170 225 226 171)
4(168 173 228 223)
4(172 227 228 173)
4(169 174 229 224)
4(173 228 229 174)
4(170 175 230 225)
4(174 229 230 175)
4(175 230 231 176)
4(173 178 233 228)
4(177 232 233 178)
4(174 179 234 229)
4(178 233 234 179)
4(175 180 235 230)
4(179 234 235 180)
4(180 235 236 181)
4(178 183 238 233)
4(179 184 239 234)
4(180 185 240 235)
4(243 247 279 275)
4(246 278 279 247)
4(244 248 280 276)
4(247 279 280 248)
4(248 280 281 249)
4(247 251 283 279)
4(250 282 283 251)
4(248 252 284 280)
4(251 283 284 252)
4(252 284 285 253)
4(251 255 287 283)
4(254 286 287 255)
4(252 256 288 284)
4(255 287 288 256)
4(256 288 289 257)
4(255 259 291 287)
4(258 290 291 259)
4(256 260 292 288)
4(259 291 292 260)
4(260 292 293 261)
4(259 263 295 291)
4(262 294 295 263)
4(260 264 296 292)
4(263 295 296 264)
4(264 296 297 265)
4(263 267 299 295)
4(266 298 299 267)
4(264 268 300 296)
4(267 299 300 268)
4(268 300 301 269)
4(267 271 303 299)
4(268 272 304 300)
4(307 315 379 371)
4(314 378 379 315)
4(308 316 380 372)
4(315 379 380 316)
4(309 317 381 373)
4(316 380 381 317)
4(310 318 382 374)
4(317 381 382 318)
4(311 319 383 375)
4(318 382 383 319)
4(312 320 384 376)
4(319 383 384 320)
4(320 384 385 321)
4(315 323 387 379)
4(322 386 387 323)
4(316 324 388 380)
4(323 387 388 324)
4(317 325 389 381)
4(324 388 389 325)
4(318 326 390 382)
4(325 389 390 326)
4(319 327 391 383)
4(326 390 391 327)
4(320 328 392 384)
4(327 391 392 328)
4(328 392 393 329)
4(323 331 395 387)
4(330 394 395 331)
4(324 332 396 388)
4(331 395 396 332)
4(325 333 397 389)
4(332 396 397 333)
4(326 334 398 390)
4(333 397 398 334)
4(327 335 399 391)
4(334 398 399 335)
4(328 336 400 392)
4(335 399 400 336)
4(336 400 401 337)
4(331 339 403 395)
4(338 402 403 339)
4(332 340 404 396)
4(339 403 404 340)
4(333 341 405 397)
4(340 404 405 341)
4(334 342 406 398)
4(341 405 406 342)
4(335 343 407 399)
4(342 406 407 343)
4(336 344 408 400)
4(343 407 408 344)
4(344 408 409 345)
4(339 347 411 403)
4(346 410 411 347)
4(340 348 412 404)
4(347 411 412 348)
4(341 349 413 405)
4(348 412 413 349)
4(342 350 414 406)
4(349 413 414 350)
4(343 351 415 407)
4(350 414 415 351)
4(344 352 416 408)
4(351 415 416 352)
4(352 416 417 353)
4(347 355 419 411)
4(354 418 419 355)
4(348 356 420 412)
4(355 419 420 356)
4(349 357 421 413)
4(356 420 421 357)
4(350 358 422 414)
4(357 421 422 358)
4(351 359 423 415)
4(358 422 423 359)
4(352 360 424 416)
4(359 423 424 360)
4(360 424 425 361)
4(355 363 427 419)
4(356 364 428 420)
4(357 365 429 421)
4(358 366 430 422)
4(359 367 431 423)
4(360 368 432 424)
4(0 1 67 66)
4(1 2 68 67)
4(2 3 69 68)
4(3 4 70 69)
4(4 5 71 70)
4(60 126 127 61)
4(61 127 128 62)
4(62 128 129 63)
4(63 129 130 64)
4(64 130 131 65)
4(0 66 72 6)
4(6 72 78 12)
4(12 78 84 18)
4(18 84 90 24)
4(24 90 96 30)
4(30 96 102 36)
4(36 102 108 42)
4(42 108 114 48)
4(48 114 120 54)
4(54 120 126 60)
4(5 11 77 71)
4(11 17 83 77)
4(17 23 89 83)
4(23 29 95 89)
4(29 35 101 95)
4(35 41 107 101)
4(41 47 113 107)
4(47 53 119 113)
4(53 59 125 119)
4(59 65 131 125)
4(0 6 7 1)
4(6 12 13 7)
4(12 18 19 13)
4(18 24 25 19)
4(24 30 31 25)
4(30 36 37 31)
4(36 42 43 37)
4(42 48 49 43)
4(48 54 55 49)
4(54 60 61 55)
4(1 7 8 2)
4(7 13 14 8)
4(13 19 20 14)
4(19 25 26 20)
4(25 31 32 26)
4(31 37 38 32)
4(37 43 44 38)
4(43 49 50 44)
4(49 55 56 50)
4(55 61 62 56)
4(2 8 9 3)
4(8 14 15 9)
4(14 20 21 15)
4(20 26 27 21)
4(26 32 33 27)
4(32 38 39 33)
4(38 44 45 39)
4(44 50 51 45)
4(50 56 57 51)
4(56 62 63 57)
4(3 9 10 4)
4(9 15 16 10)
4(15 21 22 16)
4(21 27 28 22)
4(27 33 34 28)
4(33 39 40 34)
4(39 45 46 40)
4(45 51 52 46)
4(51 57 58 52)
4(57 63 64 58)
4(4 10 11 5)
4(10 16 17 11)
4(16 22 23 17)
4(22 28 29 23)
4(28 34 35 29)
4(34 40 41 35)
4(40 46 47 41)
4(46 52 53 47)
4(52 58 59 53)
4(58 64 65 59)
4(66 67 73 72)
4(72 73 79 78)
4(78 79 85 84)
4(84 85 91 90)
4(90 91 97 96)
4(96 97 103 102)
4(102 103 109 108)
4(108 109 115 114)
4(114 115 121 120)
4(120 121 127 126)
4(67 68 74 73)
4(73 74 80 79)
4(79 80 86 85)
4(85 86 92 91)
4(91 92 98 97)
4(97 98 104 103)
4(103 104 110 109)
4(109 110 116 115)
4(115 116 122 121)
4(121 122 128 127)
4(68 69 75 74)
4(74 75 81 80)
4(80 81 87 86)
4(86 87 93 92)
4(92 93 99 98)
4(98 99 105 104)
4(104 105 111 110)
4(110 111 117 116)
4(116 117 123 122)
4(122 123 129 128)
4(69 70 76 75)
4(75 76 82 81)
4(81 82 88 87)
4(87 88 94 93)
4(93 94 100 99)
4(99 100 106 105)
4(105 106 112 111)
4(111 112 118 117)
4(117 118 124 123)
4(123 124 130 129)
4(70 71 77 76)
4(76 77 83 82)
4(82 83 89 88)
4(88 89 95 94)
4(94 95 101 100)
4(100 101 107 106)
4(106 107 113 112)
4(112 113 119 118)
4(118 119 125 124)
4(124 125 131 130)
4(132 133 188 187)
4(133 134 189 188)
4(134 135 190 189)
4(135 136 191 190)
4(182 237 238 183)
4(183 238 239 184)
4(184 239 240 185)
4(185 240 241 186)
4(132 187 192 137)
4(137 192 197 142)
4(142 197 202 147)
4(147 202 207 152)
4(152 207 212 157)
4(157 212 217 162)
4(162 217 222 167)
4(167 222 227 172)
4(172 227 232 177)
4(177 232 237 182)
4(136 141 196 191)
4(141 146 201 196)
4(146 151 206 201)
4(151 156 211 206)
4(156 161 216 211)
4(161 166 221 216)
4(166 171 226 221)
4(171 176 231 226)
4(176 181 236 231)
4(181 186 241 236)
4(132 137 138 133)
4(137 142 143 138)
4(142 147 148 143)
4(147 152 153 148)
4(152 157 158 153)
4(157 162 163 158)
4(162 167 168 163)
4(167 172 173 168)
4(172 177 178 173)
4(177 182 183 178)
4(133 138 139 134)
4(138 143 144 139)
4(143 148 149 144)
4(148 153 154 149)
4(153 158 159 154)
4(158 163 164 159)
4(163 168 169 164)
4(168 173 174 169)
4(173 178 179 174)
4(178 183 184 179)
4(134 139 140 135)
4(139 144 145 140)
4(144 149 150 145)
4(149 154 155 150)
4(154 159 160 155)
4(159 164 165 160)
4(164 169 170 165)
4(169 174 175 170)
4(174 179 180 175)
4(179 184 185 180)
4(135 140 141 136)
4(140 145 146 141)
4(145 150 151 146)
4(150 155 156 151)
4(155 160 161 156)
4(160 165 166 161)
4(165 170 171 166)
4(170 175 176 171)
4(175 180 181 176)
4(180 185 186 181)
4(187 188 193 192)
4(192 193 198 197)
4(197 198 203 202)
4(202 203 208 207)
4(207 208 213 212)
4(212 213 218 217)
4(217 218 223 222)
4(222 223 228 227)
4(227 228 233 232)
4(232 233 238 237)
4(188 189 194 193)
4(193 194 199 198)
4(198 199 204 203)
4(203 204 209 208)
4(208 209 214 213)
4(213 214 219 218)
4(218 219 224 223)
4(223 224 229 228)
4(228 229 234 233)
4(233 234 239 238)
4(189 190 195 194)
4(194 195 200 199)
4(199 200 205 204)
4(204 205 210 209)
4(209 210 215 214)
4(214 215 220 219)
4(219 220 225 224)
4(224 225 230 229)
4(229 230 235 234)
4(234 235 240 239)
4(190 191 196 195)
4(195 196 201 200)
4(200 201 206 205)
4(205 206 211 210)
4(210 211 216 215)
4(215 216 221 220)
4(220 221 226 225)
4(225 226 231 230)
4(230 231 236 235)
4(235 236 241 240)
4(242 243 275 274)
4(243 244 276 275)
4(244 245 277 276)
4(270 302 303 271)
4(271 303 304 272)
4(272 304 305 273)
4(242 274 278 246)
4(246 278 282 250)
4(250 282 286 254)
4(254 286 290 258)
4(258 290 294 262)
4(262 294 298 266)
4(266 298 302 270)
4(245 249 281 277)
4(249 253 285 281)
4(253 257 289 285)
4(257 261 293 289)
4(261 265 297 293)
4(265 269 301 297)
4(269 273 305 301)
4(242 246 247 243)
4(246 250 251 247)
4(250 254 255 251)
4(254 258 259 255)
4(258 262 263 259)
4(262 266 267 263)
4(266 270 271 267)
4(243 247 248 244)
4(247 251 252 248)
4(251 255 256 252)
4(255 259 260 256)
4(259 263 264 260)
4(263 267 268 264)
4(267 271 272 268)
4(244 248 249 245)
4(248 252 253 249)
4(252 256 257 253)
4(256 260 261 257)
4(260 264 265 261)
4(264 268 269 265)
4(268 272 273 269)
4(274 275 279 278)
4(278 279 283 282)
4(282 283 287 286)
4(286 287 291 290)
4(290 291 295 294)
4(294 295 299 298)
4(298 299 303 302)
4(275 276 280 279)
4(279 280 284 283)
4(283 284 288 287)
4(287 288 292 291)
4(291 292 296 295)
4(295 296 300 299)
4(299 300 304 303)
4(276 277 281 280)
4(280 281 285 284)
4(284 285 289 288)
4(288 289 293 292)
4(292 293 297 296)
4(296 297 301 300)
4(300 301 305 304)
4(306 307 371 370)
4(307 308 372 371)
4(308 309 373 372)
4(309 310 374 373)
4(310 311 375 374)
4(311 312 376 375)
4(312 313 377 376)
4(362 426 427 363)
4(363 427 428 364)
4(364 428 429 365)
4(365 429 430 366)
4(366 430 431 367)
4(367 431 432 368)
4(368 432 433 369)
4(306 370 378 314)
4(314 378 386 322)
4(322 386 394 330)
4(330 394 402 338)
4(338 402 410 346)
4(346 410 418 354)
4(354 418 426 362)
4(313 321 385 377)
4(321 329 393 385)
4(329 337 401 393)
4(337 345 409 401)
4(345 353 417 409)
4(353 361 425 417)
4(361 369 433 425)
4(306 314 315 307)
4(314 322 323 315)
4(322 330 331 323)
4(330 338 339 331)
4(338 346 347 339)
4(346 354 355 347)
4(354 362 363 355)
4(307 315 316 308)
4(315 323 324 316)
4(323 331 332 324)
4(331 339 340 332)
4(339 347 348 340)
4(347 355 356 348)
4(355 363 364 356)
4(308 316 317 309)
4(316 324 325 317)
4(324 332 333 325)
4(332 340 341 333)
4(340 348 349 341)
4(348 356 357 349)
4(356 364 365 357)
4(309 317 318 310)
4(317 325 326 318)
4(325 333 334 326)
4(333 341 342 334)
4(341 349 350 342)
4(349 357 358 350)
4(357 365 366 358)
4(310 318 319 311)
4(318 326 327 319)
4(326 334 335 327)
4(334 342 343 335)
4(342 350 351 343)
4(350 358 359 351)
4(358 366 367 359)
4(311 319 320 312)
4(319 327 328 320)
4(327 335 336 328)
4(335 343 344 336)
4(343 351 352 344)
4(351 359 360 352)
4(359 367 368 360)
4(312 320 321 313)
4(320 328 329 321)
4(328 336 337 329)
4(336 344 345 337)
4(344 352 353 345)
4(352 360 361 353)
4(360 368 369 361)
4(370 371 379 378)
4(378 379 387 386)
4(386 387 395 394)
4(394 395 403 402)
4(402 403 411 410)
4(410 411 419 418)
4(418 419 427 426)
4(371 372 380 379)
4(379 380 388 387)
4(387 388 396 395)
4(395 396 404 403)
4(403 404 412 411)
4(411 412 420 419)
4(419 420 428 427)
4(372 373 381 380)
4(380 381 389 388)
4(388 389 397 396)
4(396 397 405 404)
4(404 405 413 412)
4(412 413 421 420)
4(420 421 429 428)
4(373 374 382 381)
4(381 382 390 389)
4(389 390 398 397)
4(397 398 406 405)
4(405 406 414 413)
4(413 414 422 421)
4(421 422 430 429)
4(374 375 383 382)
4(382 383 391 390)
4(390 391 399 398)
4(398 399 407 406)
4(406 407 415 414)
4(414 415 423 422)
4(422 423 431 430)
4(375 376 384 383)
4(383 384 392 391)
4(391 392 400 399)
4(399 400 408 407)
4(407 408 416 415)
4(415 416 424 423)
4(423 424 432 431)
4(376 377 385 384)
4(384 385 393 392)
4(392 393 401 400)
4(400 401 409 408)
4(408 409 417 416)
4(416 417 425 424)
4(424 425 433 432)
)


// ************************************************************************* //
