/*--------------------------------*- C++ -*----------------------------------*\
| =========                 |                                                 |
| \\      /  F ield         | OpenFOAM: The Open Source CFD Toolbox           |
|  \\    /   O peration     | Version:  2406                                  |
|   \\  /    A nd           | Website:  www.openfoam.com                      |
|    \\/     M anipulation  |                                                 |
\*---------------------------------------------------------------------------*/
FoamFile
{
    version     2.0;
    format      ascii;
    arch        "LSB;label=32;scalar=64";
    note        "nPoints:434  nCells:160  nFaces:693  nInternalFaces:267";
    class       labelList;
    location    "constant/polyMesh";
    object      neighbour;
}
// * * * * * * * * * * * * * * * * * * * * * * * * * * * * * * * * * * * * * //


267
(
1
5
2
6
3
7
4
8
9
6
10
7
11
8
12
9
13
14
11
15
12
16
13
17
14
18
19
16
20
17
21
18
22
19
23
24
21
25
22
26
23
27
24
28
29
26
30
27
31
28
32
29
33
34
31
35
32
36
33
37
34
38
39
36
40
37
41
38
42
39
43
44
41
45
42
46
43
47
44
48
49
46
47
48
49
51
54
52
55
53
56
57
55
58
56
59
57
60
61
59
62
60
63
61
64
65
63
66
64
67
65
68
69
67
70
68
71
69
72
73
71
74
72
75
73
76
77
75
78
76
79
77
80
81
79
82
80
83
81
84
85
83
86
84
87
85
88
89
87
88
89
91
93
92
94
95
94
96
95
97
98
97
99
98
100
101
100
102
101
103
104
103
105
104
106
107
106
108
107
109
110
109
110
112
118
113
119
114
120
115
121
116
122
117
123
124
119
125
120
126
121
127
122
128
123
129
124
130
131
126
132
127
133
128
134
129
135
130
136
131
137
138
133
139
134
140
135
141
136
142
137
143
138
144
145
140
146
141
147
142
148
143
149
144
150
145
151
152
147
153
148
154
149
155
150
156
151
157
152
158
159
154
155
156
157
158
159
)


// ************************************************************************* //
