/*--------------------------------*- C++ -*----------------------------------*\
| =========                 |                                                 |
| \\      /  F ield         | OpenFOAM: The Open Source CFD Toolbox           |
|  \\    /   O peration     | Version:  2406                                  |
|   \\  /    A nd           | Website:  www.openfoam.com                      |
|    \\/     M anipulation  |                                                 |
\*---------------------------------------------------------------------------*/
FoamFile
{
    version     2.0;
    format      ascii;
    arch        "LSB;label=32;scalar=64";
    note        "nPoints:434  nCells:160  nFaces:693  nInternalFaces:267";
    class       labelList;
    location    "constant/polyMesh";
    object      owner;
}
// * * * * * * * * * * * * * * * * * * * * * * * * * * * * * * * * * * * * * //


693
(
0
0
1
1
2
2
3
3
4
5
5
6
6
7
7
8
8
9
10
10
11
11
12
12
13
13
14
15
15
16
16
17
17
18
18
19
20
20
21
21
22
22
23
23
24
25
25
26
26
27
27
28
28
29
30
30
31
31
32
32
33
33
34
35
35
36
36
37
37
38
38
39
40
40
41
41
42
42
43
43
44
45
46
47
48
50
50
51
51
52
52
53
54
54
55
55
56
56
57
58
58
59
59
60
60
61
62
62
63
63
64
64
65
66
66
67
67
68
68
69
70
70
71
71
72
72
73
74
74
75
75
76
76
77
78
78
79
79
80
80
81
82
82
83
83
84
84
85
86
87
88
90
90
91
91
92
93
93
94
94
95
96
96
97
97
98
99
99
100
100
101
102
102
103
103
104
105
105
106
106
107
108
109
111
111
112
112
113
113
114
114
115
115
116
116
117
118
118
119
119
120
120
121
121
122
122
123
123
124
125
125
126
126
127
127
128
128
129
129
130
130
131
132
132
133
133
134
134
135
135
136
136
137
137
138
139
139
140
140
141
141
142
142
143
143
144
144
145
146
146
147
147
148
148
149
149
150
150
151
151
152
153
154
155
156
157
158
0
1
2
3
4
45
46
47
48
49
0
5
10
15
20
25
30
35
40
45
4
9
14
19
24
29
34
39
44
49
0
5
10
15
20
25
30
35
40
45
1
6
11
16
21
26
31
36
41
46
2
7
12
17
22
27
32
37
42
47
3
8
13
18
23
28
33
38
43
48
4
9
14
19
24
29
34
39
44
49
0
5
10
15
20
25
30
35
40
45
1
6
11
16
21
26
31
36
41
46
2
7
12
17
22
27
32
37
42
47
3
8
13
18
23
28
33
38
43
48
4
9
14
19
24
29
34
39
44
49
50
51
52
53
86
87
88
89
50
54
58
62
66
70
74
78
82
86
53
57
61
65
69
73
77
81
85
89
50
54
58
62
66
70
74
78
82
86
51
55
59
63
67
71
75
79
83
87
52
56
60
64
68
72
76
80
84
88
53
57
61
65
69
73
77
81
85
89
50
54
58
62
66
70
74
78
82
86
51
55
59
63
67
71
75
79
83
87
52
56
60
64
68
72
76
80
84
88
53
57
61
65
69
73
77
81
85
89
90
91
92
108
109
110
90
93
96
99
102
105
108
92
95
98
101
104
107
110
90
93
96
99
102
105
108
91
94
97
100
103
106
109
92
95
98
101
104
107
110
90
93
96
99
102
105
108
91
94
97
100
103
106
109
92
95
98
101
104
107
110
111
112
113
114
115
116
117
153
154
155
156
157
158
159
111
118
125
132
139
146
153
117
124
131
138
145
152
159
111
118
125
132
139
146
153
112
119
126
133
140
147
154
113
120
127
134
141
148
155
114
121
128
135
142
149
156
115
122
129
136
143
150
157
116
123
130
137
144
151
158
117
124
131
138
145
152
159
111
118
125
132
139
146
153
112
119
126
133
140
147
154
113
120
127
134
141
148
155
114
121
128
135
142
149
156
115
122
129
136
143
150
157
116
123
130
137
144
151
158
117
124
131
138
145
152
159
)


// ************************************************************************* //
