/*--------------------------------*- C++ -*----------------------------------*\
| =========                 |                                                 |
| \\      /  F ield         | OpenFOAM: The Open Source CFD Toolbox           |
|  \\    /   O peration     | Version:  2406                                  |
|   \\  /    A nd           | Website:  www.openfoam.com                      |
|    \\/     M anipulation  |                                                 |
\*---------------------------------------------------------------------------*/
FoamFile
{
    version     2.0;
    format      ascii;
    arch        "LSB;label=32;scalar=64";
    class       vectorField;
    location    "constant/polyMesh";
    object      points;
}
// * * * * * * * * * * * * * * * * * * * * * * * * * * * * * * * * * * * * * //


434
(
(-0.1 0 -0.05)
(-0.06 0 -0.05)
(-0.02 0 -0.05)
(0.02 0 -0.05)
(0.06 0 -0.05)
(0.1 0 -0.05)
(-0.1 0.004 -0.05)
(-0.06 0.004 -0.05)
(-0.02 0.004 -0.05)
(0.02 0.004 -0.05)
(0.06 0.004 -0.05)
(0.1 0.004 -0.05)
(-0.1 0.008 -0.05)
(-0.06 0.008 -0.05)
(-0.02 0.008 -0.05)
(0.02 0.008 -0.05)
(0.06 0.008 -0.05)
(0.1 0.008 -0.05)
(-0.1 0.012 -0.05)
(-0.06 0.012 -0.05)
(-0.02 0.012 -0.05)
(0.02 0.012 -0.05)
(0.06 0.012 -0.05)
(0.1 0.012 -0.05)
(-0.1 0.016 -0.05)
(-0.06 0.016 -0.05)
(-0.02 0.016 -0.05)
(0.02 0.016 -0.05)
(0.06 0.016 -0.05)
(0.1 0.016 -0.05)
(-0.1 0.02 -0.05)
(-0.06 0.02 -0.05)
(-0.02 0.02 -0.05)
(0.02 0.02 -0.05)
(0.06 0.02 -0.05)
(0.1 0.02 -0.05)
(-0.1 0.024 -0.05)
(-0.06 0.024 -0.05)
(-0.02 0.024 -0.05)
(0.02 0.024 -0.05)
(0.06 0.024 -0.05)
(0.1 0.024 -0.05)
(-0.1 0.028 -0.05)
(-0.06 0.028 -0.05)
(-0.02 0.028 -0.05)
(0.02 0.028 -0.05)
(0.06 0.028 -0.05)
(0.1 0.028 -0.05)
(-0.1 0.032 -0.05)
(-0.06 0.032 -0.05)
(-0.02 0.032 -0.05)
(0.02 0.032 -0.05)
(0.06 0.032 -0.05)
(0.1 0.032 -0.05)
(-0.1 0.036 -0.05)
(-0.06 0.036 -0.05)
(-0.02 0.036 -0.05)
(0.02 0.036 -0.05)
(0.06 0.036 -0.05)
(0.1 0.036 -0.05)
(-0.1 0.04 -0.05)
(-0.06 0.04 -0.05)
(-0.02 0.04 -0.05)
(0.02 0.04 -0.05)
(0.06 0.04 -0.05)
(0.1 0.04 -0.05)
(-0.1 0 0.05)
(-0.06 0 0.05)
(-0.02 0 0.05)
(0.02 0 0.05)
(0.06 0 0.05)
(0.1 0 0.05)
(-0.1 0.004 0.05)
(-0.06 0.004 0.05)
(-0.02 0.004 0.05)
(0.02 0.004 0.05)
(0.06 0.004 0.05)
(0.1 0.004 0.05)
(-0.1 0.008 0.05)
(-0.06 0.008 0.05)
(-0.02 0.008 0.05)
(0.02 0.008 0.05)
(0.06 0.008 0.05)
(0.1 0.008 0.05)
(-0.1 0.012 0.05)
(-0.06 0.012 0.05)
(-0.02 0.012 0.05)
(0.02 0.012 0.05)
(0.06 0.012 0.05)
(0.1 0.012 0.05)
(-0.1 0.016 0.05)
(-0.06 0.016 0.05)
(-0.02 0.016 0.05)
(0.02 0.016 0.05)
(0.06 0.016 0.05)
(0.1 0.016 0.05)
(-0.1 0.02 0.05)
(-0.06 0.02 0.05)
(-0.02 0.02 0.05)
(0.02 0.02 0.05)
(0.06 0.02 0.05)
(0.1 0.02 0.05)
(-0.1 0.024 0.05)
(-0.06 0.024 0.05)
(-0.02 0.024 0.05)
(0.02 0.024 0.05)
(0.06 0.024 0.05)
(0.1 0.024 0.05)
(-0.1 0.028 0.05)
(-0.06 0.028 0.05)
(-0.02 0.028 0.05)
(0.02 0.028 0.05)
(0.06 0.028 0.05)
(0.1 0.028 0.05)
(-0.1 0.032 0.05)
(-0.06 0.032 0.05)
(-0.02 0.032 0.05)
(0.02 0.032 0.05)
(0.06 0.032 0.05)
(0.1 0.032 0.05)
(-0.1 0.036 0.05)
(-0.06 0.036 0.05)
(-0.02 0.036 0.05)
(0.02 0.036 0.05)
(0.06 0.036 0.05)
(0.1 0.036 0.05)
(-0.1 0.04 0.05)
(-0.06 0.04 0.05)
(-0.02 0.04 0.05)
(0.02 0.04 0.05)
(0.06 0.04 0.05)
(0.1 0.04 0.05)
(-0.1 -0.04 -0.05)
(-0.05 -0.04 -0.05)
(0 -0.04 -0.05)
(0.05 -0.04 -0.05)
(0.1 -0.04 -0.05)
(-0.1 -0.036 -0.05)
(-0.05 -0.036 -0.05)
(0 -0.036 -0.05)
(0.05 -0.036 -0.05)
(0.1 -0.036 -0.05)
(-0.1 -0.032 -0.05)
(-0.05 -0.032 -0.05)
(0 -0.032 -0.05)
(0.05 -0.032 -0.05)
(0.1 -0.032 -0.05)
(-0.1 -0.028 -0.05)
(-0.05 -0.028 -0.05)
(0 -0.028 -0.05)
(0.05 -0.028 -0.05)
(0.1 -0.028 -0.05)
(-0.1 -0.024 -0.05)
(-0.05 -0.024 -0.05)
(0 -0.024 -0.05)
(0.05 -0.024 -0.05)
(0.1 -0.024 -0.05)
(-0.1 -0.02 -0.05)
(-0.05 -0.02 -0.05)
(0 -0.02 -0.05)
(0.05 -0.02 -0.05)
(0.1 -0.02 -0.05)
(-0.1 -0.016 -0.05)
(-0.05 -0.016 -0.05)
(0 -0.016 -0.05)
(0.05 -0.016 -0.05)
(0.1 -0.016 -0.05)
(-0.1 -0.012 -0.05)
(-0.05 -0.012 -0.05)
(0 -0.012 -0.05)
(0.05 -0.012 -0.05)
(0.1 -0.012 -0.05)
(-0.1 -0.008 -0.05)
(-0.05 -0.008 -0.05)
(0 -0.008 -0.05)
(0.05 -0.008 -0.05)
(0.1 -0.008 -0.05)
(-0.1 -0.004 -0.05)
(-0.05 -0.004 -0.05)
(0 -0.004 -0.05)
(0.05 -0.004 -0.05)
(0.1 -0.004 -0.05)
(-0.1 0 -0.05)
(-0.05 0 -0.05)
(0 0 -0.05)
(0.05 0 -0.05)
(0.1 0 -0.05)
(-0.1 -0.04 0.05)
(-0.05 -0.04 0.05)
(0 -0.04 0.05)
(0.05 -0.04 0.05)
(0.1 -0.04 0.05)
(-0.1 -0.036 0.05)
(-0.05 -0.036 0.05)
(0 -0.036 0.05)
(0.05 -0.036 0.05)
(0.1 -0.036 0.05)
(-0.1 -0.032 0.05)
(-0.05 -0.032 0.05)
(0 -0.032 0.05)
(0.05 -0.032 0.05)
(0.1 -0.032 0.05)
(-0.1 -0.028 0.05)
(-0.05 -0.028 0.05)
(0 -0.028 0.05)
(0.05 -0.028 0.05)
(0.1 -0.028 0.05)
(-0.1 -0.024 0.05)
(-0.05 -0.024 0.05)
(0 -0.024 0.05)
(0.05 -0.024 0.05)
(0.1 -0.024 0.05)
(-0.1 -0.02 0.05)
(-0.05 -0.02 0.05)
(0 -0.02 0.05)
(0.05 -0.02 0.05)
(0.1 -0.02 0.05)
(-0.1 -0.016 0.05)
(-0.05 -0.016 0.05)
(0 -0.016 0.05)
(0.05 -0.016 0.05)
(0.1 -0.016 0.05)
(-0.1 -0.012 0.05)
(-0.05 -0.012 0.05)
(0 -0.012 0.05)
(0.05 -0.012 0.05)
(0.1 -0.012 0.05)
(-0.1 -0.008 0.05)
(-0.05 -0.008 0.05)
(0 -0.008 0.05)
(0.05 -0.008 0.05)
(0.1 -0.008 0.05)
(-0.1 -0.004 0.05)
(-0.05 -0.004 0.05)
(0 -0.004 0.05)
(0.05 -0.004 0.05)
(0.1 -0.004 0.05)
(-0.1 0 0.05)
(-0.05 0 0.05)
(0 0 0.05)
(0.05 0 0.05)
(0.1 0 0.05)
(0.2 0 -0.05)
(0.2666666667 0 -0.05)
(0.3333333333 0 -0.05)
(0.4 0 -0.05)
(0.2 0.005714285714 -0.05)
(0.2666666667 0.005714285714 -0.05)
(0.3333333333 0.005714285714 -0.05)
(0.4 0.005714285714 -0.05)
(0.2 0.01142857143 -0.05)
(0.2666666667 0.01142857143 -0.05)
(0.3333333333 0.01142857143 -0.05)
(0.4 0.01142857143 -0.05)
(0.2 0.01714285714 -0.05)
(0.2666666667 0.01714285714 -0.05)
(0.3333333333 0.01714285714 -0.05)
(0.4 0.01714285714 -0.05)
(0.2 0.02285714286 -0.05)
(0.2666666667 0.02285714286 -0.05)
(0.3333333333 0.02285714286 -0.05)
(0.4 0.02285714286 -0.05)
(0.2 0.02857142857 -0.05)
(0.2666666667 0.02857142857 -0.05)
(0.3333333333 0.02857142857 -0.05)
(0.4 0.02857142857 -0.05)
(0.2 0.03428571429 -0.05)
(0.2666666667 0.03428571429 -0.05)
(0.3333333333 0.03428571429 -0.05)
(0.4 0.03428571429 -0.05)
(0.2 0.04 -0.05)
(0.2666666667 0.04 -0.05)
(0.3333333333 0.04 -0.05)
(0.4 0.04 -0.05)
(0.2 0 0.05)
(0.2666666667 0 0.05)
(0.3333333333 0 0.05)
(0.4 0 0.05)
(0.2 0.005714285714 0.05)
(0.2666666667 0.005714285714 0.05)
(0.3333333333 0.005714285714 0.05)
(0.4 0.005714285714 0.05)
(0.2 0.01142857143 0.05)
(0.2666666667 0.01142857143 0.05)
(0.3333333333 0.01142857143 0.05)
(0.4 0.01142857143 0.05)
(0.2 0.01714285714 0.05)
(0.2666666667 0.01714285714 0.05)
(0.3333333333 0.01714285714 0.05)
(0.4 0.01714285714 0.05)
(0.2 0.02285714286 0.05)
(0.2666666667 0.02285714286 0.05)
(0.3333333333 0.02285714286 0.05)
(0.4 0.02285714286 0.05)
(0.2 0.02857142857 0.05)
(0.2666666667 0.02857142857 0.05)
(0.3333333333 0.02857142857 0.05)
(0.4 0.02857142857 0.05)
(0.2 0.03428571429 0.05)
(0.2666666667 0.03428571429 0.05)
(0.3333333333 0.03428571429 0.05)
(0.4 0.03428571429 0.05)
(0.2 0.04 0.05)
(0.2666666667 0.04 0.05)
(0.3333333333 0.04 0.05)
(0.4 0.04 0.05)
(0.2 -0.04 -0.05)
(0.2285714286 -0.04 -0.05)
(0.2571428571 -0.04 -0.05)
(0.2857142857 -0.04 -0.05)
(0.3142857143 -0.04 -0.05)
(0.3428571429 -0.04 -0.05)
(0.3714285714 -0.04 -0.05)
(0.4 -0.04 -0.05)
(0.2 -0.03428571429 -0.05)
(0.2285714286 -0.03428571429 -0.05)
(0.2571428571 -0.03428571429 -0.05)
(0.2857142857 -0.03428571429 -0.05)
(0.3142857143 -0.03428571429 -0.05)
(0.3428571429 -0.03428571429 -0.05)
(0.3714285714 -0.03428571429 -0.05)
(0.4 -0.03428571429 -0.05)
(0.2 -0.02857142857 -0.05)
(0.2285714286 -0.02857142857 -0.05)
(0.2571428571 -0.02857142857 -0.05)
(0.2857142857 -0.02857142857 -0.05)
(0.3142857143 -0.02857142857 -0.05)
(0.3428571429 -0.02857142857 -0.05)
(0.3714285714 -0.02857142857 -0.05)
(0.4 -0.02857142857 -0.05)
(0.2 -0.02285714286 -0.05)
(0.2285714286 -0.02285714286 -0.05)
(0.2571428571 -0.02285714286 -0.05)
(0.2857142857 -0.02285714286 -0.05)
(0.3142857143 -0.02285714286 -0.05)
(0.3428571429 -0.02285714286 -0.05)
(0.3714285714 -0.02285714286 -0.05)
(0.4 -0.02285714286 -0.05)
(0.2 -0.01714285714 -0.05)
(0.2285714286 -0.01714285714 -0.05)
(0.2571428571 -0.01714285714 -0.05)
(0.2857142857 -0.01714285714 -0.05)
(0.3142857143 -0.01714285714 -0.05)
(0.3428571429 -0.01714285714 -0.05)
(0.3714285714 -0.01714285714 -0.05)
(0.4 -0.01714285714 -0.05)
(0.2 -0.01142857143 -0.05)
(0.2285714286 -0.01142857143 -0.05)
(0.2571428571 -0.01142857143 -0.05)
(0.2857142857 -0.01142857143 -0.05)
(0.3142857143 -0.01142857143 -0.05)
(0.3428571429 -0.01142857143 -0.05)
(0.3714285714 -0.01142857143 -0.05)
(0.4 -0.01142857143 -0.05)
(0.2 -0.005714285714 -0.05)
(0.2285714286 -0.005714285714 -0.05)
(0.2571428571 -0.005714285714 -0.05)
(0.2857142857 -0.005714285714 -0.05)
(0.3142857143 -0.005714285714 -0.05)
(0.3428571429 -0.005714285714 -0.05)
(0.3714285714 -0.005714285714 -0.05)
(0.4 -0.005714285714 -0.05)
(0.2 0 -0.05)
(0.2285714286 0 -0.05)
(0.2571428571 0 -0.05)
(0.2857142857 0 -0.05)
(0.3142857143 0 -0.05)
(0.3428571429 0 -0.05)
(0.3714285714 0 -0.05)
(0.4 0 -0.05)
(0.2 -0.04 0.05)
(0.2285714286 -0.04 0.05)
(0.2571428571 -0.04 0.05)
(0.2857142857 -0.04 0.05)
(0.3142857143 -0.04 0.05)
(0.3428571429 -0.04 0.05)
(0.3714285714 -0.04 0.05)
(0.4 -0.04 0.05)
(0.2 -0.03428571429 0.05)
(0.2285714286 -0.03428571429 0.05)
(0.2571428571 -0.03428571429 0.05)
(0.2857142857 -0.03428571429 0.05)
(0.3142857143 -0.03428571429 0.05)
(0.3428571429 -0.03428571429 0.05)
(0.3714285714 -0.03428571429 0.05)
(0.4 -0.03428571429 0.05)
(0.2 -0.02857142857 0.05)
(0.2285714286 -0.02857142857 0.05)
(0.2571428571 -0.02857142857 0.05)
(0.2857142857 -0.02857142857 0.05)
(0.3142857143 -0.02857142857 0.05)
(0.3428571429 -0.02857142857 0.05)
(0.3714285714 -0.02857142857 0.05)
(0.4 -0.02857142857 0.05)
(0.2 -0.02285714286 0.05)
(0.2285714286 -0.02285714286 0.05)
(0.2571428571 -0.02285714286 0.05)
(0.2857142857 -0.02285714286 0.05)
(0.3142857143 -0.02285714286 0.05)
(0.3428571429 -0.02285714286 0.05)
(0.3714285714 -0.02285714286 0.05)
(0.4 -0.02285714286 0.05)
(0.2 -0.01714285714 0.05)
(0.2285714286 -0.01714285714 0.05)
(0.2571428571 -0.01714285714 0.05)
(0.2857142857 -0.01714285714 0.05)
(0.3142857143 -0.01714285714 0.05)
(0.3428571429 -0.01714285714 0.05)
(0.3714285714 -0.01714285714 0.05)
(0.4 -0.01714285714 0.05)
(0.2 -0.01142857143 0.05)
(0.2285714286 -0.01142857143 0.05)
(0.2571428571 -0.01142857143 0.05)
(0.2857142857 -0.01142857143 0.05)
(0.3142857143 -0.01142857143 0.05)
(0.3428571429 -0.01142857143 0.05)
(0.3714285714 -0.01142857143 0.05)
(0.4 -0.01142857143 0.05)
(0.2 -0.005714285714 0.05)
(0.2285714286 -0.005714285714 0.05)
(0.2571428571 -0.005714285714 0.05)
(0.2857142857 -0.005714285714 0.05)
(0.3142857143 -0.005714285714 0.05)
(0.3428571429 -0.005714285714 0.05)
(0.3714285714 -0.005714285714 0.05)
(0.4 -0.005714285714 0.05)
(0.2 0 0.05)
(0.2285714286 0 0.05)
(0.2571428571 0 0.05)
(0.2857142857 0 0.05)
(0.3142857143 0 0.05)
(0.3428571429 0 0.05)
(0.3714285714 0 0.05)
(0.4 0 0.05)
)


// ************************************************************************* //
