/*--------------------------------*- C++ -*----------------------------------*\
| =========                 |                                                 |
| \\      /  F ield         | OpenFOAM: The Open Source CFD Toolbox           |
|  \\    /   O peration     | Version:  2406                                  |
|   \\  /    A nd           | Website:  www.openfoam.com                      |
|    \\/     M anipulation  |                                                 |
\*---------------------------------------------------------------------------*/
FoamFile
{
    version     2.0;
    format      ascii;
    arch        "LSB;label=32;scalar=64";
    class       cellSet;
    location    "constant/polyMesh/sets";
    object      concaveCells;
}
// * * * * * * * * * * * * * * * * * * * * * * * * * * * * * * * * * * * * * //


2138
(
4106
45074
45075
45076
45077
32789
32791
32793
32797
32799
32800
32801
32802
32805
4134
4135
32808
4136
4137
4138
4139
4140
4141
4142
4143
4144
4145
45157
24682
24683
24686
24687
24689
24690
24693
24694
24710
24712
24714
24716
24717
24719
24721
24723
24731
24732
4254
4255
24735
4256
24736
4257
4258
24738
4259
24739
4260
4261
4262
24742
4263
24743
4264
4265
24759
24761
24763
24765
24766
24768
24770
24772
4293
24780
24781
24784
24785
4306
24787
24788
24791
24792
24808
24810
4332
24812
24814
24815
4336
4337
24817
4338
4339
24819
4340
4341
24821
4342
4343
4347
24829
24830
24833
24834
24836
24837
24840
24841
4372
4375
24857
24859
24861
24863
24864
24866
4387
24868
24870
24878
24879
24882
24883
24885
24886
24889
24890
4412
4424
4425
24906
16715
4427
24908
24910
16719
16720
24912
16721
24913
16722
24915
24917
16726
16727
24919
16728
16729
16733
16734
16735
24927
16736
24928
24931
16740
4452
24932
16741
16742
24934
16743
24935
24938
16747
24939
16748
16749
16750
4464
4465
16754
16755
4467
16756
16757
16761
16762
16763
24955
16764
24957
24959
16768
16769
24961
16770
24962
16771
24964
24966
24968
16777
4492
24972
24974
4504
4505
4507
16797
16799
16803
16804
16805
16806
16810
4532
25021
25023
4544
4545
4547
16846
16852
16853
16854
16855
16859
4572
16861
4584
4585
4587
20973
25070
20976
25072
16881
16883
20980
16887
20983
16888
16889
16890
4612
4616
4625
4627
21022
25119
21025
25121
21029
16936
21032
16937
16938
16939
4652
16943
16945
4664
4667
16965
16967
16971
16972
16973
16974
21071
25168
21074
25170
4693
21078
21081
4706
17020
17021
17022
4734
17023
4735
4736
21120
4737
25217
4738
17027
4739
21123
25219
4740
17029
4741
4742
4743
21127
4744
4745
21130
17049
17051
41629
17055
17056
17057
17058
41636
41637
41639
41640
21169
21172
21176
21179
41671
41672
41674
41675
41678
17104
17105
17106
17107
17111
17113
21218
21221
21225
21228
17133
17135
17139
17140
17141
17142
4854
4855
4856
4857
4858
4859
17148
4860
4861
4862
4863
4864
4865
4893
17184
17188
17189
17190
17191
4906
17195
17197
17210
17216
17217
17218
17219
4932
17223
17224
4936
17225
4937
17226
4938
4939
4940
4941
17230
4942
17231
4943
17232
17233
4947
17237
17238
17239
17240
17244
17245
17246
17247
17251
17252
17253
17254
17258
17259
17260
4972
17261
4975
17265
17266
17267
17268
17272
4987
5012
5016
37793
5025
37794
37795
5027
5052
5056
37828
37829
37830
5065
5067
5092
37863
37864
5096
37865
5105
17394
5107
17396
17397
17398
17399
17403
17404
17405
17406
17410
17411
17412
17413
17417
37898
17418
37899
17419
37900
17420
5132
17424
5136
17425
17426
17427
17431
17432
17433
5145
17434
5147
17438
17439
17440
17441
17445
17446
17447
17448
37933
37934
37935
17456
5172
5176
17471
17472
17473
5185
17475
5187
17495
17497
5212
17505
17511
17513
5225
17515
5227
5252
5264
5267
42140
42147
42149
42150
42151
17577
17579
5293
17587
17589
5306
17595
17597
17599
42182
42184
42185
42186
42189
5334
5335
5336
5337
5338
5339
5340
5341
5342
5343
5344
5345
17661
17663
17671
17673
17679
17681
17683
5455
5456
17745
5457
5458
17747
5459
5460
5461
5462
5463
5464
34139
17755
34140
17757
34142
34143
34146
34147
17763
34149
17765
34150
17767
5494
5505
34181
34182
34184
34185
34188
34189
34191
34192
5533
17829
17831
5546
34223
17839
34224
17841
34226
34227
34230
34231
17847
34233
17849
34234
17851
5572
5576
5577
5578
5579
5580
5581
5582
5583
5587
34265
34266
34268
34269
34272
34273
34275
34276
5612
5616
5617
5623
5624
17913
17915
5627
34307
17923
34308
17925
34310
34311
34314
34315
17931
34317
34318
17936
17939
5652
5656
5663
5664
5667
26155
34349
34350
26158
34352
34353
26162
34356
34357
26165
34359
34360
5692
5696
34370
34372
34373
34374
5703
5704
34377
34379
5707
34380
34381
17997
17998
18003
18007
26204
26207
26211
5732
34405
18022
26214
34407
34408
5736
34409
18025
34412
34414
18030
34415
18031
5743
34416
18032
5744
5747
18037
18038
18039
38521
18044
18045
18046
18051
18052
18053
42630
42631
42632
34440
34442
18058
34443
18059
34444
18060
5772
26253
34447
5776
26256
34449
18065
34450
18066
34451
18067
22163
42644
26260
42645
42646
5783
22167
26263
18072
5784
18073
18074
22170
5787
22174
18079
18080
42658
42659
42660
18084
38571
34475
38572
38573
34477
38574
34478
34479
42672
42673
42674
34482
34484
5812
34485
34486
5816
5817
5818
5819
5820
5821
5822
26302
5823
5824
26305
5827
22212
26309
22216
26312
22219
34510
22223
34512
34513
34514
34517
34519
34520
34521
5853
5866
42735
26351
42736
42737
34545
26354
34547
34548
34549
22261
26358
34552
22265
26361
34554
34555
34556
22268
42749
42750
42751
22272
5894
42763
42764
42765
5905
42777
42778
42779
26400
26403
22310
42791
26407
42792
18216
42793
22314
26410
18220
18221
22317
5935
18224
5936
18225
5937
22321
5938
5939
18228
5940
42805
5941
42806
5942
42807
18231
5943
18232
5944
18235
18238
18239
18242
42819
42820
42821
18245
18246
18249
18252
18253
18256
18259
18260
18263
22359
18266
18267
22363
18270
22366
18273
18274
22370
18278
18282
18293
18297
18301
42882
42883
42884
18312
22408
18314
18316
22412
18318
1935
18319
22415
42896
1936
42897
1937
18321
42898
1938
1939
18323
22419
1940
1941
18325
22421
1942
18326
1943
22423
1944
18328
22425
18330
22427
18332
18333
42910
42911
18335
42912
18337
18339
18340
18342
18344
18346
22442
18347
42924
42925
18349
22445
42926
18351
22447
22448
18353
22449
18354
18356
22452
18357
22454
1975
18359
22455
1976
1977
18361
42938
1978
42939
1979
42940
1980
1981
18365
1982
1983
1984
18369
18373
22470
18375
42952
22472
42953
18377
42954
22474
18379
22476
18381
18382
6095
6096
18384
6097
6098
18386
6099
6100
18388
6101
42966
6102
42967
6103
42968
6104
22491
22494
2015
2016
22496
22497
22498
22501
2023
22503
2024
22504
6134
22519
22521
22523
22525
6145
2055
22540
18446
22543
2064
18448
22545
18450
22546
22547
43029
18453
43030
22550
43031
18455
22552
18457
22553
18459
6173
18461
6174
18463
18465
18466
43043
43044
18468
43045
18470
18472
22568
6185
6186
22570
22572
22574
2095
43057
43058
43059
2104
34874
34876
34877
22589
34878
43071
43072
22592
43073
34881
22594
34883
22595
34884
22596
34885
6213
6214
22599
22601
22602
43085
43086
43087
6225
6226
2135
22617
43099
22619
43100
43101
34909
22621
34911
22623
34912
2144
34913
18530
34916
18532
34918
18534
34919
34920
43113
18537
43114
43115
18539
6253
18541
6254
22638
18543
18545
22641
18547
22643
22644
18549
22645
18550
18552
22648
6265
6266
18554
22650
22651
18556
2175
34944
2176
34946
34947
34948
34951
2183
2184
34953
34954
22666
34955
22668
22670
22672
6293
6294
22687
6305
6306
22690
34979
22692
34981
22693
34982
22694
34983
2215
43176
2216
43177
2217
22697
43178
34986
2218
2219
22699
34988
2220
22700
34989
2221
34990
2222
2223
2224
43190
18614
43191
43192
18616
18618
6333
18621
6334
18623
18625
18627
43204
43205
18629
43206
35014
18631
35016
35017
6345
18633
35018
6346
18634
18636
35021
18638
35023
2255
35024
2256
18640
35025
2257
43218
2258
43219
2259
43220
2260
2261
2262
2263
2264
43232
43233
43234
6373
6374
35049
35051
35052
35053
43246
43247
43248
35056
6385
35058
6386
35059
35060
43260
43261
43262
35078
35079
35080
35081
18698
18700
6413
6414
18702
18705
18707
18709
18711
6425
18713
6426
18715
18717
18718
18720
18722
18724
35113
35114
35115
35116
6454
43323
43324
43325
6465
43337
43338
43339
35148
35149
35150
35151
43351
43352
43353
18782
6495
6496
18784
6497
6498
18786
6499
6500
6501
18789
6502
6503
18791
6504
18793
10603
18795
10605
35183
18799
35184
35185
35186
10611
18803
10613
18807
10617
18810
10619
18812
18814
10625
10627
10631
10633
10639
10641
35218
35219
35220
35221
10645
10647
10653
10655
10659
10661
10667
10669
10671
10675
18867
35253
35254
35255
10679
18871
35256
10683
18875
2495
2496
2497
2498
2499
2500
2501
2502
18886
2503
2504
18890
18894
18895
18898
18899
18901
18902
18905
18906
18908
18909
18912
18913
10722
18915
18916
10726
2534
18919
18920
10730
18922
18923
10734
18926
18927
2545
18929
18930
10740
18933
10742
18934
18936
18937
10748
18940
18941
18943
18944
10754
18947
10756
18948
18952
10762
2573
2574
10768
10770
10776
2585
2586
10782
10784
10790
10796
10798
2613
2614
2625
2626
6735
6736
6737
6738
6739
6740
6741
6742
6743
6744
2653
2654
2665
2666
6775
6776
6777
6778
6779
6780
6781
6782
6783
6784
2693
2694
19084
2705
19089
2706
19094
19095
19096
19101
19102
6815
19103
6816
19108
19109
19110
6823
6824
19115
19116
2733
19117
2734
19122
19123
19124
2745
19129
2746
19130
19131
19136
19137
19138
6855
19143
19144
19146
6864
19154
2773
2774
19163
19164
2785
2786
6895
6904
2813
2814
2825
2826
31501
31503
31505
31507
19222
31510
43799
6935
31512
19225
31513
31514
19228
31517
43806
19230
43808
6944
31520
43809
31521
43810
19236
31524
2854
19238
31526
31527
19246
19248
2865
19251
19253
19255
19260
31549
19262
6975
6976
31552
43841
31554
43843
19267
31555
43844
43845
19269
31557
6983
31559
43848
6984
31561
19274
31563
19276
31566
2895
2896
31568
2897
19281
31569
2898
31570
2899
19283
2900
2901
31573
2902
2903
2904
19288
31576
19290
19295
19297
19301
7015
19303
7016
19304
7017
19305
7018
7019
7020
7021
7022
19310
7023
31599
7024
19312
31601
19314
31603
31605
19320
31608
19322
31610
31611
31612
31615
19330
31618
31619
19332
31622
19335
31624
19337
31625
19339
7055
7056
7057
7058
7059
7060
7061
7062
7063
7064
31647
31650
31652
31653
31655
31657
31659
31661
31664
31666
31667
31668
31671
19385
31674
19387
19388
19389
19394
19396
19398
19404
19406
31697
31699
31701
19414
31703
19416
31706
19419
31708
19421
31709
31710
19423
31713
31716
31717
31720
31722
31723
3055
3056
3057
3058
3059
3060
3061
3062
3063
3064
31745
31748
31750
31751
31753
31755
19469
31757
19471
31759
19472
19473
31762
31764
31765
3094
19478
31766
19480
31769
19482
31772
19488
3105
19490
19498
19500
19503
19505
19507
31795
31797
31799
31801
31804
3133
31806
31807
31808
31811
31814
31815
3146
31818
31820
31821
19553
19555
31843
3172
19556
19557
31846
31848
31849
19562
31851
19564
31853
19566
31855
31857
3187
19572
31860
19574
31862
31863
31864
31867
19582
31870
19584
19587
19589
19591
3212
31893
31895
31897
3227
31899
31902
31904
31905
31906
31909
31912
31913
31916
31918
31919
3252
19637
19639
19640
19641
19646
19648
19650
3267
31941
31944
19656
31946
31947
31949
31951
19664
31953
19666
31955
19669
31958
31960
31961
31962
3292
31965
19678
19679
31968
19680
31969
19681
31971
31972
19685
31974
19686
19687
19688
31977
31979
3307
19692
31981
19693
19694
19695
19699
19700
19701
19702
19706
19707
19708
19709
31998
31999
32000
19713
19714
32003
19715
32004
3332
19716
32007
32010
19728
19730
3347
19731
19740
32033
32035
19748
32037
19749
19750
19751
32040
32041
32042
19755
3372
19756
32045
19757
19758
19762
19763
19764
19765
19769
19770
3387
19771
32060
19772
32063
19776
19777
32066
19778
19779
19783
19784
19785
19786
19790
19791
19792
19793
3412
19797
19798
19799
19800
3427
3453
3466
3494
3505
3535
3536
3537
3538
3539
3540
19924
3541
3542
3543
3544
19929
19930
19931
19936
19937
19938
19943
19944
19945
19950
19951
19952
19957
19958
19959
19964
19965
19966
19971
19972
19973
32263
32265
32266
19978
19979
32268
19980
32270
32273
19986
32276
19999
20001
32292
32293
32294
20006
20007
20008
32297
32299
32301
32303
32305
32307
32308
32310
32326
3654
3655
3656
32329
3657
3658
3659
32332
3660
3661
32334
3662
32335
3663
32336
3664
20048
3665
32339
20055
20056
20057
32349
32351
20063
32352
32353
32354
32357
32360
32363
32365
3693
32366
32367
20083
20085
3706
20090
20091
20092
32397
32399
32401
3732
32405
32407
32408
32409
32410
32413
32416
3747
20139
20140
20141
20147
3772
32447
32449
32450
32451
32452
32455
20167
3784
20169
32458
3787
32461
20174
32463
20175
32464
20176
32465
3812
3815
32495
32497
32499
3827
32503
32505
32506
32507
32508
32511
20223
20224
20225
32514
20231
3852
3855
3867
20251
20253
32545
20258
32547
20259
32548
20260
32549
32550
32553
32556
32559
32561
32562
32563
3892
3895
3907
32593
32595
20307
20308
32597
20309
32601
32603
20315
32604
3932
32605
32606
3935
32609
32612
3947
20335
20337
20342
20343
20344
20350
32643
3972
32645
32646
32647
3975
32648
32651
32654
32657
32659
3987
32660
32661
20386
20391
20392
20393
4012
4015
20399
32691
32693
32695
32699
4027
20412
32701
32702
32703
32704
32707
20419
20420
20421
32710
20426
20427
20428
20433
20434
20435
4052
4056
20440
4057
20441
4058
20442
4059
4060
4061
4062
4063
20447
20448
20449
4067
32741
20454
32743
20455
32744
20456
32745
32746
32749
20461
20462
20463
32752
32755
20468
32757
20469
32758
20470
32759
4093
)


// ************************************************************************* //
