/*--------------------------------*- C++ -*----------------------------------*\
| =========                 |                                                 |
| \\      /  F ield         | OpenFOAM: The Open Source CFD Toolbox           |
|  \\    /   O peration     | Version:  2406                                  |
|   \\  /    A nd           | Website:  www.openfoam.com                      |
|    \\/     M anipulation  |                                                 |
\*---------------------------------------------------------------------------*/
FoamFile
{
    version     2.0;
    format      ascii;
    arch        "LSB;label=32;scalar=64";
    note        "nPoints:3814  nCells:1800  nFaces:7306  nInternalFaces:3494";
    class       labelList;
    location    "constant/polyMesh";
    object      neighbour;
}
// * * * * * * * * * * * * * * * * * * * * * * * * * * * * * * * * * * * * * //


3494
(
1
40
2
41
3
42
4
43
5
44
6
45
7
46
8
47
9
48
10
49
11
50
12
51
13
52
14
53
15
54
16
55
17
56
18
57
19
58
20
59
21
60
22
61
23
62
24
63
25
64
26
65
27
66
28
67
29
68
30
69
31
70
32
71
33
72
34
73
35
74
36
75
37
76
38
77
39
78
79
480
41
80
42
81
43
82
44
83
45
84
46
85
47
86
48
87
49
88
50
89
51
90
52
91
53
92
54
93
55
94
56
95
57
96
58
97
59
98
60
99
61
100
62
101
63
102
64
103
65
104
66
105
67
106
68
107
69
108
70
109
71
110
72
111
73
112
74
113
75
114
76
115
77
116
78
117
79
118
119
510
81
120
82
121
83
122
84
123
85
124
86
125
87
126
88
127
89
128
90
129
91
130
92
131
93
132
94
133
95
134
96
135
97
136
98
137
99
138
100
139
101
140
102
141
103
142
104
143
105
144
106
145
107
146
108
147
109
148
110
149
111
150
112
151
113
152
114
153
115
154
116
155
117
156
118
157
119
158
159
540
121
160
122
161
123
162
124
163
125
164
126
165
127
166
128
167
129
168
130
169
131
170
132
171
133
172
134
173
135
174
136
175
137
176
138
177
139
178
140
179
141
180
142
181
143
182
144
183
145
184
146
185
147
186
148
187
149
188
150
189
151
190
152
191
153
192
154
193
155
194
156
195
157
196
158
197
159
198
199
570
161
200
162
201
163
202
164
203
165
204
166
205
167
206
168
207
169
208
170
209
171
210
172
211
173
212
174
213
175
214
176
215
177
216
178
217
179
218
180
219
181
220
182
221
183
222
184
223
185
224
186
225
187
226
188
227
189
228
190
229
191
230
192
231
193
232
194
233
195
234
196
235
197
236
198
237
199
238
239
600
201
240
202
241
203
242
204
243
205
244
206
245
207
246
208
247
209
248
210
249
211
250
212
251
213
252
214
253
215
254
216
255
217
256
218
257
219
258
220
259
221
260
222
261
223
262
224
263
225
264
226
265
227
266
228
267
229
268
230
269
231
270
232
271
233
272
234
273
235
274
236
275
237
276
238
277
239
278
279
630
241
280
242
281
243
282
244
283
245
284
246
285
247
286
248
287
249
288
250
289
251
290
252
291
253
292
254
293
255
294
256
295
257
296
258
297
259
298
260
299
261
300
262
301
263
302
264
303
265
304
266
305
267
306
268
307
269
308
270
309
271
310
272
311
273
312
274
313
275
314
276
315
277
316
278
317
279
318
319
660
281
320
282
321
283
322
284
323
285
324
286
325
287
326
288
327
289
328
290
329
291
330
292
331
293
332
294
333
295
334
296
335
297
336
298
337
299
338
300
339
301
340
302
341
303
342
304
343
305
344
306
345
307
346
308
347
309
348
310
349
311
350
312
351
313
352
314
353
315
354
316
355
317
356
318
357
319
358
359
690
321
360
322
361
323
362
324
363
325
364
326
365
327
366
328
367
329
368
330
369
331
370
332
371
333
372
334
373
335
374
336
375
337
376
338
377
339
378
340
379
341
380
342
381
343
382
344
383
345
384
346
385
347
386
348
387
349
388
350
389
351
390
352
391
353
392
354
393
355
394
356
395
357
396
358
397
359
398
399
720
361
400
362
401
363
402
364
403
365
404
366
405
367
406
368
407
369
408
370
409
371
410
372
411
373
412
374
413
375
414
376
415
377
416
378
417
379
418
380
419
381
420
382
421
383
422
384
423
385
424
386
425
387
426
388
427
389
428
390
429
391
430
392
431
393
432
394
433
395
434
396
435
397
436
398
437
399
438
439
750
401
440
402
441
403
442
404
443
405
444
406
445
407
446
408
447
409
448
410
449
411
450
412
451
413
452
414
453
415
454
416
455
417
456
418
457
419
458
420
459
421
460
422
461
423
462
424
463
425
464
426
465
427
466
428
467
429
468
430
469
431
470
432
471
433
472
434
473
435
474
436
475
437
476
438
477
439
478
479
780
441
840
442
841
443
842
444
843
445
844
446
845
447
846
448
847
449
848
450
849
451
850
452
851
453
852
454
853
455
854
456
855
457
856
458
857
459
858
460
859
461
860
462
861
463
862
464
863
465
864
466
865
467
866
468
867
469
868
470
869
471
870
472
871
473
872
474
873
475
874
476
875
477
876
478
877
479
878
810
879
481
510
482
511
483
512
484
513
485
514
486
515
487
516
488
517
489
518
490
519
491
520
492
521
493
522
494
523
495
524
496
525
497
526
498
527
499
528
500
529
501
530
502
531
503
532
504
533
505
534
506
535
507
536
508
537
509
538
539
511
540
512
541
513
542
514
543
515
544
516
545
517
546
518
547
519
548
520
549
521
550
522
551
523
552
524
553
525
554
526
555
527
556
528
557
529
558
530
559
531
560
532
561
533
562
534
563
535
564
536
565
537
566
538
567
539
568
569
541
570
542
571
543
572
544
573
545
574
546
575
547
576
548
577
549
578
550
579
551
580
552
581
553
582
554
583
555
584
556
585
557
586
558
587
559
588
560
589
561
590
562
591
563
592
564
593
565
594
566
595
567
596
568
597
569
598
599
571
600
572
601
573
602
574
603
575
604
576
605
577
606
578
607
579
608
580
609
581
610
582
611
583
612
584
613
585
614
586
615
587
616
588
617
589
618
590
619
591
620
592
621
593
622
594
623
595
624
596
625
597
626
598
627
599
628
629
601
630
602
631
603
632
604
633
605
634
606
635
607
636
608
637
609
638
610
639
611
640
612
641
613
642
614
643
615
644
616
645
617
646
618
647
619
648
620
649
621
650
622
651
623
652
624
653
625
654
626
655
627
656
628
657
629
658
659
631
660
632
661
633
662
634
663
635
664
636
665
637
666
638
667
639
668
640
669
641
670
642
671
643
672
644
673
645
674
646
675
647
676
648
677
649
678
650
679
651
680
652
681
653
682
654
683
655
684
656
685
657
686
658
687
659
688
689
661
690
662
691
663
692
664
693
665
694
666
695
667
696
668
697
669
698
670
699
671
700
672
701
673
702
674
703
675
704
676
705
677
706
678
707
679
708
680
709
681
710
682
711
683
712
684
713
685
714
686
715
687
716
688
717
689
718
719
691
720
692
721
693
722
694
723
695
724
696
725
697
726
698
727
699
728
700
729
701
730
702
731
703
732
704
733
705
734
706
735
707
736
708
737
709
738
710
739
711
740
712
741
713
742
714
743
715
744
716
745
717
746
718
747
719
748
749
721
750
722
751
723
752
724
753
725
754
726
755
727
756
728
757
729
758
730
759
731
760
732
761
733
762
734
763
735
764
736
765
737
766
738
767
739
768
740
769
741
770
742
771
743
772
744
773
745
774
746
775
747
776
748
777
749
778
779
751
780
752
781
753
782
754
783
755
784
756
785
757
786
758
787
759
788
760
789
761
790
762
791
763
792
764
793
765
794
766
795
767
796
768
797
769
798
770
799
771
800
772
801
773
802
774
803
775
804
776
805
777
806
778
807
779
808
809
781
810
782
811
783
812
784
813
785
814
786
815
787
816
788
817
789
818
790
819
791
820
792
821
793
822
794
823
795
824
796
825
797
826
798
827
799
828
800
829
801
830
802
831
803
832
804
833
805
834
806
835
807
836
808
837
809
838
839
811
812
813
814
815
816
817
818
819
820
821
822
823
824
825
826
827
828
829
830
831
832
833
834
835
836
837
838
839
841
880
842
881
843
882
844
883
845
884
846
885
847
886
848
887
849
888
850
889
851
890
852
891
853
892
854
893
855
894
856
895
857
896
858
897
859
898
860
899
861
900
862
901
863
902
864
903
865
904
866
905
867
906
868
907
869
908
870
909
871
910
872
911
873
912
874
913
875
914
876
915
877
916
878
917
879
918
919
881
920
882
921
883
922
884
923
885
924
886
925
887
926
888
927
889
928
890
929
891
930
892
931
893
932
894
933
895
934
896
935
897
936
898
937
899
938
900
939
901
940
902
941
903
942
904
943
905
944
906
945
907
946
908
947
909
948
910
949
911
950
912
951
913
952
914
953
915
954
916
955
917
956
918
957
919
958
959
921
960
922
961
923
962
924
963
925
964
926
965
927
966
928
967
929
968
930
969
931
970
932
971
933
972
934
973
935
974
936
975
937
976
938
977
939
978
940
979
941
980
942
981
943
982
944
983
945
984
946
985
947
986
948
987
949
988
950
989
951
990
952
991
953
992
954
993
955
994
956
995
957
996
958
997
959
998
999
961
1000
962
1001
963
1002
964
1003
965
1004
966
1005
967
1006
968
1007
969
1008
970
1009
971
1010
972
1011
973
1012
974
1013
975
1014
976
1015
977
1016
978
1017
979
1018
980
1019
981
1020
982
1021
983
1022
984
1023
985
1024
986
1025
987
1026
988
1027
989
1028
990
1029
991
1030
992
1031
993
1032
994
1033
995
1034
996
1035
997
1036
998
1037
999
1038
1039
1001
1040
1002
1041
1003
1042
1004
1043
1005
1044
1006
1045
1007
1046
1008
1047
1009
1048
1010
1049
1011
1050
1012
1051
1013
1052
1014
1053
1015
1054
1016
1055
1017
1056
1018
1057
1019
1058
1020
1059
1021
1060
1022
1061
1023
1062
1024
1063
1025
1064
1026
1065
1027
1066
1028
1067
1029
1068
1030
1069
1031
1070
1032
1071
1033
1072
1034
1073
1035
1074
1036
1075
1037
1076
1038
1077
1039
1078
1079
1041
1080
1042
1081
1043
1082
1044
1083
1045
1084
1046
1085
1047
1086
1048
1087
1049
1088
1050
1089
1051
1090
1052
1091
1053
1092
1054
1093
1055
1094
1056
1095
1057
1096
1058
1097
1059
1098
1060
1099
1061
1100
1062
1101
1063
1102
1064
1103
1065
1104
1066
1105
1067
1106
1068
1107
1069
1108
1070
1109
1071
1110
1072
1111
1073
1112
1074
1113
1075
1114
1076
1115
1077
1116
1078
1117
1079
1118
1119
1081
1120
1082
1121
1083
1122
1084
1123
1085
1124
1086
1125
1087
1126
1088
1127
1089
1128
1090
1129
1091
1130
1092
1131
1093
1132
1094
1133
1095
1134
1096
1135
1097
1136
1098
1137
1099
1138
1100
1139
1101
1140
1102
1141
1103
1142
1104
1143
1105
1144
1106
1145
1107
1146
1108
1147
1109
1148
1110
1149
1111
1150
1112
1151
1113
1152
1114
1153
1115
1154
1116
1155
1117
1156
1118
1157
1119
1158
1159
1121
1160
1122
1161
1123
1162
1124
1163
1125
1164
1126
1165
1127
1166
1128
1167
1129
1168
1130
1169
1131
1170
1132
1171
1133
1172
1134
1173
1135
1174
1136
1175
1137
1176
1138
1177
1139
1178
1140
1179
1141
1180
1142
1181
1143
1182
1144
1183
1145
1184
1146
1185
1147
1186
1148
1187
1149
1188
1150
1189
1151
1190
1152
1191
1153
1192
1154
1193
1155
1194
1156
1195
1157
1196
1158
1197
1159
1198
1199
1161
1200
1162
1201
1163
1202
1164
1203
1165
1204
1166
1205
1167
1206
1168
1207
1169
1208
1170
1209
1171
1210
1172
1211
1173
1212
1174
1213
1175
1214
1176
1215
1177
1216
1178
1217
1179
1218
1180
1219
1181
1220
1182
1221
1183
1222
1184
1223
1185
1224
1186
1225
1187
1226
1188
1227
1189
1228
1190
1229
1191
1230
1192
1231
1193
1232
1194
1233
1195
1234
1196
1235
1197
1236
1198
1237
1199
1238
1239
1201
1240
1202
1241
1203
1242
1204
1243
1205
1244
1206
1245
1207
1246
1208
1247
1209
1248
1210
1249
1211
1250
1212
1251
1213
1252
1214
1253
1215
1254
1216
1255
1217
1256
1218
1257
1219
1258
1220
1259
1221
1260
1222
1261
1223
1262
1224
1263
1225
1264
1226
1265
1227
1266
1228
1267
1229
1268
1230
1269
1231
1270
1232
1271
1233
1272
1234
1273
1235
1274
1236
1275
1237
1276
1238
1277
1239
1278
1279
1241
1280
1242
1281
1243
1282
1244
1283
1245
1284
1246
1285
1247
1286
1248
1287
1249
1288
1250
1289
1251
1290
1252
1291
1253
1292
1254
1293
1255
1294
1256
1295
1257
1296
1258
1297
1259
1298
1260
1299
1261
1300
1262
1301
1263
1302
1264
1303
1265
1304
1266
1305
1267
1306
1268
1307
1269
1308
1270
1309
1271
1310
1272
1311
1273
1312
1274
1313
1275
1314
1276
1315
1277
1316
1278
1317
1279
1318
1319
1281
1320
1282
1321
1283
1322
1284
1323
1285
1324
1286
1325
1287
1326
1288
1327
1289
1328
1290
1329
1291
1330
1292
1331
1293
1332
1294
1333
1295
1334
1296
1335
1297
1336
1298
1337
1299
1338
1300
1339
1301
1340
1302
1341
1303
1342
1304
1343
1305
1344
1306
1345
1307
1346
1308
1347
1309
1348
1310
1349
1311
1350
1312
1351
1313
1352
1314
1353
1315
1354
1316
1355
1317
1356
1318
1357
1319
1358
1359
1321
1360
1322
1361
1323
1362
1324
1363
1325
1364
1326
1365
1327
1366
1328
1367
1329
1368
1330
1369
1331
1370
1332
1371
1333
1372
1334
1373
1335
1374
1336
1375
1337
1376
1338
1377
1339
1378
1340
1379
1341
1380
1342
1381
1343
1382
1344
1383
1345
1384
1346
1385
1347
1386
1348
1387
1349
1388
1350
1389
1351
1390
1352
1391
1353
1392
1354
1393
1355
1394
1356
1395
1357
1396
1358
1397
1359
1398
1399
1361
1400
1362
1401
1363
1402
1364
1403
1365
1404
1366
1405
1367
1406
1368
1407
1369
1408
1370
1409
1371
1410
1372
1411
1373
1412
1374
1413
1375
1414
1376
1415
1377
1416
1378
1417
1379
1418
1380
1419
1381
1420
1382
1421
1383
1422
1384
1423
1385
1424
1386
1425
1387
1426
1388
1427
1389
1428
1390
1429
1391
1430
1392
1431
1393
1432
1394
1433
1395
1434
1396
1435
1397
1436
1398
1437
1399
1438
1439
1401
1440
1402
1441
1403
1442
1404
1443
1405
1444
1406
1445
1407
1446
1408
1447
1409
1448
1410
1449
1411
1450
1412
1451
1413
1452
1414
1453
1415
1454
1416
1455
1417
1456
1418
1457
1419
1458
1420
1459
1421
1460
1422
1461
1423
1462
1424
1463
1425
1464
1426
1465
1427
1466
1428
1467
1429
1468
1430
1469
1431
1470
1432
1471
1433
1472
1434
1473
1435
1474
1436
1475
1437
1476
1438
1477
1439
1478
1479
1441
1480
1442
1481
1443
1482
1444
1483
1445
1484
1446
1485
1447
1486
1448
1487
1449
1488
1450
1489
1451
1490
1452
1491
1453
1492
1454
1493
1455
1494
1456
1495
1457
1496
1458
1497
1459
1498
1460
1499
1461
1500
1462
1501
1463
1502
1464
1503
1465
1504
1466
1505
1467
1506
1468
1507
1469
1508
1470
1509
1471
1510
1472
1511
1473
1512
1474
1513
1475
1514
1476
1515
1477
1516
1478
1517
1479
1518
1519
1481
1520
1482
1521
1483
1522
1484
1523
1485
1524
1486
1525
1487
1526
1488
1527
1489
1528
1490
1529
1491
1530
1492
1531
1493
1532
1494
1533
1495
1534
1496
1535
1497
1536
1498
1537
1499
1538
1500
1539
1501
1540
1502
1541
1503
1542
1504
1543
1505
1544
1506
1545
1507
1546
1508
1547
1509
1548
1510
1549
1511
1550
1512
1551
1513
1552
1514
1553
1515
1554
1516
1555
1517
1556
1518
1557
1519
1558
1559
1521
1560
1522
1561
1523
1562
1524
1563
1525
1564
1526
1565
1527
1566
1528
1567
1529
1568
1530
1569
1531
1570
1532
1571
1533
1572
1534
1573
1535
1574
1536
1575
1537
1576
1538
1577
1539
1578
1540
1579
1541
1580
1542
1581
1543
1582
1544
1583
1545
1584
1546
1585
1547
1586
1548
1587
1549
1588
1550
1589
1551
1590
1552
1591
1553
1592
1554
1593
1555
1594
1556
1595
1557
1596
1558
1597
1559
1598
1599
1561
1600
1562
1601
1563
1602
1564
1603
1565
1604
1566
1605
1567
1606
1568
1607
1569
1608
1570
1609
1571
1610
1572
1611
1573
1612
1574
1613
1575
1614
1576
1615
1577
1616
1578
1617
1579
1618
1580
1619
1581
1620
1582
1621
1583
1622
1584
1623
1585
1624
1586
1625
1587
1626
1588
1627
1589
1628
1590
1629
1591
1630
1592
1631
1593
1632
1594
1633
1595
1634
1596
1635
1597
1636
1598
1637
1599
1638
1639
1601
1640
1602
1641
1603
1642
1604
1643
1605
1644
1606
1645
1607
1646
1608
1647
1609
1648
1610
1649
1611
1650
1612
1651
1613
1652
1614
1653
1615
1654
1616
1655
1617
1656
1618
1657
1619
1658
1620
1659
1621
1660
1622
1661
1623
1662
1624
1663
1625
1664
1626
1665
1627
1666
1628
1667
1629
1668
1630
1669
1631
1670
1632
1671
1633
1672
1634
1673
1635
1674
1636
1675
1637
1676
1638
1677
1639
1678
1679
1641
1680
1642
1681
1643
1682
1644
1683
1645
1684
1646
1685
1647
1686
1648
1687
1649
1688
1650
1689
1651
1690
1652
1691
1653
1692
1654
1693
1655
1694
1656
1695
1657
1696
1658
1697
1659
1698
1660
1699
1661
1700
1662
1701
1663
1702
1664
1703
1665
1704
1666
1705
1667
1706
1668
1707
1669
1708
1670
1709
1671
1710
1672
1711
1673
1712
1674
1713
1675
1714
1676
1715
1677
1716
1678
1717
1679
1718
1719
1681
1720
1682
1721
1683
1722
1684
1723
1685
1724
1686
1725
1687
1726
1688
1727
1689
1728
1690
1729
1691
1730
1692
1731
1693
1732
1694
1733
1695
1734
1696
1735
1697
1736
1698
1737
1699
1738
1700
1739
1701
1740
1702
1741
1703
1742
1704
1743
1705
1744
1706
1745
1707
1746
1708
1747
1709
1748
1710
1749
1711
1750
1712
1751
1713
1752
1714
1753
1715
1754
1716
1755
1717
1756
1718
1757
1719
1758
1759
1721
1760
1722
1761
1723
1762
1724
1763
1725
1764
1726
1765
1727
1766
1728
1767
1729
1768
1730
1769
1731
1770
1732
1771
1733
1772
1734
1773
1735
1774
1736
1775
1737
1776
1738
1777
1739
1778
1740
1779
1741
1780
1742
1781
1743
1782
1744
1783
1745
1784
1746
1785
1747
1786
1748
1787
1749
1788
1750
1789
1751
1790
1752
1791
1753
1792
1754
1793
1755
1794
1756
1795
1757
1796
1758
1797
1759
1798
1799
1761
1762
1763
1764
1765
1766
1767
1768
1769
1770
1771
1772
1773
1774
1775
1776
1777
1778
1779
1780
1781
1782
1783
1784
1785
1786
1787
1788
1789
1790
1791
1792
1793
1794
1795
1796
1797
1798
1799
)


// ************************************************************************* //
